threadsCount = 16
loopsCount = 78
15.709
3.296
threadsCount = 1
loopsCount = 78
Done
iterationNumber = 0
iterationNumber = 1
iterationNumber = 2
iterationNumber = 3
iterationNumber = 4
iterationNumber = 5
iterationNumber = 6
iterationNumber = 7
iterationNumber = 8
iterationNumber = 9
3.206
57.208
iteration  0
00:   2.937446 0.757279 1.493565 0.019753 0.272178 4.684038 
iteration  1
00:   2.859503 0.329879 0.460319 0.046097 0.076488 4.159843 
iteration  2
00:   2.815628 0.127213 0.124032 0.034300 0.022086 3.968842 
iteration  3
00:   2.801270 0.084036 0.050382 0.028432 0.010347 3.748224 
iteration  4
00:   2.656944 0.071639 0.036344 0.023342 0.007976 3.731200 
iteration  5
00:   2.650765 0.070388 0.034304 0.020846 0.007574 3.721529 
iteration  6
00:   2.611889 0.070209 0.033938 0.019309 0.007549 3.620535 
iteration  7
00:   2.354569 0.070229 0.033821 0.015976 0.007539 1.977099 
iteration  8
00:   0.617219 0.070402 0.033831 0.018496 0.007547 0.438971 
iteration  9
00:   0.006839 0.070374 0.033832 0.005655 0.007584 0.012876 
threadsCount = 2
loopsCount = 78
Done
iterationNumber = 0
iterationNumber = 1
iterationNumber = 2
iterationNumber = 3
iterationNumber = 4
iterationNumber = 5
iterationNumber = 6
iterationNumber = 7
iterationNumber = 8
1.795
30.917
iteration  0
00:   1.502135 0.375801 1.051106 0.028746 0.607199 2.410389 
01:   1.496678 0.375360 1.082697 0.028683 0.607209 2.405928 
iteration  1
00:   1.434462 0.167306 0.313531 0.033115 0.152803 2.139622 
01:   1.428696 0.167201 0.318379 0.033123 0.152808 2.139613 
iteration  2
00:   1.411137 0.065841 0.080335 0.028198 0.028371 2.038200 
01:   1.407970 0.065887 0.080660 0.028170 0.028361 2.037953 
iteration  3
00:   1.406367 0.045100 0.028909 0.023641 0.006868 2.006387 
01:   1.395514 0.045102 0.029108 0.023694 0.006868 2.009142 
iteration  4
00:   1.399350 0.040666 0.019737 0.019737 0.004557 1.997034 
01:   1.397874 0.040665 0.019814 0.019747 0.004555 1.998007 
iteration  5
00:   1.400789 0.040277 0.017930 0.018200 0.004309 2.015228 
01:   1.392660 0.040274 0.017926 0.018174 0.004307 1.586035 
iteration  6
00:   1.398166 0.040071 0.017559 0.014086 0.004120 2.090516 
01:   1.326778 0.040071 0.017519 0.014097 0.004117 0.519083 
iteration  7
00:   0.881158 0.040102 0.017708 0.015661 0.004086 0.754086 
01:   0.775476 0.040102 0.017694 0.015645 0.004088 0.368631 
iteration  8
00:   0.003540 0.040171 0.017711 0.002855 0.004142 0.008452 
01:   0.789675 0.040172 0.017669 0.002852 0.004140 0.008110 
/nethome/kalgin/z/mst/run.rand.sh: line 47: 167376 Killed                  ./turbobust_stub.out $i 16
threadsCount = 4
loopsCount = 78
Done
iterationNumber = 0
iterationNumber = 1
iterationNumber = 2
iterationNumber = 3
iterationNumber = 4
iterationNumber = 5
iterationNumber = 6
iterationNumber = 7
iterationNumber = 8
1.152
20.790
iteration  0
00:   0.815608 0.213993 0.712039 0.015368 1.003132 1.444200 
01:   0.813061 0.213994 0.728984 0.015398 1.003174 1.442266 
02:   0.810766 0.213744 0.732049 0.015405 1.003157 1.442483 
03:   0.810364 0.213850 0.729995 0.015393 1.003153 1.439264 
iteration  1
00:   0.779404 0.100154 0.209444 0.017373 0.255247 1.292135 
01:   0.779219 0.100045 0.211506 0.017388 0.255255 1.292097 
02:   0.775338 0.100219 0.212594 0.017390 0.255235 1.287660 
03:   0.773374 0.100123 0.211396 0.017414 0.255251 1.284512 
iteration  2
00:   0.769533 0.048001 0.053008 0.015176 0.052316 1.232419 
01:   0.767088 0.048013 0.052805 0.015219 0.052318 1.233422 
02:   0.764061 0.048058 0.052712 0.015234 0.052316 1.229312 
03:   0.762057 0.048031 0.052869 0.015235 0.052318 1.225052 
iteration  3
00:   0.765704 0.037321 0.017695 0.012929 0.007592 1.221101 
01:   0.764551 0.037331 0.017483 0.012959 0.007591 1.219377 
02:   0.761345 0.037329 0.017604 0.012977 0.007589 1.215946 
03:   0.758636 0.037324 0.017626 0.012971 0.007591 1.210932 
iteration  4
00:   0.766006 0.035412 0.011385 0.010916 0.002953 1.202389 
01:   0.762072 0.035408 0.011285 0.010919 0.002954 1.222614 
02:   0.759747 0.035415 0.011206 0.010906 0.002952 1.215939 
03:   0.755289 0.035413 0.011320 0.010909 0.002953 1.197203 
iteration  5
00:   0.758460 0.035294 0.010077 0.010196 0.002735 0.971834 
01:   0.768793 0.035295 0.010029 0.010229 0.002741 0.750289 
02:   0.762603 0.035293 0.010163 0.010202 0.002742 1.168837 
03:   0.750297 0.035293 0.010080 0.010210 0.002742 1.111142 
iteration  6
00:   0.710829 0.035184 0.010011 0.008752 0.002624 0.452058 
01:   0.651355 0.035184 0.010087 0.008759 0.002628 0.488148 
02:   0.760550 0.035184 0.010066 0.008754 0.002629 0.637824 
03:   0.772805 0.035185 0.010005 0.008771 0.002627 0.426372 
iteration  7
00:   0.210848 0.035023 0.009848 0.006876 0.002586 0.134284 
01:   0.157383 0.034995 0.009758 0.006906 0.002590 0.224117 
02:   0.108363 0.034993 0.009811 0.006877 0.002594 1.336715 
03:   1.249467 0.035028 0.009786 0.006877 0.002592 0.108464 
iteration  8
00:   1.255871 0.035470 0.010059 0.001481 0.002644 0.005826 
01:   0.002848 0.035400 0.009917 0.001489 0.002648 0.006532 
02:   0.002842 0.035428 0.009905 0.001488 0.002647 0.006525 
03:   0.002782 0.035428 0.009874 0.001486 0.002647 0.006862 
/nethome/kalgin/z/mst/run.rand.sh: line 47: 167394 Killed                  ./turbobust_stub.out $i 16
threadsCount = 8
loopsCount = 78
Done
iterationNumber = 0
iterationNumber = 1
iterationNumber = 2
iterationNumber = 3
iterationNumber = 4
iterationNumber = 5
iterationNumber = 6
iterationNumber = 7
iterationNumber = 8
0.934
15.787
iteration  0
00:   0.472547 0.140424 0.456417 0.007657 0.869055 1.129679 
01:   0.473075 0.140156 0.464755 0.007659 0.869059 1.129642 
02:   0.470053 0.140398 0.465979 0.007655 0.869010 1.129648 
03:   0.466936 0.140297 0.467509 0.007652 0.868995 1.127867 
04:   0.469887 0.140186 0.470119 0.007655 0.868979 1.127913 
05:   0.467528 0.140302 0.469723 0.007662 0.868921 1.125123 
06:   0.469100 0.140339 0.469654 0.007658 0.868934 1.122785 
07:   0.473189 0.140103 0.471563 0.007654 0.868961 1.120536 
iteration  1
00:   0.451346 0.071096 0.136988 0.009169 0.219535 1.058019 
01:   0.450501 0.071097 0.137170 0.009170 0.219536 1.057967 
02:   0.449624 0.071064 0.137664 0.009176 0.219525 1.057939 
03:   0.448785 0.070975 0.138396 0.009169 0.219539 1.057921 
04:   0.448577 0.071082 0.138689 0.009159 0.219535 1.056304 
05:   0.449195 0.071120 0.138418 0.009172 0.219530 1.055266 
06:   0.447775 0.071069 0.138714 0.009173 0.219517 1.054986 
07:   0.449728 0.071045 0.138131 0.009173 0.219488 1.052636 
iteration  2
00:   0.445486 0.042668 0.035172 0.007998 0.045968 1.017595 
01:   0.444866 0.042637 0.035015 0.007995 0.045973 1.018469 
02:   0.442499 0.042659 0.035633 0.007976 0.045975 1.017756 
03:   0.442155 0.042660 0.035550 0.007999 0.045976 1.017763 
04:   0.442530 0.042661 0.035258 0.007984 0.045970 1.017806 
05:   0.442414 0.042643 0.035242 0.007996 0.045979 1.016633 
06:   0.442240 0.042671 0.035572 0.007999 0.045964 1.015573 
07:   0.443156 0.042631 0.035533 0.008001 0.045978 1.015656 
iteration  3
00:   0.445224 0.037196 0.011892 0.006793 0.008482 1.005283 
01:   0.443786 0.037201 0.011703 0.006790 0.008481 1.009409 
02:   0.442974 0.037202 0.011711 0.006796 0.008483 1.009664 
03:   0.441320 0.037196 0.011591 0.006800 0.008483 1.008687 
04:   0.442871 0.037206 0.011695 0.006801 0.008474 1.010641 
05:   0.442243 0.037200 0.011771 0.006794 0.008482 1.009397 
06:   0.442929 0.037195 0.011709 0.006807 0.008482 1.005190 
07:   0.443195 0.037201 0.011757 0.006794 0.008484 1.010891 
iteration  4
00:   0.441631 0.036533 0.007755 0.005691 0.002697 0.974782 
01:   0.443024 0.036533 0.007676 0.005696 0.002694 1.009151 
02:   0.440845 0.036533 0.007685 0.005697 0.002698 0.965612 
03:   0.439479 0.036533 0.007724 0.005693 0.002698 0.978052 
04:   0.441257 0.036535 0.007779 0.005697 0.002692 1.033642 
05:   0.440319 0.036534 0.007772 0.005696 0.002699 0.992358 
06:   0.439095 0.036532 0.007564 0.005703 0.002695 0.977787 
07:   0.442703 0.036535 0.007657 0.005699 0.002700 1.019536 
iteration  5
00:   0.425599 0.036278 0.007346 0.005092 0.002635 0.732070 
01:   0.448653 0.036277 0.007335 0.005086 0.002634 0.798350 
02:   0.420445 0.036277 0.007254 0.005087 0.002632 0.432263 
03:   0.426781 0.036276 0.007373 0.005074 0.002636 0.883464 
04:   0.463446 0.036277 0.007352 0.005078 0.002637 0.889014 
05:   0.436272 0.036277 0.007280 0.005092 0.002637 0.858367 
06:   0.428187 0.036276 0.007267 0.005076 0.002636 0.823933 
07:   0.456744 0.036278 0.007290 0.005085 0.002638 0.899414 
iteration  6
00:   0.397702 0.036662 0.007374 0.004645 0.002705 0.597669 
01:   0.486870 0.036663 0.007287 0.004647 0.002704 0.506513 
02:   0.441863 0.036662 0.007295 0.004654 0.002707 0.539295 
03:   0.398153 0.036662 0.007349 0.004636 0.002705 0.602633 
04:   0.400205 0.036662 0.007389 0.004637 0.002706 0.453844 
05:   0.413959 0.036661 0.007379 0.004642 0.002705 0.492326 
06:   0.380289 0.036661 0.007338 0.004646 0.002705 0.494694 
07:   0.409200 0.036661 0.007341 0.004655 0.002702 0.557742 
iteration  7
00:   0.071620 0.036525 0.007395 0.002002 0.002645 0.098103 
01:   0.002312 0.036446 0.007443 0.001998 0.002645 0.051692 
02:   0.123185 0.036445 0.007471 0.002004 0.002645 1.406734 
03:   0.086830 0.036443 0.007432 0.001999 0.002642 0.093332 
04:   0.142479 0.036540 0.007440 0.001993 0.002640 0.093305 
05:   0.072990 0.036442 0.007312 0.002001 0.002646 0.150599 
06:   1.084673 0.036542 0.007345 0.002000 0.002649 0.097400 
07:   0.002268 0.036442 0.007271 0.002004 0.002649 0.133398 
iteration  8
00:   0.003603 0.036460 0.007409 0.000759 0.002594 0.006221 
01:   0.003616 0.036405 0.007442 0.000762 0.002611 0.007478 
02:   0.686190 0.036461 0.007458 0.000760 0.002608 0.007506 
03:   0.003585 0.036404 0.007453 0.000765 0.002608 0.006987 
04:   0.003584 0.036393 0.007284 0.000764 0.002589 0.007467 
05:   0.003586 0.036338 0.007350 0.000764 0.002612 0.007453 
06:   0.003586 0.036337 0.007247 0.000767 0.002607 0.006955 
07:   0.003561 0.036337 0.007358 0.000765 0.002591 0.007166 
/nethome/kalgin/z/mst/run.rand.sh: line 47: 167413 Killed                  ./turbobust_stub.out $i 16
threadsCount = 16
loopsCount = 78
Done
iterationNumber = 0
iterationNumber = 1
iterationNumber = 2
iterationNumber = 3
iterationNumber = 4
iterationNumber = 5
iterationNumber = 6
iterationNumber = 7
iterationNumber = 8
0.688
13.192
iteration  0
00:   0.350803 0.124850 0.356147 0.006888 1.400526 0.679800 
01:   0.351162 0.124726 0.368468 0.006891 1.400488 0.677841 
02:   0.306853 0.124836 0.334927 0.006892 1.400451 0.662803 
03:   0.350932 0.124806 0.368909 0.006878 1.400411 0.679586 
04:   0.349771 0.124886 0.366586 0.006881 1.400451 0.678382 
05:   0.309036 0.125075 0.338764 0.006866 1.400475 0.662289 
06:   0.349206 0.124820 0.370103 0.006909 1.400489 0.673949 
07:   0.348499 0.124849 0.372386 0.006873 1.400441 0.673354 
08:   0.231364 0.114109 0.300644 0.006904 1.396938 0.599791 
09:   0.230305 0.114024 0.289871 0.006863 1.396828 0.599845 
10:   0.256068 0.114196 0.318029 0.006873 1.396918 0.599745 
11:   0.255844 0.114218 0.314208 0.006875 1.396866 0.599686 
12:   0.256207 0.114323 0.314006 0.006874 1.396954 0.599645 
13:   0.254712 0.114234 0.314976 0.006850 1.396906 0.599569 
14:   0.255608 0.113985 0.318359 0.006872 1.396883 0.599560 
15:   0.259407 0.114089 0.315222 0.006852 1.396957 0.598950 
iteration  1
00:   0.266473 0.064151 0.107108 0.009688 0.336769 0.605619 
01:   0.265275 0.064124 0.109444 0.009723 0.336789 0.607158 
02:   0.265816 0.064206 0.099490 0.009674 0.336771 0.608906 
03:   0.265619 0.064152 0.109413 0.009672 0.336783 0.608907 
04:   0.265434 0.064048 0.109041 0.009718 0.336760 0.605343 
05:   0.264490 0.064101 0.099683 0.009642 0.336798 0.609016 
06:   0.264177 0.064085 0.109961 0.009697 0.336793 0.603307 
07:   0.264078 0.064055 0.110667 0.009687 0.336784 0.603558 
08:   0.229715 0.061864 0.090844 0.009734 0.336072 0.568249 
09:   0.228288 0.061939 0.087970 0.009703 0.336098 0.568179 
10:   0.228169 0.062010 0.095398 0.009691 0.336071 0.568115 
11:   0.228028 0.062004 0.093295 0.009731 0.336051 0.568033 
12:   0.229086 0.062017 0.093416 0.009678 0.336068 0.568129 
13:   0.227906 0.061951 0.094159 0.009656 0.336052 0.568169 
14:   0.227653 0.061497 0.094028 0.009752 0.336062 0.568118 
15:   0.227783 0.061954 0.094278 0.009678 0.336075 0.565480 
iteration  2
00:   0.261994 0.044077 0.028799 0.007027 0.065143 0.589350 
01:   0.262973 0.044068 0.029388 0.007027 0.065098 0.588958 
02:   0.262091 0.044083 0.026186 0.006987 0.065092 0.587957 
03:   0.261736 0.044029 0.029578 0.006981 0.065079 0.586258 
04:   0.262526 0.044072 0.029170 0.007004 0.065122 0.587270 
05:   0.265068 0.044061 0.026743 0.007012 0.065146 0.584573 
06:   0.261860 0.044036 0.029579 0.007017 0.065075 0.584305 
07:   0.261300 0.044030 0.029607 0.007019 0.065087 0.582823 
08:   0.227570 0.043814 0.023212 0.006971 0.064996 0.550835 
09:   0.226710 0.043810 0.022925 0.006998 0.065012 0.551229 
10:   0.225750 0.043831 0.024412 0.006982 0.065020 0.550565 
11:   0.225755 0.043825 0.023912 0.006986 0.065020 0.551810 
12:   0.225666 0.043823 0.023939 0.006990 0.065018 0.551902 
13:   0.225846 0.043820 0.023856 0.006998 0.065031 0.551500 
14:   0.226046 0.043741 0.023872 0.006984 0.064996 0.549789 
15:   0.225196 0.043815 0.024129 0.006969 0.065011 0.550134 
iteration  3
00:   0.262093 0.040485 0.011870 0.004232 0.010956 0.577179 
01:   0.261288 0.040488 0.011785 0.004246 0.010982 0.574391 
02:   0.262021 0.040487 0.010886 0.004238 0.010978 0.574401 
03:   0.259738 0.040485 0.011882 0.004231 0.010968 0.581119 
04:   0.260546 0.040484 0.011859 0.004254 0.010987 0.578774 
05:   0.260288 0.040476 0.010998 0.004303 0.010985 0.583281 
06:   0.259716 0.040472 0.011907 0.004255 0.010985 0.576198 
07:   0.259396 0.040475 0.011588 0.004251 0.010985 0.576986 
08:   0.226155 0.040474 0.007630 0.004305 0.010955 0.535029 
09:   0.226202 0.040474 0.007459 0.004281 0.010944 0.537328 
10:   0.224738 0.040470 0.007548 0.004253 0.010953 0.540087 
11:   0.225603 0.040468 0.007458 0.004262 0.010956 0.531501 
12:   0.225723 0.040467 0.007484 0.004266 0.010948 0.541509 
13:   0.225303 0.040455 0.007704 0.004288 0.010953 0.542733 
14:   0.224825 0.040453 0.007625 0.004260 0.010955 0.533530 
15:   0.225771 0.040454 0.007640 0.004262 0.010958 0.544274 
iteration  4
00:   0.260619 0.039965 0.009663 0.003104 0.003058 0.579522 
01:   0.257099 0.039964 0.009694 0.003136 0.003051 0.534253 
02:   0.257329 0.039963 0.009477 0.003046 0.003063 0.558315 
03:   0.261090 0.039964 0.009716 0.003077 0.003027 0.595614 
04:   0.260109 0.039964 0.009629 0.003060 0.003065 0.511790 
05:   0.264200 0.039965 0.009581 0.003072 0.003065 0.556621 
06:   0.258327 0.039965 0.009716 0.003079 0.003063 0.570465 
07:   0.259291 0.039966 0.009713 0.003066 0.003064 0.572437 
08:   0.223380 0.039963 0.005112 0.003090 0.003041 0.533694 
09:   0.223513 0.039962 0.005191 0.003153 0.003021 0.518763 
10:   0.224706 0.039963 0.005127 0.003051 0.003035 0.552903 
11:   0.218567 0.039963 0.005090 0.003079 0.003037 0.504907 
12:   0.225329 0.039962 0.005025 0.003058 0.003039 0.523784 
13:   0.225149 0.039962 0.005133 0.003099 0.003024 0.540918 
14:   0.221281 0.039962 0.005143 0.003051 0.003036 0.480611 
15:   0.226715 0.039962 0.005127 0.003059 0.003041 0.562750 
iteration  5
00:   0.268488 0.039916 0.009463 0.002729 0.003019 0.410451 
01:   0.239395 0.039915 0.009429 0.002637 0.003011 0.306153 
02:   0.254077 0.039915 0.009407 0.002673 0.002995 0.433803 
03:   0.280622 0.039916 0.009486 0.002640 0.002966 0.472182 
04:   0.227667 0.039915 0.009482 0.002648 0.002993 0.599669 
05:   0.255449 0.039914 0.009378 0.002675 0.003027 0.510855 
06:   0.261045 0.039915 0.009469 0.002692 0.002964 0.418765 
07:   0.264398 0.039915 0.009476 0.002641 0.002971 0.498689 
08:   0.227534 0.039915 0.004880 0.002629 0.002975 0.608719 
09:   0.216890 0.039915 0.004774 0.002643 0.002967 0.446984 
10:   0.238336 0.039915 0.004824 0.002636 0.002964 0.358494 
11:   0.209782 0.039915 0.004869 0.002628 0.003013 0.454637 
12:   0.219843 0.039915 0.004814 0.002693 0.002983 0.473029 
13:   0.229128 0.039916 0.004802 0.002621 0.002981 0.297152 
14:   0.199001 0.039916 0.004774 0.002622 0.002964 0.375215 
15:   0.244567 0.039916 0.004824 0.002668 0.002964 0.423591 
iteration  6
00:   0.182457 0.039827 0.009481 0.002260 0.003046 0.217699 
01:   0.174872 0.039828 0.009485 0.002255 0.003068 0.256833 
02:   0.308407 0.039827 0.009441 0.002266 0.003071 0.215490 
03:   0.225205 0.039827 0.009463 0.002263 0.003038 0.183749 
04:   0.356980 0.039828 0.009474 0.002282 0.003050 0.277267 
05:   0.268076 0.039827 0.009468 0.002262 0.003027 0.237576 
06:   0.182144 0.039828 0.009469 0.002238 0.003090 0.305466 
07:   0.287047 0.039828 0.009427 0.002262 0.003034 0.319028 
08:   0.376363 0.039828 0.004935 0.002270 0.003057 0.349195 
09:   0.185471 0.039827 0.004924 0.002290 0.003065 0.348353 
10:   0.184182 0.039827 0.004945 0.002297 0.003060 0.317539 
11:   0.191753 0.039827 0.004865 0.002281 0.003042 0.244041 
12:   0.204731 0.039827 0.004889 0.002264 0.003054 0.230277 
13:   0.105908 0.039826 0.004881 0.002281 0.003089 0.254645 
14:   0.139290 0.039827 0.004835 0.002281 0.003030 0.216061 
15:   0.169976 0.039827 0.004889 0.002243 0.003063 0.280910 
iteration  7
00:   0.192185 0.040782 0.009577 0.001768 0.002991 0.008018 
01:   0.047879 0.040748 0.009554 0.001723 0.002960 0.040675 
02:   0.115189 0.040746 0.009549 0.001742 0.002944 0.008473 
03:   0.001240 0.040744 0.009573 0.001749 0.002943 1.495062 
04:   0.001240 0.040738 0.009559 0.001775 0.002958 0.041327 
05:   0.001241 0.040691 0.009560 0.001786 0.002945 0.008488 
06:   0.063270 0.040689 0.009570 0.001760 0.002980 0.057695 
07:   0.189218 0.040688 0.009571 0.001726 0.002946 0.089102 
08:   1.008324 0.040794 0.004850 0.001772 0.002993 0.008370 
09:   0.002081 0.040694 0.004821 0.001740 0.002953 0.062026 
10:   0.002079 0.040695 0.004795 0.001731 0.002945 0.008343 
11:   0.002076 0.040694 0.004817 0.001738 0.002991 0.037283 
12:   0.002073 0.040680 0.004773 0.001731 0.002972 0.130606 
13:   0.044697 0.040627 0.004778 0.001757 0.002950 0.008341 
14:   0.002059 0.040625 0.004782 0.001744 0.002960 0.114586 
15:   0.002062 0.040624 0.004751 0.001759 0.002949 0.030205 
iteration  8
00:   0.001623 0.040733 0.009451 0.000510 0.002981 0.007714 
01:   0.001616 0.040643 0.009446 0.000472 0.002967 0.008851 
02:   0.001625 0.040642 0.009457 0.000498 0.002965 0.008807 
03:   0.001587 0.040641 0.009402 0.000511 0.003007 0.008840 
04:   0.001600 0.040733 0.009469 0.000523 0.002971 0.007729 
05:   0.001599 0.040641 0.009449 0.000510 0.002960 0.008819 
06:   1.296895 0.040748 0.009462 0.000487 0.002976 0.008837 
07:   0.001499 0.040642 0.009402 0.000478 0.002962 0.008399 
08:   0.001792 0.040668 0.004867 0.000474 0.002962 0.008991 
09:   0.001763 0.040576 0.004853 0.000493 0.002960 0.009012 
10:   0.001761 0.040575 0.004866 0.000503 0.002988 0.009006 
11:   0.001777 0.040574 0.004887 0.000526 0.002958 0.008997 
12:   0.001791 0.040667 0.004847 0.000484 0.002959 0.009006 
13:   0.001757 0.040573 0.004810 0.000490 0.003000 0.008984 
14:   0.001788 0.040572 0.004748 0.000482 0.002959 0.008943 
15:   0.001766 0.040570 0.004780 0.000511 0.002957 0.007833 
/nethome/kalgin/z/mst/run.rand.sh: line 47: 167431 Killed                  ./turbobust_stub.out $i 16
/nethome/kalgin/z/mst/run.rand.sh: line 47: 167450 Segmentation fault      (core dumped) ./turbobust_stub.out $i 16
/nethome/kalgin/z/mst/run.rand.sh: line 62: kill: (167450) - No such process
ls: cannot access /tmp/data.bin: No such file or directory
ls: cannot access /tmp/data.bin: No such file or directory
