threadsCount = 16
loopsCount = 2164
7.585
3.795
threadsCount = 1
loopsCount = 2164
Done
iterationNumber = 0
iterationNumber = 1
iterationNumber = 2
iterationNumber = 3
iterationNumber = 4
iterationNumber = 5
iterationNumber = 6
6.143
3.468
iteration  0
00:   0.311487 0.000000 0.077261 0.072127 0.424648 
iteration  1
00:   0.278955 0.000000 0.033693 0.070368 0.149909 
iteration  2
00:   0.175355 0.000000 0.013238 0.052482 0.078779 
iteration  3
00:   0.144123 0.000000 0.007556 0.044800 0.071476 
iteration  4
00:   0.110290 0.024497 0.007068 0.041950 0.063431 
iteration  5
00:   0.020412 0.121027 0.007045 0.035371 0.067218 
iteration  6
00:   0.010171 0.907075 0.006933 0.006005 0.010198 
threadsCount = 2
loopsCount = 2164
Done
iterationNumber = 0
iterationNumber = 1
iterationNumber = 2
iterationNumber = 3
iterationNumber = 4
iterationNumber = 5
iterationNumber = 6
3.333
1.989
iteration  0
00:   0.164865 0.000000 0.041892 0.039954 0.228671 
01:   0.167944 0.000000 0.041765 0.039816 0.223255 
iteration  1
00:   0.147421 0.000000 0.017597 0.038090 0.105006 
01:   0.139597 0.000000 0.017376 0.038087 0.103876 
iteration  2
00:   0.094451 0.000000 0.007129 0.026675 0.061982 
01:   0.087035 0.000000 0.006994 0.026696 0.060176 
iteration  3
00:   0.077785 0.000000 0.003963 0.022522 0.058877 
01:   0.071565 0.000000 0.003932 0.022529 0.058008 
iteration  4
00:   0.060780 0.013356 0.003666 0.021691 0.056881 
01:   0.053756 0.013346 0.003674 0.021729 0.045142 
iteration  5
00:   0.012809 0.063737 0.003622 0.018190 0.066578 
01:   0.008779 0.063551 0.003619 0.018087 0.005248 
iteration  6
00:   0.005586 0.479272 0.003547 0.003031 0.010241 
01:   0.005663 0.482402 0.003554 0.003034 0.005240 
/nethome/kalgin/z/mst/run.xeon.sh: line 45: 179053 Killed                  ./turbobust_stub.out $i 16
threadsCount = 4
loopsCount = 2164
Done
iterationNumber = 0
iterationNumber = 1
iterationNumber = 2
iterationNumber = 3
iterationNumber = 4
iterationNumber = 5
iterationNumber = 6
1.887
1.247
iteration  0
00:   0.097992 0.000000 0.024381 0.020518 0.134182 
01:   0.099741 0.000000 0.024399 0.020527 0.144721 
02:   0.099044 0.000000 0.024364 0.020565 0.143758 
03:   0.099740 0.000000 0.024170 0.020514 0.137123 
iteration  1
00:   0.080726 0.000000 0.009608 0.019642 0.071888 
01:   0.079880 0.000000 0.009579 0.019727 0.081195 
02:   0.077956 0.000000 0.009464 0.019764 0.081196 
03:   0.074541 0.000000 0.009381 0.019748 0.071814 
iteration  2
00:   0.051679 0.000000 0.004009 0.015237 0.038156 
01:   0.050721 0.000000 0.003967 0.015254 0.049260 
02:   0.048673 0.000000 0.003934 0.015314 0.049647 
03:   0.045798 0.000000 0.003821 0.015307 0.037964 
iteration  3
00:   0.040667 0.000000 0.002236 0.011304 0.039253 
01:   0.044247 0.000000 0.002218 0.011280 0.046119 
02:   0.041601 0.000000 0.002224 0.011295 0.049015 
03:   0.036660 0.000000 0.002198 0.011327 0.039323 
iteration  4
00:   0.031836 0.008434 0.002047 0.010783 0.054077 
01:   0.034363 0.008655 0.002045 0.010777 0.038435 
02:   0.036432 0.008630 0.002042 0.010795 0.029524 
03:   0.021773 0.008625 0.002038 0.010827 0.039496 
iteration  5
00:   0.008752 0.035455 0.002063 0.008970 0.066786 
01:   0.005323 0.035382 0.002083 0.008999 0.005214 
02:   0.006678 0.035225 0.002061 0.008958 0.005215 
03:   0.003205 0.034907 0.002068 0.008967 0.005214 
iteration  6
00:   0.003359 0.262161 0.001952 0.001508 0.010243 
01:   0.003382 0.263965 0.001976 0.001538 0.005194 
02:   0.003407 0.264183 0.001944 0.001540 0.005194 
03:   0.003428 0.263398 0.001978 0.001536 0.005195 
/nethome/kalgin/z/mst/run.xeon.sh: line 45: 179071 Killed                  ./turbobust_stub.out $i 16
threadsCount = 8
loopsCount = 2164
Done
iterationNumber = 0
iterationNumber = 1
iterationNumber = 2
iterationNumber = 3
iterationNumber = 4
iterationNumber = 5
iterationNumber = 6
1.795
1.067
iteration  0
00:   0.074408 0.000000 0.018911 0.011930 0.175817 
01:   0.079494 0.000000 0.018863 0.011923 0.214159 
02:   0.079655 0.000000 0.018877 0.011935 0.215764 
03:   0.080194 0.000000 0.019012 0.011904 0.213847 
04:   0.079154 0.000000 0.018863 0.011918 0.213862 
05:   0.078821 0.000001 0.018832 0.011917 0.213589 
06:   0.078863 0.000000 0.018597 0.011929 0.206777 
07:   0.081157 0.000000 0.018651 0.011923 0.205610 
iteration  1
00:   0.049736 0.000000 0.006958 0.011420 0.074057 
01:   0.049616 0.000000 0.007021 0.011427 0.077279 
02:   0.049924 0.000000 0.006988 0.011432 0.082704 
03:   0.048291 0.000000 0.006924 0.011442 0.086554 
04:   0.048408 0.000000 0.006899 0.011428 0.086551 
05:   0.047889 0.000000 0.006845 0.011420 0.082682 
06:   0.046666 0.000000 0.006762 0.011420 0.076842 
07:   0.045892 0.000000 0.006654 0.011436 0.076708 
iteration  2
00:   0.031230 0.000000 0.002819 0.007822 0.032956 
01:   0.031624 0.000000 0.002879 0.007804 0.033956 
02:   0.031147 0.000000 0.002875 0.007821 0.043553 
03:   0.030465 0.000000 0.002832 0.007823 0.046010 
04:   0.030006 0.000000 0.002827 0.007819 0.048565 
05:   0.029526 0.000000 0.002803 0.007814 0.039777 
06:   0.028051 0.000000 0.002681 0.007819 0.033317 
07:   0.028345 0.000000 0.002759 0.007830 0.032961 
iteration  3
00:   0.024998 0.000000 0.001887 0.006550 0.033096 
01:   0.025264 0.000000 0.001910 0.006544 0.040117 
02:   0.027559 0.000000 0.001871 0.006541 0.040118 
03:   0.026502 0.000000 0.001869 0.006560 0.042599 
04:   0.029010 0.000000 0.001893 0.006510 0.042161 
05:   0.022356 0.000000 0.001873 0.006543 0.044381 
06:   0.020834 0.000000 0.001806 0.006545 0.036813 
07:   0.024836 0.000000 0.001877 0.006554 0.034420 
iteration  4
00:   0.021874 0.008840 0.001772 0.006416 0.019692 
01:   0.017187 0.008821 0.001787 0.006417 0.060989 
02:   0.019821 0.008834 0.001770 0.006426 0.032069 
03:   0.022125 0.008728 0.001762 0.006422 0.037762 
04:   0.021799 0.008848 0.001768 0.006420 0.022254 
05:   0.023083 0.008724 0.001782 0.006417 0.033937 
06:   0.017577 0.008728 0.001734 0.006418 0.039263 
07:   0.009574 0.008704 0.001767 0.006421 0.028965 
iteration  5
00:   0.008034 0.023486 0.001761 0.005254 0.006872 
01:   0.003545 0.023504 0.001778 0.005240 0.073653 
02:   0.002745 0.023462 0.001723 0.005249 0.005911 
03:   0.005096 0.023390 0.001719 0.005250 0.005909 
04:   0.002727 0.023431 0.001757 0.005238 0.005911 
05:   0.006436 0.023424 0.001763 0.005239 0.005911 
06:   0.002661 0.023295 0.001712 0.005249 0.005909 
07:   0.002666 0.023136 0.001765 0.005230 0.005911 
iteration  6
00:   0.003003 0.156287 0.001564 0.000787 0.006056 
01:   0.003015 0.155993 0.001605 0.000786 0.010282 
02:   0.003021 0.155954 0.001577 0.000790 0.005194 
03:   0.003020 0.157474 0.001575 0.000791 0.005193 
04:   0.002948 0.157392 0.001570 0.000777 0.005193 
05:   0.002900 0.156530 0.001590 0.000790 0.005193 
06:   0.002999 0.156406 0.001530 0.000790 0.005194 
07:   0.002752 0.156737 0.001587 0.000790 0.005195 
/nethome/kalgin/z/mst/run.xeon.sh: line 45: 179089 Killed                  ./turbobust_stub.out $i 16
threadsCount = 16
loopsCount = 2164
Done
iterationNumber = 0
iterationNumber = 1
iterationNumber = 2
iterationNumber = 3
iterationNumber = 4
iterationNumber = 5
iterationNumber = 6
4.628
1.140
iteration  0
00:   0.040119 0.000000 0.010074 0.010950 0.244265 
01:   0.041131 0.000000 0.010072 0.010907 0.350666 
02:   0.041063 0.000000 0.010067 0.010931 0.350711 
03:   0.041525 0.000000 0.010015 0.010966 0.351531 
04:   0.041040 0.000000 0.010101 0.010900 0.351661 
05:   0.041092 0.000000 0.010084 0.010984 0.353655 
06:   0.041471 0.000000 0.010299 0.010989 0.351144 
07:   0.041208 0.000000 0.010561 0.011023 0.349535 
08:   0.042105 0.000000 0.011335 0.011000 0.356292 
09:   0.042136 0.000000 0.011331 0.010943 0.355015 
10:   0.041863 0.000000 0.011299 0.010909 0.356046 
11:   0.041786 0.000000 0.011220 0.010947 0.352263 
12:   0.041940 0.000000 0.011241 0.011000 0.352016 
13:   0.041712 0.000000 0.011258 0.010912 0.343239 
14:   0.042292 0.000000 0.011265 0.010988 0.341337 
15:   0.042642 0.000000 0.011185 0.010939 0.338268 
iteration  1
00:   0.028237 0.000000 0.003690 0.009635 0.153482 
01:   0.028548 0.000000 0.003665 0.009650 0.173905 
02:   0.028253 0.000000 0.003650 0.009611 0.177466 
03:   0.028277 0.000000 0.003603 0.009611 0.182535 
04:   0.028455 0.000000 0.003667 0.009634 0.185822 
05:   0.028667 0.000000 0.003640 0.009633 0.186028 
06:   0.028116 0.000000 0.004044 0.009570 0.188913 
07:   0.027159 0.000000 0.004335 0.009582 0.189259 
08:   0.025856 0.000000 0.004005 0.009653 0.199350 
09:   0.025344 0.000000 0.003998 0.009611 0.199277 
10:   0.025751 0.000000 0.003986 0.009620 0.196462 
11:   0.024950 0.000000 0.003988 0.009617 0.194464 
12:   0.024944 0.000000 0.003971 0.009681 0.191896 
13:   0.024397 0.000000 0.003928 0.009574 0.190689 
14:   0.024274 0.000000 0.003893 0.009575 0.190635 
15:   0.024008 0.000000 0.003892 0.009643 0.184438 
iteration  2
00:   0.018310 0.000000 0.001222 0.004823 0.028284 
01:   0.019338 0.000000 0.001205 0.004809 0.035620 
02:   0.018957 0.000000 0.001242 0.004829 0.035428 
03:   0.019019 0.000000 0.001227 0.004816 0.036583 
04:   0.018884 0.000000 0.001227 0.004822 0.036730 
05:   0.018672 0.000000 0.001235 0.004814 0.043080 
06:   0.018947 0.000000 0.001360 0.004808 0.042833 
07:   0.018088 0.000000 0.001500 0.004826 0.044776 
08:   0.015655 0.000000 0.001499 0.004817 0.048342 
09:   0.016495 0.000000 0.001517 0.004795 0.047883 
10:   0.016196 0.000000 0.001492 0.004807 0.038984 
11:   0.015628 0.000000 0.001466 0.004770 0.035631 
12:   0.014683 0.000000 0.001462 0.004787 0.035318 
13:   0.015421 0.000000 0.001487 0.004786 0.035701 
14:   0.015397 0.000000 0.001463 0.004812 0.035605 
15:   0.014794 0.000000 0.001443 0.004789 0.035327 
iteration  3
00:   0.011765 0.000000 0.000701 0.003482 0.028630 
01:   0.018149 0.000000 0.000704 0.003493 0.027749 
02:   0.014195 0.000000 0.000694 0.003509 0.031541 
03:   0.016029 0.000000 0.000673 0.003499 0.035667 
04:   0.015049 0.000000 0.000704 0.003561 0.025214 
05:   0.018465 0.000000 0.000676 0.003488 0.041399 
06:   0.014781 0.000000 0.000714 0.003497 0.035509 
07:   0.017682 0.000000 0.000772 0.003467 0.040652 
08:   0.015128 0.000000 0.000819 0.003508 0.040647 
09:   0.015813 0.000000 0.000836 0.003497 0.037074 
10:   0.012151 0.000000 0.000807 0.003483 0.038294 
11:   0.011930 0.000000 0.000830 0.003491 0.040449 
12:   0.009002 0.000000 0.000803 0.003546 0.026831 
13:   0.013169 0.000000 0.000820 0.003483 0.038649 
14:   0.013955 0.000000 0.000803 0.003517 0.030586 
15:   0.012387 0.000000 0.000805 0.003540 0.031938 
iteration  4
00:   0.013575 0.006903 0.000855 0.003145 0.007337 
01:   0.012777 0.006934 0.000900 0.003166 0.019178 
02:   0.008934 0.006813 0.000896 0.003148 0.053194 
03:   0.011312 0.006843 0.000893 0.003161 0.036692 
04:   0.006626 0.006799 0.000900 0.003175 0.027279 
05:   0.016830 0.006661 0.000890 0.003121 0.032209 
06:   0.011757 0.006290 0.000899 0.003179 0.032450 
07:   0.015194 0.006260 0.000894 0.003173 0.031237 
08:   0.012729 0.006537 0.001071 0.003109 0.022036 
09:   0.010133 0.006500 0.001085 0.003152 0.022062 
10:   0.012593 0.006451 0.001072 0.003165 0.022536 
11:   0.012327 0.006216 0.001072 0.003115 0.032798 
12:   0.005189 0.006384 0.001051 0.003154 0.042675 
13:   0.013137 0.006192 0.001089 0.003220 0.011018 
14:   0.005091 0.006324 0.001040 0.003160 0.032506 
15:   0.005133 0.006059 0.000997 0.003108 0.006027 
iteration  5
00:   0.001043 0.016547 0.000610 0.002679 0.006918 
01:   0.008173 0.016626 0.000608 0.002671 0.006902 
02:   0.002114 0.016629 0.000618 0.002664 0.075189 
03:   0.000986 0.016628 0.000602 0.002694 0.006368 
04:   0.001022 0.016619 0.000612 0.002729 0.006337 
05:   0.000992 0.016584 0.000609 0.002696 0.006340 
06:   0.001262 0.015758 0.000611 0.002705 0.006335 
07:   0.004274 0.015769 0.000812 0.002730 0.006335 
08:   0.001323 0.014455 0.000824 0.002708 0.006370 
09:   0.001260 0.014469 0.000793 0.002728 0.005830 
10:   0.001636 0.014507 0.000827 0.002684 0.005851 
11:   0.005346 0.014497 0.000813 0.002697 0.005852 
12:   0.001322 0.014470 0.000838 0.002717 0.005854 
13:   0.001300 0.014177 0.000829 0.002666 0.005821 
14:   0.001275 0.014133 0.000830 0.002691 0.005825 
15:   0.001197 0.014086 0.000796 0.002730 0.005821 
iteration  6
00:   0.001094 0.112684 0.000599 0.000516 0.006483 
01:   0.001086 0.112630 0.000615 0.000510 0.006468 
02:   0.001083 0.112333 0.000626 0.000491 0.010909 
03:   0.001050 0.112255 0.000592 0.000494 0.005737 
04:   0.001075 0.112227 0.000623 0.000555 0.005702 
05:   0.001037 0.112167 0.000599 0.000495 0.005736 
06:   0.001249 0.113368 0.000608 0.000548 0.005737 
07:   0.001280 0.112965 0.000674 0.000500 0.005706 
08:   0.001285 0.087986 0.000673 0.000503 0.005843 
09:   0.001276 0.087586 0.000658 0.000506 0.005845 
10:   0.001298 0.087555 0.000657 0.000530 0.005861 
11:   0.001282 0.087011 0.000658 0.000492 0.005845 
12:   0.001265 0.087188 0.000664 0.000492 0.005845 
13:   0.001308 0.086792 0.000662 0.000492 0.005844 
14:   0.001291 0.087037 0.000656 0.000488 0.005852 
15:   0.001163 0.086810 0.000645 0.000513 0.005843 
/nethome/kalgin/z/mst/run.xeon.sh: line 45: 179107 Killed                  ./turbobust_stub.out $i 16
/nethome/kalgin/z/mst/run.xeon.sh: line 45: 179125 Segmentation fault      (core dumped) ./turbobust_stub.out $i 16
/nethome/kalgin/z/mst/run.xeon.sh: line 60: kill: (179125) - No such process
