threadsCount = 16
loopsCount = 0
30.441
47.251
threadsCount = 1
loopsCount = 0
Done
iterationNumber = 0
iterationNumber = 1
iterationNumber = 2
iterationNumber = 3
iterationNumber = 4
iterationNumber = 5
iterationNumber = 6
iterationNumber = 7
iterationNumber = 8
iterationNumber = 9
iterationNumber = 10
iterationNumber = 11
iterationNumber = 12
iterationNumber = 13
11.938
104.630
iteration  0
00:   3.023654 6.891917 15.027463 0.277629 2.323616 12.600756 
iteration  1
00:   3.389999 4.616382 6.575827 0.638233 1.171276 5.165612 
iteration  2
00:   1.038107 2.153781 2.508483 0.495161 0.590541 2.911060 
iteration  3
00:   0.631456 1.474047 1.154187 0.386583 0.289831 1.448510 
iteration  4
00:   0.499085 1.276773 0.745986 0.298732 0.185720 0.812999 
iteration  5
00:   0.384855 1.204388 0.632344 0.258092 0.165221 0.537184 
iteration  6
00:   0.304510 1.189147 0.599821 0.240457 0.160406 0.396765 
iteration  7
00:   0.231399 1.184525 0.591610 0.231756 0.159126 0.316891 
iteration  8
00:   0.186865 1.183854 0.589560 0.227340 0.159051 0.271312 
iteration  9
00:   0.154522 1.185711 0.587316 0.225684 0.159502 0.244039 
iteration 10
00:   0.139838 1.185325 0.588422 0.227923 0.159246 0.227850 
iteration 11
00:   0.128950 1.186750 0.587680 0.231094 0.159337 0.216885 
iteration 12
00:   0.124095 1.186327 0.587114 0.226554 0.159284 0.210574 
iteration 13
00:   0.118105 1.186364 0.586059 0.086235 0.159381 0.209415 
threadsCount = 2
loopsCount = 0
Done
iterationNumber = 0
iterationNumber = 1
iterationNumber = 2
iterationNumber = 3
iterationNumber = 4
iterationNumber = 5
iterationNumber = 6
iterationNumber = 7
iterationNumber = 8
iterationNumber = 9
iterationNumber = 10
iterationNumber = 11
iterationNumber = 12
iterationNumber = 13
9.157
67.392
iteration  0
00:   1.516810 3.536156 7.899948 0.278067 8.138334 6.150267 
01:   1.514692 3.867983 8.557411 0.277847 8.138328 6.303758 
iteration  1
00:   1.373105 2.416224 3.375856 0.412967 2.633897 2.959086 
01:   1.386890 2.574356 3.578737 0.412301 2.633899 2.963184 
iteration  2
00:   0.522311 1.165457 1.271986 0.325632 0.636839 1.694292 
01:   0.521740 1.208775 1.381545 0.324393 0.636840 1.699480 
iteration  3
00:   0.318825 0.828044 0.572378 0.253320 0.195614 0.863158 
01:   0.318284 0.839286 0.651930 0.253172 0.195634 0.863837 
iteration  4
00:   0.258106 0.722000 0.360496 0.199350 0.111050 0.486376 
01:   0.257309 0.725033 0.429084 0.198367 0.111048 0.487491 
iteration  5
00:   0.200871 0.687213 0.301644 0.175333 0.094716 0.323245 
01:   0.200541 0.687955 0.366130 0.174690 0.094714 0.323978 
iteration  6
00:   0.162870 0.680027 0.285929 0.165202 0.091162 0.239599 
01:   0.163146 0.680211 0.349545 0.164924 0.091161 0.239822 
iteration  7
00:   0.125402 0.678898 0.280012 0.160639 0.090217 0.187513 
01:   0.125048 0.678944 0.344329 0.160502 0.090220 0.187812 
iteration  8
00:   0.103742 0.678039 0.278766 0.158006 0.090245 0.160733 
01:   0.103526 0.678048 0.341174 0.158104 0.090248 0.159982 
iteration  9
00:   0.083718 0.677509 0.278963 0.158702 0.090139 0.143989 
01:   0.083648 0.677510 0.342927 0.157785 0.090137 0.147307 
iteration 10
00:   0.080692 0.678781 0.277488 0.159718 0.090462 0.133577 
01:   0.081985 0.678782 0.341880 0.160141 0.090459 0.136280 
iteration 11
00:   0.070889 0.678159 0.278764 0.115383 0.089979 0.129734 
01:   0.072338 0.678159 0.339767 0.119174 0.089982 0.131359 
iteration 12
00:   0.076605 0.679061 0.279401 0.162770 0.090619 0.126274 
01:   0.075440 0.679061 0.342245 0.159596 0.090617 0.125118 
iteration 13
00:   0.068065 0.678266 0.277960 0.043204 0.091515 0.127210 
01:   0.067684 0.678266 0.341988 0.043164 0.091509 0.127445 
/nethome/kalgin/z/mst/run.xeon.sh: line 46: 169260 Killed                  ./turbobust_stub.out $i 16
threadsCount = 4
loopsCount = 0
Done
iterationNumber = 0
iterationNumber = 1
iterationNumber = 2
iterationNumber = 3
iterationNumber = 4
iterationNumber = 5
iterationNumber = 6
iterationNumber = 7
iterationNumber = 8
iterationNumber = 9
iterationNumber = 10
iterationNumber = 11
iterationNumber = 12
iterationNumber = 13
8.082
55.114
iteration  0
00:   0.821047 2.080949 4.253664 0.139740 14.743302 4.533115 
01:   0.820462 2.081597 4.362276 0.139364 14.743331 4.060421 
02:   0.818115 2.138669 4.462296 0.139274 14.743341 4.393286 
03:   0.818560 2.341384 4.824468 0.139415 14.743302 4.461395 
iteration  1
00:   0.905576 1.418768 1.781493 0.207974 4.320518 1.862356 
01:   0.955779 1.419009 1.783748 0.207297 4.320539 1.868636 
02:   0.799802 1.453193 1.825761 0.207403 4.320551 1.865566 
03:   0.836982 1.540204 1.961408 0.207679 4.320526 1.867624 
iteration  2
00:   0.312507 0.711110 0.674091 0.164429 1.070012 1.052568 
01:   0.312282 0.711183 0.681955 0.163292 1.070035 1.054595 
02:   0.311776 0.720279 0.699209 0.163431 1.070035 1.054242 
03:   0.311514 0.744120 0.759920 0.163841 1.070019 1.054822 
iteration  3
00:   0.210551 0.526620 0.302404 0.128208 0.256765 0.557538 
01:   0.210658 0.526618 0.305423 0.128085 0.256772 0.558042 
02:   0.210105 0.529030 0.318615 0.127940 0.256771 0.557959 
03:   0.209621 0.535153 0.359934 0.127493 0.256766 0.555910 
iteration  4
00:   0.165779 0.477533 0.188106 0.100659 0.087674 0.333778 
01:   0.166154 0.477511 0.188405 0.100376 0.087676 0.333588 
02:   0.166066 0.478201 0.199541 0.100258 0.087678 0.334656 
03:   0.165345 0.479888 0.238275 0.100102 0.087676 0.334079 
iteration  5
00:   0.128594 0.463135 0.155873 0.088512 0.075355 0.229299 
01:   0.129370 0.463142 0.155680 0.088227 0.075354 0.229741 
02:   0.129014 0.463309 0.166922 0.088219 0.075356 0.231114 
03:   0.128383 0.463727 0.204167 0.087991 0.075355 0.230452 
iteration  6
00:   0.104410 0.460968 0.147623 0.083270 0.075550 0.169776 
01:   0.104059 0.460959 0.147583 0.083370 0.075549 0.171836 
02:   0.104536 0.460990 0.158401 0.083329 0.075551 0.171081 
03:   0.103546 0.461112 0.193758 0.082972 0.075549 0.170803 
iteration  7
00:   0.085672 0.460695 0.143309 0.081182 0.074400 0.133712 
01:   0.087056 0.460695 0.143284 0.081151 0.074399 0.137718 
02:   0.086977 0.460699 0.154737 0.081246 0.074401 0.133839 
03:   0.086242 0.460733 0.191442 0.080913 0.074400 0.135542 
iteration  8
00:   0.078372 0.460756 0.142932 0.080396 0.074694 0.112870 
01:   0.080175 0.460757 0.142872 0.080270 0.074694 0.116150 
02:   0.078704 0.460755 0.153921 0.080333 0.074690 0.113987 
03:   0.079432 0.460763 0.190609 0.080831 0.074694 0.113506 
iteration  9
00:   0.071600 0.460780 0.142564 0.079708 0.075504 0.100591 
01:   0.073420 0.460779 0.142042 0.080502 0.075502 0.106912 
02:   0.073237 0.460779 0.153494 0.082201 0.075505 0.102302 
03:   0.072362 0.460780 0.189987 0.079676 0.075504 0.102864 
iteration 10
00:   0.070947 0.460360 0.143253 0.081035 0.073568 0.094427 
01:   0.073647 0.460361 0.142749 0.083287 0.073567 0.097677 
02:   0.071688 0.460361 0.153697 0.081717 0.073562 0.095324 
03:   0.072113 0.460360 0.189909 0.081190 0.073567 0.093253 
iteration 11
00:   0.067616 0.460122 0.142309 0.079434 0.074635 0.091390 
01:   0.069475 0.460122 0.142061 0.081707 0.074625 0.090682 
02:   0.068564 0.460122 0.153090 0.085993 0.074636 0.089820 
03:   0.066925 0.460121 0.190090 0.084958 0.074635 0.094464 
iteration 12
00:   0.070106 0.460497 0.142153 0.059819 0.074373 0.088629 
01:   0.069919 0.460497 0.141742 0.057647 0.074373 0.090167 
02:   0.069156 0.460497 0.153147 0.057370 0.074373 0.088351 
03:   0.069902 0.460497 0.189935 0.059712 0.074367 0.088029 
iteration 13
00:   0.068598 0.460075 0.141955 0.021773 0.074714 0.093234 
01:   0.068749 0.460075 0.141887 0.021674 0.074714 0.093744 
02:   0.068581 0.460075 0.153177 0.021678 0.074711 0.093269 
03:   0.068607 0.460075 0.189789 0.021661 0.074714 0.093227 
/nethome/kalgin/z/mst/run.xeon.sh: line 46: 169280 Killed                  ./turbobust_stub.out $i 16
threadsCount = 8
loopsCount = 0
Done
iterationNumber = 0
iterationNumber = 1
iterationNumber = 2
iterationNumber = 3
iterationNumber = 4
iterationNumber = 5
iterationNumber = 6
iterationNumber = 7
iterationNumber = 8
iterationNumber = 9
iterationNumber = 10
iterationNumber = 11
iterationNumber = 12
iterationNumber = 13
7.691
48.443
iteration  0
00:   0.706266 1.396429 2.471395 0.070890 13.067257 6.970926 
01:   0.711104 1.395365 2.551527 0.070893 13.067306 7.604627 
02:   0.708755 1.396981 2.550492 0.070893 13.067293 7.531173 
03:   0.709021 1.396700 2.551886 0.070889 13.067287 7.362953 
04:   0.708434 1.396906 2.558523 0.070886 13.067309 6.450883 
05:   0.708275 1.457218 2.669696 0.070892 13.067325 7.435232 
06:   0.707074 1.479165 2.710283 0.070893 13.067322 7.361294 
07:   0.708279 1.539514 2.807189 0.070897 13.067260 7.402820 
iteration  1
00:   1.153053 0.969636 0.985432 0.105310 3.706277 1.656291 
01:   0.555237 0.969445 0.989829 0.105311 3.706315 1.657478 
02:   0.728644 0.969757 0.990312 0.105311 3.706300 1.648301 
03:   1.166264 0.969806 0.989370 0.105316 3.706293 1.658572 
04:   0.917189 0.969839 0.991271 0.105301 3.706311 1.659598 
05:   1.186718 1.013332 1.042983 0.105315 3.706317 1.661035 
06:   1.092662 1.007448 1.045758 0.105316 3.706318 1.660216 
07:   1.084350 1.034230 1.082911 0.105314 3.706272 1.656448 
iteration  2
00:   0.292263 0.508532 0.358001 0.083604 0.953619 1.010703 
01:   0.291657 0.508492 0.362349 0.083601 0.953631 1.010294 
02:   0.291419 0.508530 0.362215 0.083607 0.953619 1.010729 
03:   0.290987 0.508580 0.362278 0.083603 0.953632 1.008066 
04:   0.290628 0.508577 0.361891 0.083606 0.953626 1.010147 
05:   0.290390 0.519772 0.388312 0.083606 0.953634 1.010474 
06:   0.290318 0.518755 0.388281 0.083603 0.953639 1.009327 
07:   0.290035 0.525965 0.404033 0.083608 0.953617 1.010702 
iteration  3
00:   0.200627 0.412354 0.163970 0.066087 0.246433 0.575107 
01:   0.200612 0.412336 0.165214 0.066096 0.246457 0.577529 
02:   0.200539 0.412402 0.164511 0.066097 0.246455 0.576323 
03:   0.200050 0.412355 0.164835 0.066096 0.246440 0.575552 
04:   0.199641 0.412378 0.164706 0.066088 0.246458 0.576268 
05:   0.199868 0.415341 0.180883 0.066094 0.246463 0.576749 
06:   0.199498 0.415010 0.181397 0.066098 0.246451 0.577226 
07:   0.199308 0.416894 0.191945 0.066091 0.246447 0.575368 
iteration  4
00:   0.145158 0.387647 0.107914 0.051696 0.079635 0.357866 
01:   0.145772 0.387648 0.108437 0.051691 0.079638 0.358631 
02:   0.145464 0.387653 0.108269 0.051695 0.079638 0.357919 
03:   0.144965 0.387641 0.107810 0.051697 0.079638 0.353744 
04:   0.144940 0.387654 0.107940 0.051693 0.079636 0.358320 
05:   0.144799 0.388525 0.120264 0.051691 0.079639 0.358431 
06:   0.144740 0.388459 0.121525 0.051695 0.079637 0.357017 
07:   0.144313 0.388968 0.129537 0.051689 0.079636 0.357258 
iteration  5
00:   0.111786 0.384335 0.093165 0.045347 0.072661 0.256054 
01:   0.112723 0.384339 0.093209 0.045371 0.072665 0.257379 
02:   0.112495 0.384347 0.093411 0.045367 0.072665 0.256032 
03:   0.111884 0.384350 0.093115 0.045373 0.072664 0.255844 
04:   0.112354 0.384358 0.092899 0.045364 0.072662 0.257326 
05:   0.112238 0.384577 0.104244 0.045373 0.072668 0.256901 
06:   0.111492 0.384549 0.105356 0.045367 0.072664 0.256497 
07:   0.111870 0.384662 0.110336 0.045366 0.072666 0.256872 
iteration  6
00:   0.095159 0.382805 0.090514 0.042855 0.072018 0.194224 
01:   0.095543 0.382803 0.090139 0.042846 0.072015 0.195631 
02:   0.095464 0.382805 0.090305 0.042858 0.072022 0.194513 
03:   0.095277 0.382804 0.090038 0.042859 0.072025 0.194274 
04:   0.095385 0.382805 0.089837 0.042856 0.072019 0.195090 
05:   0.095031 0.382852 0.100217 0.042858 0.072022 0.193617 
06:   0.095228 0.382858 0.101075 0.042855 0.072019 0.195143 
07:   0.094930 0.382891 0.105388 0.042859 0.072025 0.191584 
iteration  7
00:   0.082077 0.382438 0.089393 0.041999 0.071935 0.160113 
01:   0.083148 0.382437 0.089323 0.042285 0.071926 0.165370 
02:   0.082800 0.382438 0.089230 0.042288 0.071926 0.165623 
03:   0.082619 0.382438 0.089185 0.042284 0.071930 0.165487 
04:   0.083131 0.382438 0.088768 0.042287 0.071933 0.165234 
05:   0.082002 0.382440 0.098929 0.042287 0.071930 0.165314 
06:   0.083084 0.382453 0.099868 0.042287 0.071932 0.165098 
07:   0.081685 0.382457 0.103796 0.042287 0.071931 0.163769 
iteration  8
00:   0.074916 0.381873 0.089783 0.042714 0.071511 0.136124 
01:   0.077662 0.381873 0.089454 0.042724 0.071510 0.137847 
02:   0.077456 0.381874 0.089649 0.042722 0.071513 0.138264 
03:   0.077699 0.381874 0.089272 0.042722 0.071509 0.139773 
04:   0.077326 0.381874 0.089125 0.042718 0.071508 0.137955 
05:   0.076736 0.381872 0.098144 0.042723 0.071513 0.137070 
06:   0.077086 0.381874 0.099481 0.042720 0.071512 0.137227 
07:   0.077381 0.381878 0.103309 0.042720 0.071498 0.138283 
iteration  9
00:   0.072304 0.382824 0.089549 0.042297 0.072198 0.125043 
01:   0.072952 0.382824 0.089666 0.042299 0.072186 0.128505 
02:   0.073368 0.382824 0.089364 0.042300 0.072199 0.130791 
03:   0.073694 0.382825 0.089080 0.042293 0.072200 0.128694 
04:   0.073104 0.382824 0.088854 0.042297 0.072194 0.125268 
05:   0.072739 0.382824 0.098080 0.042300 0.072189 0.128491 
06:   0.072399 0.382824 0.099167 0.042287 0.072202 0.127592 
07:   0.073522 0.382826 0.103305 0.042297 0.072200 0.129580 
iteration 10
00:   0.070709 0.382786 0.088696 0.044206 0.071680 0.115059 
01:   0.072071 0.382785 0.088623 0.044216 0.071692 0.119497 
02:   0.073030 0.382787 0.088447 0.044216 0.071687 0.118639 
03:   0.071766 0.382786 0.088187 0.044218 0.071689 0.121129 
04:   0.070982 0.382785 0.088052 0.044208 0.071681 0.119325 
05:   0.072053 0.382786 0.098107 0.044219 0.071688 0.114880 
06:   0.071202 0.382785 0.099517 0.044209 0.071680 0.118900 
07:   0.072358 0.382786 0.103443 0.044210 0.071676 0.118654 
iteration 11
00:   0.067883 0.382444 0.088357 0.045286 0.071633 0.118449 
01:   0.070125 0.382444 0.088154 0.045297 0.071619 0.121579 
02:   0.069578 0.382444 0.088228 0.045289 0.071629 0.118125 
03:   0.070796 0.382445 0.088107 0.045297 0.071616 0.117867 
04:   0.070316 0.382445 0.087980 0.045289 0.071632 0.118665 
05:   0.068063 0.382444 0.097847 0.045297 0.071638 0.116958 
06:   0.070405 0.382445 0.099155 0.045287 0.071635 0.117591 
07:   0.070243 0.382445 0.103122 0.045291 0.071637 0.116899 
iteration 12
00:   0.069894 0.382629 0.089196 0.039056 0.071819 0.116004 
01:   0.069905 0.382629 0.089155 0.039066 0.071830 0.117675 
02:   0.069328 0.382628 0.089024 0.039066 0.071827 0.115578 
03:   0.068739 0.382628 0.088813 0.039062 0.071819 0.115934 
04:   0.069964 0.382628 0.088477 0.039061 0.071832 0.116101 
05:   0.069340 0.382628 0.098019 0.039063 0.071831 0.116089 
06:   0.069642 0.382628 0.099349 0.039068 0.071828 0.116783 
07:   0.069659 0.382628 0.103276 0.039063 0.071827 0.115193 
iteration 13
00:   0.069696 0.382885 0.088677 0.011112 0.071473 0.118445 
01:   0.069749 0.382885 0.088321 0.011112 0.071480 0.118343 
02:   0.069068 0.382885 0.088148 0.011115 0.071477 0.118550 
03:   0.069132 0.382885 0.088065 0.011112 0.071465 0.118343 
04:   0.069675 0.382885 0.087937 0.011112 0.071476 0.117917 
05:   0.069770 0.382885 0.098100 0.011113 0.071478 0.118054 
06:   0.069831 0.382885 0.099167 0.011115 0.071476 0.117796 
07:   0.069478 0.382885 0.103015 0.011111 0.071462 0.117077 
/nethome/kalgin/z/mst/run.xeon.sh: line 46: 169302 Killed                  ./turbobust_stub.out $i 16
threadsCount = 16
loopsCount = 0
Done
iterationNumber = 0
iterationNumber = 1
iterationNumber = 2
iterationNumber = 3
iterationNumber = 4
iterationNumber = 5
iterationNumber = 6
iterationNumber = 7
iterationNumber = 8
iterationNumber = 9
iterationNumber = 10
iterationNumber = 11
iterationNumber = 12
iterationNumber = 13
7.743
49.726
iteration  0
00:   0.236342 1.557649 1.536846 0.040236 17.347005 1.290308 
01:   0.236936 1.554782 1.655296 0.040199 17.347018 1.296275 
02:   0.237192 1.555035 1.660857 0.040187 17.346999 1.294374 
03:   0.236544 1.556556 1.662736 0.040236 17.347041 1.297502 
04:   0.236493 1.556740 1.668887 0.040226 17.347062 1.295475 
05:   0.235960 1.555256 1.670822 0.040220 17.347057 1.293526 
06:   0.235090 1.555623 1.672180 0.040190 17.347025 1.292353 
07:   0.235303 1.554159 1.674019 0.040220 17.347043 1.283909 
08:   0.423517 1.476386 1.561703 0.040210 17.347151 4.023273 
09:   0.424286 1.475944 1.566201 0.040175 17.347132 4.258907 
10:   0.427721 1.474898 1.567118 0.040181 17.347127 4.299144 
11:   0.427300 1.475551 1.567141 0.040186 17.347138 4.426590 
12:   0.426436 1.475607 1.562391 0.040198 17.347105 4.407573 
13:   0.425644 1.474449 1.577490 0.040171 17.347121 4.113372 
14:   0.417555 1.474659 1.589141 0.040188 17.347117 3.898503 
15:   0.426103 1.473490 1.572429 0.040172 17.347077 4.213296 
iteration  1
00:   0.280795 0.894868 0.549162 0.061261 5.803113 0.908782 
01:   0.269080 0.894640 0.551855 0.061272 5.803133 0.907255 
02:   0.231167 0.894634 0.553744 0.061262 5.803120 0.907415 
03:   0.150141 0.894953 0.553173 0.061272 5.803135 0.906837 
04:   0.279129 0.895012 0.552608 0.061288 5.803152 0.904655 
05:   0.274863 0.894835 0.555115 0.061260 5.803146 0.904900 
06:   0.224142 0.894524 0.553447 0.061256 5.803132 0.903072 
07:   0.275293 0.894461 0.554319 0.061271 5.803147 0.900739 
08:   0.243641 0.861161 0.505384 0.061305 5.803174 1.204201 
09:   0.258990 0.861068 0.505445 0.061323 5.803113 1.204738 
10:   0.325183 0.861218 0.506189 0.061284 5.803119 1.204331 
11:   0.241895 0.861167 0.505648 0.061291 5.803115 1.202540 
12:   0.241396 0.861217 0.505372 0.061303 5.803123 1.202861 
13:   0.241683 0.862917 0.510106 0.061292 5.803116 1.198702 
14:   0.270716 0.863102 0.515583 0.061337 5.803111 1.202382 
15:   0.241496 0.862646 0.512417 0.061319 5.803093 1.199643 
iteration  2
00:   0.098228 0.671836 0.234461 0.051400 1.598623 0.526636 
01:   0.098082 0.671785 0.235137 0.051415 1.598635 0.528259 
02:   0.097720 0.671805 0.234924 0.051387 1.598635 0.528217 
03:   0.097594 0.671812 0.234833 0.051408 1.598639 0.527207 
04:   0.097775 0.671892 0.235297 0.051369 1.598641 0.527148 
05:   0.097140 0.671896 0.236016 0.051405 1.598636 0.525145 
06:   0.096852 0.671778 0.235520 0.051388 1.598630 0.526207 
07:   0.097125 0.671827 0.235184 0.051383 1.598643 0.524812 
08:   0.173890 0.662636 0.197556 0.051434 1.598674 0.718962 
09:   0.173709 0.662614 0.197029 0.051395 1.598648 0.718646 
10:   0.173636 0.662633 0.197119 0.051394 1.598647 0.718440 
11:   0.173504 0.662643 0.196476 0.051394 1.598645 0.718284 
12:   0.172519 0.662632 0.196972 0.051403 1.598652 0.715134 
13:   0.172869 0.663132 0.198340 0.051411 1.598649 0.716514 
14:   0.172503 0.663309 0.200158 0.051445 1.598646 0.717606 
15:   0.171855 0.663072 0.198824 0.051377 1.598622 0.714271 
iteration  3
00:   0.069385 0.607393 0.159569 0.041902 0.412061 0.318080 
01:   0.069416 0.607360 0.159083 0.041899 0.412067 0.318908 
02:   0.069330 0.607426 0.159197 0.041899 0.412072 0.318679 
03:   0.069150 0.607402 0.158890 0.041901 0.412073 0.318756 
04:   0.069202 0.607370 0.158684 0.041895 0.412073 0.318467 
05:   0.069170 0.607392 0.158679 0.041898 0.412073 0.317870 
06:   0.068965 0.607372 0.158646 0.041904 0.412065 0.316988 
07:   0.068749 0.607391 0.159012 0.041899 0.412058 0.316304 
08:   0.124850 0.604945 0.101018 0.041886 0.412075 0.429796 
09:   0.124178 0.604930 0.101261 0.041875 0.412057 0.429435 
10:   0.124808 0.604922 0.101001 0.041886 0.412061 0.429547 
11:   0.124626 0.604933 0.101006 0.041889 0.412062 0.428670 
12:   0.124424 0.604931 0.100409 0.041886 0.412061 0.428880 
13:   0.124272 0.605054 0.101014 0.041874 0.412059 0.427452 
14:   0.123713 0.605240 0.101226 0.041887 0.412061 0.428686 
15:   0.123328 0.605138 0.100484 0.041875 0.412043 0.424717 
iteration  4
00:   0.056023 0.592289 0.144507 0.033625 0.100468 0.176764 
01:   0.058290 0.592322 0.144411 0.033631 0.100458 0.178189 
02:   0.056691 0.592331 0.144372 0.033632 0.100459 0.178095 
03:   0.056136 0.592328 0.144317 0.033627 0.100477 0.177500 
04:   0.056313 0.592291 0.144162 0.033641 0.100461 0.177013 
05:   0.055592 0.592332 0.144284 0.033649 0.100458 0.176944 
06:   0.055673 0.592320 0.144234 0.033621 0.100456 0.176316 
07:   0.055302 0.592326 0.143960 0.033613 0.100455 0.176420 
08:   0.086519 0.591702 0.075786 0.033665 0.100483 0.246176 
09:   0.086609 0.591691 0.075825 0.033672 0.100487 0.246447 
10:   0.086510 0.591701 0.075920 0.033665 0.100473 0.246892 
11:   0.086160 0.591699 0.075977 0.033658 0.100473 0.244943 
12:   0.086168 0.591708 0.075820 0.033643 0.100460 0.245840 
13:   0.085919 0.591756 0.075022 0.033678 0.100452 0.243967 
14:   0.085955 0.591800 0.074515 0.033681 0.100458 0.245182 
15:   0.084376 0.591777 0.074408 0.033648 0.100448 0.242890 
iteration  5
00:   0.045030 0.591318 0.140685 0.030920 0.037952 0.130934 
01:   0.045457 0.591335 0.140342 0.030898 0.037972 0.132840 
02:   0.045721 0.591325 0.140313 0.030910 0.037968 0.131734 
03:   0.045636 0.591329 0.140205 0.030899 0.037963 0.132640 
04:   0.045009 0.591330 0.140446 0.030875 0.038010 0.131267 
05:   0.045194 0.591339 0.140405 0.030869 0.037953 0.132089 
06:   0.045171 0.591334 0.140396 0.030917 0.037961 0.131858 
07:   0.044838 0.591333 0.140280 0.030893 0.037956 0.130819 
08:   0.071938 0.591185 0.070133 0.030929 0.037951 0.170276 
09:   0.071834 0.591176 0.069865 0.030922 0.037948 0.167617 
10:   0.071848 0.591180 0.069855 0.030869 0.037950 0.169202 
11:   0.071190 0.591170 0.069684 0.030905 0.038007 0.169345 
12:   0.071612 0.591175 0.069556 0.030906 0.037975 0.169860 
13:   0.071407 0.591190 0.068437 0.030919 0.037949 0.169218 
14:   0.071377 0.591205 0.067826 0.030892 0.037958 0.169668 
15:   0.070249 0.591203 0.068367 0.030899 0.037984 0.168209 
iteration  6
00:   0.038375 0.590088 0.140824 0.029906 0.037054 0.112261 
01:   0.038695 0.590087 0.140626 0.029914 0.037030 0.111855 
02:   0.038221 0.590089 0.140575 0.029902 0.037058 0.111868 
03:   0.038422 0.590091 0.140560 0.029904 0.037027 0.113565 
04:   0.037925 0.590089 0.140079 0.029910 0.037033 0.113367 
05:   0.038168 0.590088 0.140379 0.029934 0.037048 0.113947 
06:   0.037930 0.590092 0.140381 0.029899 0.037029 0.111843 
07:   0.037667 0.590086 0.140258 0.029930 0.037035 0.111960 
08:   0.055151 0.590046 0.068973 0.029936 0.037051 0.149690 
09:   0.054975 0.590047 0.068796 0.029930 0.037083 0.148214 
10:   0.054733 0.590048 0.068471 0.029920 0.037043 0.150030 
11:   0.055027 0.590050 0.068523 0.029944 0.037041 0.149146 
12:   0.054909 0.590049 0.068522 0.029936 0.037084 0.149774 
13:   0.054805 0.590053 0.067111 0.029934 0.037039 0.150042 
14:   0.055007 0.590059 0.066393 0.029962 0.037085 0.150214 
15:   0.054409 0.590058 0.066791 0.029917 0.037030 0.146301 
iteration  7
00:   0.031954 0.589871 0.139343 0.030076 0.036938 0.091304 
01:   0.032741 0.589867 0.139297 0.030097 0.036939 0.091950 
02:   0.032967 0.589870 0.139178 0.030082 0.036935 0.090918 
03:   0.033194 0.589867 0.139156 0.030076 0.036939 0.094101 
04:   0.033003 0.589869 0.139146 0.030113 0.036943 0.093486 
05:   0.033066 0.589870 0.138994 0.030108 0.036986 0.093531 
06:   0.032677 0.589866 0.138991 0.030078 0.036974 0.093523 
07:   0.032198 0.589869 0.138795 0.030064 0.036943 0.091682 
08:   0.055300 0.589859 0.068309 0.030151 0.036939 0.104494 
09:   0.055110 0.589858 0.068349 0.030141 0.036952 0.103662 
10:   0.055391 0.589861 0.068152 0.030099 0.036939 0.104894 
11:   0.055025 0.589858 0.068176 0.030099 0.036943 0.103489 
12:   0.055367 0.589861 0.067979 0.030103 0.036954 0.105474 
13:   0.055163 0.589863 0.066685 0.030090 0.036947 0.102613 
14:   0.055285 0.589861 0.065949 0.030126 0.036940 0.105853 
15:   0.053169 0.589860 0.066866 0.030088 0.036950 0.101008 
iteration  8
00:   0.030117 0.590657 0.139306 0.030012 0.036876 0.089668 
01:   0.030772 0.590656 0.139198 0.030027 0.036904 0.092501 
02:   0.030666 0.590657 0.139208 0.029996 0.036903 0.092648 
03:   0.031440 0.590658 0.139186 0.030011 0.036903 0.091939 
04:   0.030996 0.590656 0.139228 0.030027 0.036906 0.091933 
05:   0.031188 0.590657 0.139183 0.030030 0.036887 0.091637 
06:   0.031174 0.590658 0.139046 0.030038 0.036902 0.091600 
07:   0.030033 0.590657 0.138928 0.030003 0.036875 0.092639 
08:   0.043477 0.590656 0.068135 0.030020 0.036944 0.114755 
09:   0.043127 0.590656 0.068031 0.030055 0.036884 0.115217 
10:   0.043919 0.590654 0.067986 0.030067 0.036921 0.116230 
11:   0.043289 0.590654 0.067892 0.030046 0.036921 0.115766 
12:   0.043884 0.590656 0.067810 0.030073 0.036942 0.115567 
13:   0.042523 0.590655 0.066283 0.030025 0.036932 0.115569 
14:   0.043997 0.590656 0.065782 0.030070 0.036892 0.115879 
15:   0.041976 0.590656 0.066212 0.030021 0.036880 0.112951 
iteration  9
00:   0.027400 0.589714 0.140648 0.029703 0.037065 0.081740 
01:   0.028334 0.589715 0.140483 0.029683 0.037049 0.082848 
02:   0.028026 0.589714 0.140267 0.029699 0.037047 0.085545 
03:   0.028392 0.589716 0.140413 0.029674 0.037037 0.082179 
04:   0.028168 0.589714 0.140374 0.029693 0.037046 0.083699 
05:   0.027578 0.589714 0.140280 0.029667 0.037055 0.082646 
06:   0.027378 0.589714 0.140105 0.029713 0.037032 0.083018 
07:   0.028430 0.589715 0.140140 0.029660 0.037041 0.083385 
08:   0.048162 0.589714 0.068487 0.029699 0.037056 0.091958 
09:   0.048696 0.589714 0.068321 0.029755 0.037038 0.091274 
10:   0.048776 0.589714 0.068361 0.029678 0.037042 0.090908 
11:   0.048664 0.589714 0.068184 0.029668 0.037053 0.091025 
12:   0.048659 0.589714 0.068157 0.029659 0.037052 0.091678 
13:   0.048699 0.589713 0.066478 0.029767 0.037049 0.093255 
14:   0.048683 0.589715 0.065848 0.029687 0.037045 0.090039 
15:   0.046721 0.589714 0.066556 0.029664 0.037025 0.089555 
iteration 10
00:   0.027639 0.596545 0.139992 0.029856 0.036962 0.080604 
01:   0.028261 0.596545 0.139888 0.029847 0.037019 0.084204 
02:   0.028740 0.596545 0.139716 0.029858 0.036960 0.082778 
03:   0.027831 0.596545 0.139654 0.029832 0.036959 0.080081 
04:   0.028367 0.596545 0.139540 0.029818 0.036967 0.083562 
05:   0.027752 0.596545 0.139584 0.029804 0.036961 0.080674 
06:   0.027443 0.596545 0.139640 0.029795 0.037013 0.080908 
07:   0.027920 0.596546 0.139239 0.029796 0.036965 0.084019 
08:   0.040562 0.596546 0.067620 0.029862 0.036983 0.097304 
09:   0.040388 0.596545 0.067507 0.029872 0.036959 0.096110 
10:   0.039431 0.596545 0.067435 0.029822 0.036969 0.096046 
11:   0.039820 0.596545 0.067405 0.029816 0.036964 0.095651 
12:   0.040047 0.596545 0.067307 0.029867 0.036959 0.095385 
13:   0.040724 0.596545 0.066177 0.029807 0.036993 0.097320 
14:   0.039477 0.596545 0.065379 0.029825 0.036967 0.096583 
15:   0.038688 0.596545 0.065756 0.029824 0.036989 0.093814 
iteration 11
00:   0.025883 0.591142 0.138519 0.032308 0.036918 0.080958 
01:   0.027114 0.591142 0.138612 0.032273 0.036900 0.079808 
02:   0.026214 0.591142 0.138317 0.032235 0.036902 0.084770 
03:   0.025201 0.591141 0.138321 0.032299 0.036915 0.079590 
04:   0.027024 0.591142 0.138530 0.032294 0.036920 0.079476 
05:   0.025065 0.591141 0.138382 0.032275 0.036906 0.078530 
06:   0.024930 0.591141 0.138388 0.032292 0.036899 0.079287 
07:   0.026728 0.591142 0.138193 0.032261 0.036902 0.079189 
08:   0.046644 0.591143 0.067912 0.032238 0.036905 0.091730 
09:   0.045869 0.591142 0.067796 0.032229 0.036911 0.090063 
10:   0.045836 0.591142 0.067797 0.032265 0.036910 0.090806 
11:   0.045760 0.591142 0.067581 0.032256 0.036901 0.090081 
12:   0.045647 0.591142 0.067588 0.032251 0.036909 0.090312 
13:   0.046837 0.591142 0.066292 0.032246 0.036912 0.090257 
14:   0.046167 0.591142 0.065657 0.032267 0.036919 0.090613 
15:   0.045480 0.591142 0.066095 0.032247 0.036900 0.089352 
iteration 12
00:   0.027955 0.589469 0.139403 0.024655 0.037054 0.077499 
01:   0.027193 0.589468 0.139272 0.024617 0.036992 0.079126 
02:   0.027952 0.589468 0.139105 0.024586 0.037055 0.080211 
03:   0.027168 0.589468 0.139096 0.024662 0.037059 0.078902 
04:   0.027010 0.589468 0.139034 0.024645 0.037063 0.078986 
05:   0.027175 0.589468 0.138995 0.024584 0.037062 0.078766 
06:   0.027118 0.589468 0.138914 0.024651 0.037022 0.078499 
07:   0.026959 0.589468 0.138872 0.024640 0.037062 0.078801 
08:   0.039192 0.589468 0.068327 0.024643 0.037052 0.094236 
09:   0.038601 0.589468 0.068062 0.024673 0.037069 0.094071 
10:   0.038838 0.589468 0.068018 0.024688 0.037068 0.093711 
11:   0.038684 0.589468 0.068206 0.024688 0.037070 0.094023 
12:   0.038567 0.589468 0.068105 0.024616 0.037069 0.093627 
13:   0.038439 0.589468 0.066579 0.024617 0.037071 0.093063 
14:   0.038707 0.589468 0.065943 0.024672 0.037070 0.093811 
15:   0.038314 0.589468 0.066237 0.024613 0.037058 0.092473 
iteration 13
00:   0.026128 0.590275 0.139480 0.007265 0.036969 0.073767 
01:   0.026126 0.590275 0.139606 0.007277 0.036972 0.074158 
02:   0.026063 0.590275 0.139380 0.007231 0.036970 0.074364 
03:   0.026012 0.590275 0.139297 0.007244 0.036962 0.074561 
04:   0.026035 0.590275 0.139143 0.007242 0.036974 0.074381 
05:   0.025719 0.590275 0.139094 0.007222 0.036962 0.074678 
06:   0.025742 0.590275 0.139073 0.007266 0.036964 0.073864 
07:   0.025973 0.590275 0.139093 0.007244 0.036982 0.074297 
08:   0.046131 0.590275 0.067721 0.007226 0.037010 0.079310 
09:   0.046088 0.590275 0.067773 0.007214 0.037003 0.079499 
10:   0.046082 0.590275 0.067829 0.007229 0.036979 0.077352 
11:   0.045958 0.590275 0.067520 0.007245 0.037010 0.077648 
12:   0.045970 0.590275 0.067530 0.007216 0.036995 0.079549 
13:   0.045948 0.590275 0.066302 0.007218 0.036968 0.079220 
14:   0.045670 0.590275 0.065650 0.007220 0.036965 0.079063 
15:   0.045272 0.590275 0.066182 0.007235 0.036961 0.078247 
/nethome/kalgin/z/mst/run.xeon.sh: line 46: 169321 Killed                  ./turbobust_stub.out $i 16
/nethome/kalgin/z/mst/run.xeon.sh: line 46: 169340 Segmentation fault      (core dumped) ./turbobust_stub.out $i 16
/nethome/kalgin/z/mst/run.xeon.sh: line 61: kill: (169340) - No such process
ls: cannot access /tmp/data.bin: No such file or directory
ls: cannot access /tmp/data.bin: No such file or directory
