threadsCount = 16
loopsCount = 0
30.486
47.460
threadsCount = 1
loopsCount = 0
Done
iterationNumber = 0
iterationNumber = 1
iterationNumber = 2
iterationNumber = 3
iterationNumber = 4
iterationNumber = 5
iterationNumber = 6
iterationNumber = 7
iterationNumber = 8
iterationNumber = 9
iterationNumber = 10
iterationNumber = 11
iterationNumber = 12
iterationNumber = 13
14.134
81.830
iteration  0
00:   1.154705 6.191603 14.056352 0.239356 0.000000 0.929207 
iteration  1
00:   3.382983 4.023663 6.373943 0.581855 0.000000 1.193037 
iteration  2
00:   4.157910 1.990852 2.480430 0.446172 0.000000 0.572234 
iteration  3
00:   3.330580 1.408482 1.151009 0.340047 0.000000 0.209541 
iteration  4
00:   2.514992 1.227444 0.740916 0.258281 0.000000 0.091935 
iteration  5
00:   1.797192 1.159032 0.626438 0.214458 0.000000 0.058054 
iteration  6
00:   1.194817 1.144492 0.594843 0.195138 0.000000 0.048179 
iteration  7
00:   0.766196 1.140719 0.585409 0.185920 0.000000 0.045228 
iteration  8
00:   0.490826 1.139749 0.582731 0.179686 0.000000 0.044355 
iteration  9
00:   0.324573 1.140812 0.582609 0.176249 0.000000 0.043983 
iteration 10
00:   0.223888 1.140328 0.580237 0.176488 0.000000 0.043865 
iteration 11
00:   0.161080 1.140222 0.581686 0.168011 0.000000 0.043835 
iteration 12
00:   0.120365 1.139960 0.581635 0.182072 0.000000 0.043816 
iteration 13
00:   0.103872 1.139720 0.581215 0.073258 0.000000 0.043738 
threadsCount = 2
loopsCount = 0
Done
iterationNumber = 0
iterationNumber = 1
iterationNumber = 2
iterationNumber = 3
iterationNumber = 4
iterationNumber = 5
iterationNumber = 6
iterationNumber = 7
iterationNumber = 8
iterationNumber = 9
iterationNumber = 10
iterationNumber = 11
iterationNumber = 12
iterationNumber = 13
9.879
45.676
iteration  0
00:   0.631197 3.230278 7.481929 0.120022 0.000000 0.471646 
01:   0.630785 3.550626 8.132754 0.119856 0.000000 0.472615 
iteration  1
00:   1.734511 2.135622 3.289960 0.291853 0.000000 0.613036 
01:   1.731573 2.283001 3.498260 0.291548 0.000000 0.619936 
iteration  2
00:   2.199119 1.089809 1.263496 0.224111 0.000000 0.288993 
01:   2.192935 1.130037 1.365459 0.223810 0.000000 0.292687 
iteration  3
00:   1.869642 0.795044 0.575930 0.170956 0.000000 0.106013 
01:   1.862393 0.805438 0.647113 0.170731 0.000000 0.107187 
iteration  4
00:   1.427261 0.697530 0.363294 0.129616 0.000000 0.046487 
01:   1.422505 0.700359 0.421557 0.129577 0.000000 0.046838 
iteration  5
00:   0.998615 0.665456 0.302208 0.107653 0.000000 0.029390 
01:   0.994632 0.666159 0.358625 0.107928 0.000000 0.029420 
iteration  6
00:   0.652263 0.658607 0.283240 0.097284 0.000000 0.024855 
01:   0.650270 0.658769 0.339718 0.097706 0.000000 0.024237 
iteration  7
00:   0.415295 0.655209 0.279730 0.093074 0.000000 0.022778 
01:   0.413089 0.655249 0.334382 0.092235 0.000000 0.022734 
iteration  8
00:   0.262828 0.657983 0.269632 0.090292 0.000000 0.022341 
01:   0.264602 0.657994 0.325743 0.089849 0.000000 0.022234 
iteration  9
00:   0.173598 0.657742 0.269910 0.088451 0.000000 0.022178 
01:   0.170979 0.657743 0.325996 0.088831 0.000000 0.022106 
iteration 10
00:   0.117088 0.657130 0.275607 0.089731 0.000000 0.022112 
01:   0.117693 0.657130 0.332528 0.088278 0.000000 0.022050 
iteration 11
00:   0.082564 0.656265 0.273028 0.083569 0.000000 0.022112 
01:   0.092708 0.656266 0.328568 0.084618 0.000000 0.022025 
iteration 12
00:   0.069536 0.656644 0.270873 0.089087 0.000000 0.022105 
01:   0.066715 0.656644 0.326493 0.093404 0.000000 0.022037 
iteration 13
00:   0.072301 0.655146 0.269668 0.036772 0.000000 0.022097 
01:   0.043363 0.655145 0.325622 0.036705 0.000000 0.022040 
/nethome/kalgin/z/mst/run.xeon.sh: line 46:  6541 Killed                  ./turbobust_stub.out $i 16
threadsCount = 4
loopsCount = 0
Done
iterationNumber = 0
iterationNumber = 1
iterationNumber = 2
iterationNumber = 3
iterationNumber = 4
iterationNumber = 5
iterationNumber = 6
iterationNumber = 7
iterationNumber = 8
iterationNumber = 9
iterationNumber = 10
iterationNumber = 11
iterationNumber = 12
iterationNumber = 13
7.923
26.507
iteration  0
00:   0.329123 1.809394 4.006989 0.060409 0.000000 0.247648 
01:   0.328573 1.809821 4.103795 0.060143 0.000000 0.246802 
02:   0.328368 1.809710 4.103870 0.060183 0.000000 0.246365 
03:   0.327441 2.102467 4.634437 0.060174 0.000000 0.246930 
iteration  1
00:   0.952124 1.241285 1.729913 0.147096 0.000000 0.309292 
01:   0.951024 1.241216 1.731486 0.146708 0.000000 0.308221 
02:   0.950355 1.241772 1.734000 0.146689 0.000000 0.307691 
03:   0.948036 1.379982 1.945414 0.146861 0.000000 0.310331 
iteration  2
00:   1.317255 0.650174 0.669057 0.112990 0.000000 0.147992 
01:   1.316211 0.650114 0.674983 0.112754 0.000000 0.147029 
02:   1.316465 0.650263 0.675629 0.112769 0.000000 0.146578 
03:   1.314464 0.687873 0.764800 0.112872 0.000000 0.147700 
iteration  3
00:   1.104739 0.479600 0.313605 0.086415 0.000000 0.053768 
01:   1.105088 0.479536 0.316966 0.086003 0.000000 0.053352 
02:   1.104109 0.479566 0.317050 0.086051 0.000000 0.053221 
03:   1.103276 0.489394 0.374915 0.086102 0.000000 0.053565 
iteration  4
00:   0.802766 0.434032 0.189846 0.065880 0.000000 0.024228 
01:   0.803718 0.433997 0.190279 0.065674 0.000000 0.024073 
02:   0.803542 0.434037 0.190013 0.065763 0.000000 0.024071 
03:   0.804386 0.436715 0.243030 0.065423 0.000000 0.024195 
iteration  5
00:   0.544647 0.420546 0.157349 0.054703 0.000000 0.015146 
01:   0.546329 0.420544 0.156864 0.054377 0.000000 0.015103 
02:   0.546804 0.420551 0.156896 0.054638 0.000000 0.015085 
03:   0.546247 0.421220 0.204918 0.054508 0.000000 0.015121 
iteration  6
00:   0.353151 0.418495 0.147194 0.049651 0.000000 0.012534 
01:   0.354323 0.418495 0.146971 0.049682 0.000000 0.012472 
02:   0.355684 0.418492 0.146926 0.049011 0.000000 0.012414 
03:   0.353997 0.418664 0.196509 0.049247 0.000000 0.012389 
iteration  7
00:   0.221678 0.417664 0.142470 0.047390 0.000000 0.011745 
01:   0.224712 0.417660 0.142173 0.046947 0.000000 0.011633 
02:   0.223575 0.417660 0.142149 0.047094 0.000000 0.011598 
03:   0.223469 0.417698 0.190813 0.046736 0.000000 0.011605 
iteration  8
00:   0.141565 0.417335 0.141051 0.045515 0.000000 0.011464 
01:   0.135738 0.417333 0.140638 0.045387 0.000000 0.011387 
02:   0.144498 0.417336 0.140657 0.045819 0.000000 0.011381 
03:   0.135607 0.417343 0.189987 0.045278 0.000000 0.011353 
iteration  9
00:   0.095302 0.417916 0.140313 0.044604 0.000000 0.011387 
01:   0.089029 0.417915 0.140051 0.043895 0.000000 0.011302 
02:   0.093853 0.417915 0.139764 0.044816 0.000000 0.011283 
03:   0.088624 0.417916 0.191835 0.044740 0.000000 0.011275 
iteration 10
00:   0.067761 0.417295 0.138674 0.044814 0.000000 0.011339 
01:   0.066033 0.417294 0.138654 0.045322 0.000000 0.011271 
02:   0.077402 0.417294 0.138412 0.043955 0.000000 0.011266 
03:   0.057405 0.417294 0.190323 0.044584 0.000000 0.011251 
iteration 11
00:   0.052016 0.417135 0.139131 0.042934 0.000000 0.011322 
01:   0.053833 0.417134 0.138896 0.041403 0.000000 0.011252 
02:   0.075612 0.417136 0.138823 0.041038 0.000000 0.011238 
03:   0.035371 0.417134 0.189370 0.045225 0.000000 0.011242 
iteration 12
00:   0.049434 0.417562 0.139157 0.043299 0.000000 0.011304 
01:   0.051988 0.417561 0.138990 0.045993 0.000000 0.011244 
02:   0.057071 0.417562 0.138913 0.047056 0.000000 0.011229 
03:   0.040180 0.417561 0.189506 0.047057 0.000000 0.011218 
iteration 13
00:   0.067931 0.417670 0.139681 0.018544 0.000000 0.011295 
01:   0.042584 0.417669 0.139311 0.018486 0.000000 0.011248 
02:   0.042468 0.417669 0.139106 0.018476 0.000000 0.011228 
03:   0.042550 0.417669 0.189896 0.018469 0.000000 0.011229 
/nethome/kalgin/z/mst/run.xeon.sh: line 46:  6561 Killed                  ./turbobust_stub.out $i 16
threadsCount = 8
loopsCount = 0
Done
iterationNumber = 0
iterationNumber = 1
iterationNumber = 2
iterationNumber = 3
iterationNumber = 4
iterationNumber = 5
iterationNumber = 6
iterationNumber = 7
iterationNumber = 8
iterationNumber = 9
iterationNumber = 10
iterationNumber = 11
iterationNumber = 12
iterationNumber = 13
6.405
16.781
iteration  0
00:   0.231023 1.327919 2.305709 0.030727 0.000000 0.168353 
01:   0.229257 1.325708 2.382861 0.030727 0.000000 0.168933 
02:   0.229075 1.328032 2.392769 0.030726 0.000000 0.169078 
03:   0.228784 1.325120 2.383482 0.030727 0.000000 0.168513 
04:   0.227219 1.325873 2.388021 0.030730 0.000000 0.168695 
05:   0.228032 1.324000 2.389462 0.030727 0.000000 0.168271 
06:   0.226547 1.458271 2.641165 0.030727 0.000000 0.169292 
07:   0.227040 1.463499 2.649954 0.030726 0.000000 0.168369 
iteration  1
00:   0.652341 0.772817 0.950915 0.074401 0.000000 0.170282 
01:   0.651634 0.772700 0.955917 0.074408 0.000000 0.170198 
02:   0.652121 0.772624 0.957164 0.074408 0.000000 0.170743 
03:   0.651235 0.772793 0.954574 0.074415 0.000000 0.169927 
04:   0.650318 0.772762 0.956732 0.074408 0.000000 0.171058 
05:   0.651503 0.772402 0.956855 0.074411 0.000000 0.170887 
06:   0.648122 0.832199 1.048391 0.074397 0.000000 0.172328 
07:   0.644917 0.835440 1.050958 0.074411 0.000000 0.170580 
iteration  2
00:   0.835853 0.461837 0.360307 0.057640 0.000000 0.081302 
01:   0.834276 0.461865 0.366212 0.057641 0.000000 0.081370 
02:   0.833570 0.461815 0.365597 0.057637 0.000000 0.081425 
03:   0.831661 0.461865 0.364612 0.057637 0.000000 0.080977 
04:   0.831239 0.461835 0.364810 0.057636 0.000000 0.081519 
05:   0.832148 0.461787 0.365781 0.057640 0.000000 0.081611 
06:   0.826762 0.477789 0.403628 0.057645 0.000000 0.082242 
07:   0.825549 0.478905 0.405608 0.057640 0.000000 0.081381 
iteration  3
00:   0.617017 0.374284 0.167503 0.044737 0.000000 0.029338 
01:   0.618416 0.374275 0.169764 0.044729 0.000000 0.029183 
02:   0.616307 0.374227 0.170051 0.044734 0.000000 0.029111 
03:   0.613172 0.374277 0.169051 0.044728 0.000000 0.029083 
04:   0.614199 0.374242 0.168860 0.044734 0.000000 0.029238 
05:   0.615551 0.374249 0.168915 0.044737 0.000000 0.029268 
06:   0.611695 0.378429 0.193395 0.044736 0.000000 0.029429 
07:   0.611082 0.378710 0.193458 0.044731 0.000000 0.029157 
iteration  4
00:   0.428579 0.355592 0.112124 0.034329 0.000000 0.012509 
01:   0.427730 0.355590 0.112124 0.034321 0.000000 0.012473 
02:   0.427552 0.355558 0.112018 0.034324 0.000000 0.012371 
03:   0.424695 0.355581 0.112381 0.034322 0.000000 0.012355 
04:   0.425853 0.355589 0.111621 0.034323 0.000000 0.012455 
05:   0.427269 0.355601 0.111547 0.034330 0.000000 0.012417 
06:   0.424748 0.356804 0.128053 0.034328 0.000000 0.012452 
07:   0.423404 0.356880 0.127712 0.034327 0.000000 0.012441 
iteration  5
00:   0.281016 0.350427 0.098048 0.028305 0.000000 0.008347 
01:   0.281758 0.350430 0.098285 0.028319 0.000000 0.008321 
02:   0.280805 0.350429 0.097841 0.028315 0.000000 0.008313 
03:   0.280257 0.350431 0.097780 0.028323 0.000000 0.008287 
04:   0.280330 0.350441 0.097398 0.028306 0.000000 0.008300 
05:   0.281860 0.350441 0.097409 0.028308 0.000000 0.008260 
06:   0.279379 0.350730 0.109842 0.028322 0.000000 0.008292 
07:   0.278264 0.350748 0.109182 0.028309 0.000000 0.008276 
iteration  6
00:   0.180407 0.350209 0.094466 0.025804 0.000000 0.006872 
01:   0.182303 0.350209 0.093900 0.025802 0.000000 0.006825 
02:   0.181016 0.350209 0.094066 0.025801 0.000000 0.006792 
03:   0.180451 0.350208 0.093915 0.025802 0.000000 0.006786 
04:   0.180296 0.350205 0.093836 0.025800 0.000000 0.006802 
05:   0.182811 0.350207 0.093412 0.025805 0.000000 0.006740 
06:   0.180435 0.350279 0.103960 0.025801 0.000000 0.006697 
07:   0.178560 0.350292 0.103842 0.025806 0.000000 0.006813 
iteration  7
00:   0.116264 0.350837 0.093998 0.024502 0.000000 0.006377 
01:   0.119091 0.350838 0.093566 0.024503 0.000000 0.006323 
02:   0.119714 0.350836 0.093598 0.024500 0.000000 0.006282 
03:   0.116460 0.350836 0.093502 0.024506 0.000000 0.006330 
04:   0.117346 0.350836 0.093447 0.024505 0.000000 0.006293 
05:   0.118015 0.350838 0.092881 0.024512 0.000000 0.006258 
06:   0.116916 0.350852 0.101802 0.024504 0.000000 0.006291 
07:   0.116683 0.350854 0.101955 0.024503 0.000000 0.006332 
iteration  8
00:   0.080543 0.350265 0.093708 0.023836 0.000000 0.006220 
01:   0.083335 0.350266 0.093502 0.023854 0.000000 0.006190 
02:   0.077586 0.350264 0.093205 0.023842 0.000000 0.006127 
03:   0.079138 0.350265 0.093105 0.023853 0.000000 0.006192 
04:   0.082789 0.350266 0.093028 0.023850 0.000000 0.006129 
05:   0.083692 0.350266 0.092617 0.023845 0.000000 0.006164 
06:   0.075579 0.350267 0.101631 0.023848 0.000000 0.006160 
07:   0.080232 0.350268 0.101833 0.023855 0.000000 0.006182 
iteration  9
00:   0.065941 0.349959 0.093347 0.023787 0.000000 0.006182 
01:   0.060338 0.349958 0.093272 0.023780 0.000000 0.006145 
02:   0.054690 0.349958 0.093263 0.023786 0.000000 0.006129 
03:   0.064595 0.349958 0.092765 0.023787 0.000000 0.006148 
04:   0.057750 0.349957 0.092633 0.023788 0.000000 0.006096 
05:   0.066789 0.349958 0.092464 0.023792 0.000000 0.006130 
06:   0.056509 0.349958 0.101416 0.023772 0.000000 0.006118 
07:   0.062799 0.349958 0.101655 0.023783 0.000000 0.006132 
iteration 10
00:   0.051578 0.350278 0.093253 0.024057 0.000000 0.006124 
01:   0.052466 0.350277 0.093251 0.024062 0.000000 0.006066 
02:   0.046598 0.350277 0.092930 0.024058 0.000000 0.006099 
03:   0.054940 0.350277 0.092912 0.024066 0.000000 0.006086 
04:   0.051511 0.350277 0.092542 0.024058 0.000000 0.006063 
05:   0.061600 0.350277 0.092589 0.024056 0.000000 0.006086 
06:   0.038452 0.350276 0.101095 0.024051 0.000000 0.006034 
07:   0.051992 0.350277 0.101220 0.024067 0.000000 0.006112 
iteration 11
00:   0.043264 0.350038 0.093629 0.024035 0.000000 0.006157 
01:   0.045545 0.350038 0.093402 0.024032 0.000000 0.006107 
02:   0.037819 0.350038 0.092981 0.024040 0.000000 0.006066 
03:   0.051673 0.350038 0.092913 0.024037 0.000000 0.006107 
04:   0.046412 0.350038 0.092805 0.024041 0.000000 0.006065 
05:   0.068445 0.350039 0.092468 0.024036 0.000000 0.006031 
06:   0.029631 0.350037 0.101251 0.024024 0.000000 0.006070 
07:   0.039206 0.350037 0.101430 0.024037 0.000000 0.006083 
iteration 12
00:   0.045835 0.349559 0.093081 0.024711 0.000000 0.006110 
01:   0.043245 0.349558 0.092948 0.024706 0.000000 0.006093 
02:   0.037675 0.349558 0.093060 0.024717 0.000000 0.006081 
03:   0.050805 0.349560 0.092729 0.024722 0.000000 0.006094 
04:   0.042360 0.349559 0.092600 0.024710 0.000000 0.006062 
05:   0.055566 0.349559 0.092415 0.024702 0.000000 0.006048 
06:   0.037347 0.349558 0.101025 0.024717 0.000000 0.006081 
07:   0.040706 0.349558 0.101149 0.024707 0.000000 0.006091 
iteration 13
00:   0.042953 0.350723 0.093271 0.009541 0.000000 0.006203 
01:   0.065888 0.350723 0.093222 0.009538 0.000000 0.006159 
02:   0.042915 0.350722 0.093053 0.009537 0.000000 0.006130 
03:   0.042890 0.350723 0.092867 0.009541 0.000000 0.006152 
04:   0.042850 0.350723 0.092642 0.009542 0.000000 0.006147 
05:   0.042851 0.350723 0.092373 0.009547 0.000000 0.006101 
06:   0.042804 0.350723 0.101209 0.009546 0.000000 0.006121 
07:   0.042664 0.350722 0.101424 0.009542 0.000000 0.006160 
/nethome/kalgin/z/mst/run.xeon.sh: line 46:  6579 Killed                  ./turbobust_stub.out $i 16
threadsCount = 16
loopsCount = 0
Done
iterationNumber = 0
iterationNumber = 1
iterationNumber = 2
iterationNumber = 3
iterationNumber = 4
iterationNumber = 5
iterationNumber = 6
iterationNumber = 7
iterationNumber = 8
iterationNumber = 9
iterationNumber = 10
iterationNumber = 11
iterationNumber = 12
iterationNumber = 13
7.163
15.518
iteration  0
00:   0.174763 1.455966 1.480064 0.017804 0.000000 0.074931 
01:   0.175744 1.456271 1.626688 0.017786 0.000000 0.074959 
02:   0.175044 1.455305 1.630463 0.017795 0.000000 0.068921 
03:   0.174866 1.454356 1.630138 0.017788 0.000000 0.075730 
04:   0.174626 1.456079 1.636423 0.017785 0.000000 0.069046 
05:   0.173857 1.454719 1.636586 0.017786 0.000000 0.068556 
06:   0.172807 1.453456 1.637068 0.017785 0.000000 0.067988 
07:   0.174653 1.454233 1.640719 0.017802 0.000000 0.068460 
08:   0.146965 1.373660 1.514470 0.017790 0.000000 0.066905 
09:   0.147069 1.374150 1.517063 0.017812 0.000000 0.067524 
10:   0.145993 1.373520 1.513550 0.017789 0.000000 0.067251 
11:   0.147056 1.373698 1.531884 0.017811 0.000000 0.066623 
12:   0.146646 1.374617 1.544991 0.017791 0.000000 0.067389 
13:   0.146173 1.373267 1.533030 0.017789 0.000000 0.068348 
14:   0.146284 1.373440 1.554710 0.017801 0.000000 0.068953 
15:   0.147619 1.373302 1.553921 0.017812 0.000000 0.068306 
iteration  1
00:   0.358475 0.831333 0.534723 0.043626 0.000000 0.080569 
01:   0.358164 0.831037 0.538278 0.043634 0.000000 0.079955 
02:   0.339870 0.831041 0.538654 0.043629 0.000000 0.074066 
03:   0.357294 0.831256 0.539048 0.043627 0.000000 0.080946 
04:   0.337927 0.831112 0.539523 0.043630 0.000000 0.074310 
05:   0.338238 0.830845 0.539853 0.043633 0.000000 0.074024 
06:   0.339100 0.830809 0.539105 0.043638 0.000000 0.073495 
07:   0.339725 0.830866 0.539425 0.043634 0.000000 0.073362 
08:   0.324687 0.796591 0.478103 0.043621 0.000000 0.071305 
09:   0.330239 0.796554 0.476301 0.043633 0.000000 0.071819 
10:   0.327841 0.796552 0.473425 0.043628 0.000000 0.072414 
11:   0.326786 0.798275 0.479565 0.043633 0.000000 0.071233 
12:   0.326203 0.798896 0.487477 0.043621 0.000000 0.071243 
13:   0.353191 0.798645 0.482303 0.043637 0.000000 0.077044 
14:   0.352214 0.800757 0.491337 0.043632 0.000000 0.078683 
15:   0.352211 0.800794 0.492701 0.043636 0.000000 0.077182 
iteration  2
00:   0.427857 0.616133 0.235169 0.035248 0.000000 0.038311 
01:   0.429087 0.616194 0.237142 0.035253 0.000000 0.038023 
02:   0.395163 0.616156 0.236552 0.035244 0.000000 0.035034 
03:   0.431138 0.616178 0.236658 0.035243 0.000000 0.038707 
04:   0.392174 0.616136 0.236866 0.035263 0.000000 0.034988 
05:   0.392593 0.616115 0.236843 0.035248 0.000000 0.034832 
06:   0.393925 0.616035 0.236621 0.035238 0.000000 0.034680 
07:   0.395795 0.616076 0.236590 0.035247 0.000000 0.034539 
08:   0.390992 0.606657 0.194011 0.035278 0.000000 0.033861 
09:   0.402573 0.606664 0.193031 0.035282 0.000000 0.034076 
10:   0.399595 0.606658 0.190729 0.035266 0.000000 0.034440 
11:   0.400526 0.607124 0.194142 0.035308 0.000000 0.033708 
12:   0.395152 0.607267 0.196527 0.035313 0.000000 0.033920 
13:   0.438957 0.607218 0.195352 0.035283 0.000000 0.037352 
14:   0.439105 0.607867 0.197824 0.035294 0.000000 0.038013 
15:   0.438364 0.607878 0.197882 0.035315 0.000000 0.037560 
iteration  3
00:   0.324807 0.554120 0.160748 0.029517 0.000000 0.015584 
01:   0.326203 0.554163 0.161152 0.029517 0.000000 0.015381 
02:   0.302593 0.554139 0.160903 0.029522 0.000000 0.014060 
03:   0.327727 0.554118 0.160733 0.029516 0.000000 0.015707 
04:   0.301521 0.554072 0.160800 0.029530 0.000000 0.013976 
05:   0.301341 0.554107 0.161459 0.029517 0.000000 0.013953 
06:   0.301289 0.554083 0.160582 0.029516 0.000000 0.013900 
07:   0.302736 0.554107 0.160852 0.029515 0.000000 0.013860 
08:   0.297963 0.551631 0.102211 0.029511 0.000000 0.013393 
09:   0.306210 0.551602 0.102216 0.029513 0.000000 0.013335 
10:   0.304222 0.551583 0.100722 0.029530 0.000000 0.013505 
11:   0.304031 0.551788 0.102215 0.029514 0.000000 0.013277 
12:   0.300302 0.551835 0.102335 0.029504 0.000000 0.013373 
13:   0.333495 0.551813 0.101836 0.029501 0.000000 0.014220 
14:   0.333516 0.552057 0.102626 0.029523 0.000000 0.014354 
15:   0.332258 0.552071 0.102282 0.029524 0.000000 0.014458 
iteration  4
00:   0.222446 0.536633 0.146070 0.024544 0.000000 0.009151 
01:   0.223981 0.536667 0.146099 0.024504 0.000000 0.009099 
02:   0.206833 0.536673 0.145894 0.024541 0.000000 0.008549 
03:   0.225574 0.536668 0.145797 0.024545 0.000000 0.009166 
04:   0.205465 0.536660 0.145898 0.024503 0.000000 0.008440 
05:   0.207547 0.536636 0.146076 0.024504 0.000000 0.008446 
06:   0.205561 0.536657 0.145720 0.024540 0.000000 0.008454 
07:   0.207026 0.536657 0.145631 0.024504 0.000000 0.008477 
08:   0.203956 0.536036 0.075726 0.024475 0.000000 0.006752 
09:   0.210120 0.536049 0.075405 0.024485 0.000000 0.006857 
10:   0.209063 0.536052 0.075346 0.024468 0.000000 0.006801 
11:   0.208949 0.536147 0.075145 0.024485 0.000000 0.006672 
12:   0.206207 0.536104 0.074997 0.024468 0.000000 0.006683 
13:   0.231522 0.536123 0.074306 0.024495 0.000000 0.006810 
14:   0.231161 0.536221 0.073783 0.024491 0.000000 0.006932 
15:   0.230746 0.536194 0.073231 0.024494 0.000000 0.006938 
iteration  5
00:   0.145638 0.533674 0.142296 0.022517 0.000000 0.007804 
01:   0.146463 0.533677 0.142202 0.022487 0.000000 0.007817 
02:   0.134593 0.533682 0.142189 0.022486 0.000000 0.007630 
03:   0.148145 0.533685 0.142086 0.022491 0.000000 0.007759 
04:   0.134083 0.533683 0.142023 0.022495 0.000000 0.007562 
05:   0.134706 0.533668 0.142200 0.022492 0.000000 0.007571 
06:   0.134576 0.533686 0.141754 0.022492 0.000000 0.007571 
07:   0.135524 0.533677 0.141658 0.022496 0.000000 0.007620 
08:   0.133664 0.533515 0.068964 0.022461 0.000000 0.004814 
09:   0.138106 0.533523 0.068775 0.022465 0.000000 0.004844 
10:   0.137370 0.533526 0.068631 0.022502 0.000000 0.004829 
11:   0.137844 0.533553 0.068210 0.022480 0.000000 0.004739 
12:   0.135313 0.533525 0.067969 0.022463 0.000000 0.004729 
13:   0.152852 0.533539 0.068249 0.022488 0.000000 0.004728 
14:   0.153056 0.533584 0.066305 0.022464 0.000000 0.004794 
15:   0.153078 0.533534 0.065793 0.022507 0.000000 0.004853 
iteration  6
00:   0.093006 0.532343 0.141670 0.021861 0.000000 0.007566 
01:   0.094459 0.532343 0.141618 0.021860 0.000000 0.007565 
02:   0.087384 0.532346 0.141334 0.021873 0.000000 0.007420 
03:   0.095669 0.532344 0.141266 0.021881 0.000000 0.007481 
04:   0.086042 0.532342 0.141425 0.021866 0.000000 0.007427 
05:   0.087891 0.532344 0.141696 0.021874 0.000000 0.007434 
06:   0.086175 0.532343 0.141327 0.021873 0.000000 0.007467 
07:   0.088442 0.532343 0.141075 0.021876 0.000000 0.007510 
08:   0.085545 0.532301 0.067080 0.021924 0.000000 0.004160 
09:   0.089224 0.532302 0.066985 0.021921 0.000000 0.004159 
10:   0.088893 0.532303 0.067096 0.021924 0.000000 0.004190 
11:   0.089488 0.532309 0.066381 0.021923 0.000000 0.004090 
12:   0.086816 0.532297 0.065891 0.021885 0.000000 0.004071 
13:   0.099069 0.532303 0.065998 0.021928 0.000000 0.004049 
14:   0.098544 0.532319 0.064162 0.021897 0.000000 0.004118 
15:   0.097984 0.532306 0.064061 0.021931 0.000000 0.004158 
iteration  7
00:   0.060115 0.532527 0.141979 0.021411 0.000000 0.007429 
01:   0.060643 0.532528 0.141746 0.021380 0.000000 0.007445 
02:   0.058251 0.532530 0.141424 0.021355 0.000000 0.007408 
03:   0.062225 0.532530 0.141538 0.021373 0.000000 0.007388 
04:   0.058536 0.532528 0.141433 0.021381 0.000000 0.007356 
05:   0.058856 0.532525 0.141832 0.021378 0.000000 0.007372 
06:   0.055765 0.532527 0.141233 0.021381 0.000000 0.007384 
07:   0.058789 0.532527 0.141300 0.021362 0.000000 0.007370 
08:   0.056239 0.532516 0.066882 0.021365 0.000000 0.003973 
09:   0.057891 0.532519 0.066895 0.021388 0.000000 0.003997 
10:   0.058787 0.532521 0.066618 0.021384 0.000000 0.003946 
11:   0.056375 0.532521 0.065734 0.021378 0.000000 0.003934 
12:   0.057807 0.532517 0.065480 0.021353 0.000000 0.003879 
13:   0.062827 0.532521 0.065181 0.021357 0.000000 0.003929 
14:   0.064821 0.532523 0.063753 0.021347 0.000000 0.003963 
15:   0.063640 0.532521 0.063402 0.021394 0.000000 0.004033 
iteration  8
00:   0.041729 0.531989 0.140930 0.020919 0.000000 0.007366 
01:   0.041235 0.531988 0.140755 0.020930 0.000000 0.007369 
02:   0.038951 0.531988 0.140552 0.020922 0.000000 0.007301 
03:   0.045086 0.531989 0.140459 0.020917 0.000000 0.007265 
04:   0.039078 0.531987 0.140431 0.020916 0.000000 0.007277 
05:   0.038416 0.531986 0.140947 0.020919 0.000000 0.007300 
06:   0.040524 0.531987 0.140205 0.020916 0.000000 0.007340 
07:   0.039177 0.531987 0.140462 0.020926 0.000000 0.007334 
08:   0.041454 0.531986 0.066672 0.020954 0.000000 0.004047 
09:   0.038999 0.531987 0.066597 0.020957 0.000000 0.003941 
10:   0.040350 0.531988 0.066515 0.020955 0.000000 0.003944 
11:   0.040155 0.531987 0.065995 0.020934 0.000000 0.003927 
12:   0.034545 0.531985 0.065363 0.020953 0.000000 0.003876 
13:   0.042366 0.531987 0.065060 0.020955 0.000000 0.003862 
14:   0.046243 0.531987 0.063552 0.020915 0.000000 0.003962 
15:   0.040936 0.531988 0.062844 0.020932 0.000000 0.003926 
iteration  9
00:   0.030457 0.532668 0.140903 0.020725 0.000000 0.007416 
01:   0.034009 0.532668 0.140834 0.020702 0.000000 0.007410 
02:   0.025242 0.532667 0.140529 0.020724 0.000000 0.007401 
03:   0.032606 0.532667 0.140508 0.020697 0.000000 0.007374 
04:   0.026358 0.532667 0.140283 0.020721 0.000000 0.007374 
05:   0.025613 0.532667 0.140961 0.020714 0.000000 0.007388 
06:   0.031131 0.532667 0.140306 0.020685 0.000000 0.007376 
07:   0.031663 0.532668 0.140240 0.020723 0.000000 0.007380 
08:   0.030162 0.532667 0.066859 0.020705 0.000000 0.003928 
09:   0.023167 0.532667 0.066755 0.020696 0.000000 0.003949 
10:   0.027723 0.532668 0.066638 0.020735 0.000000 0.003986 
11:   0.033891 0.532667 0.065300 0.020709 0.000000 0.003896 
12:   0.029695 0.532668 0.065383 0.020752 0.000000 0.003848 
13:   0.025647 0.532666 0.065113 0.020752 0.000000 0.003860 
14:   0.035793 0.532668 0.063265 0.020759 0.000000 0.003910 
15:   0.029763 0.532667 0.063224 0.020714 0.000000 0.003971 
iteration 10
00:   0.021480 0.532090 0.141166 0.021002 0.000000 0.007357 
01:   0.025706 0.532090 0.140922 0.020998 0.000000 0.007383 
02:   0.019829 0.532089 0.140962 0.021006 0.000000 0.007332 
03:   0.027187 0.532091 0.140818 0.020999 0.000000 0.007331 
04:   0.021043 0.532090 0.140797 0.020998 0.000000 0.007284 
05:   0.021829 0.532089 0.141028 0.021006 0.000000 0.007310 
06:   0.025928 0.532091 0.140734 0.021004 0.000000 0.007366 
07:   0.024924 0.532090 0.140480 0.021002 0.000000 0.007329 
08:   0.023030 0.532090 0.066402 0.021023 0.000000 0.003929 
09:   0.024724 0.532090 0.066313 0.021028 0.000000 0.003967 
10:   0.031331 0.532091 0.066354 0.021032 0.000000 0.003971 
11:   0.024584 0.532089 0.065757 0.021033 0.000000 0.003904 
12:   0.011974 0.532090 0.065143 0.021033 0.000000 0.003825 
13:   0.024857 0.532090 0.065298 0.021034 0.000000 0.003831 
14:   0.024893 0.532090 0.063473 0.021029 0.000000 0.003915 
15:   0.026380 0.532089 0.063079 0.021033 0.000000 0.003966 
iteration 11
00:   0.010171 0.532794 0.140920 0.019425 0.000000 0.007418 
01:   0.022606 0.532794 0.140846 0.019412 0.000000 0.007434 
02:   0.021374 0.532794 0.140710 0.019396 0.000000 0.007395 
03:   0.016869 0.532794 0.140586 0.019392 0.000000 0.007366 
04:   0.017469 0.532794 0.140586 0.019429 0.000000 0.007344 
05:   0.009657 0.532793 0.140903 0.019418 0.000000 0.007364 
06:   0.026261 0.532794 0.140394 0.019395 0.000000 0.007387 
07:   0.020646 0.532794 0.140493 0.019407 0.000000 0.007390 
08:   0.024659 0.532794 0.066312 0.019458 0.000000 0.003960 
09:   0.017165 0.532794 0.066284 0.019471 0.000000 0.004016 
10:   0.020545 0.532794 0.066179 0.019407 0.000000 0.003952 
11:   0.039769 0.532795 0.065642 0.019427 0.000000 0.003868 
12:   0.012870 0.532794 0.065061 0.019427 0.000000 0.003813 
13:   0.011714 0.532794 0.065181 0.019431 0.000000 0.003845 
14:   0.014716 0.532794 0.063383 0.019423 0.000000 0.003963 
15:   0.018671 0.532794 0.063199 0.019454 0.000000 0.003973 
iteration 12
00:   0.012876 0.534006 0.141378 0.021769 0.000000 0.007423 
01:   0.020966 0.534007 0.141348 0.021777 0.000000 0.007431 
02:   0.012696 0.534006 0.141020 0.021783 0.000000 0.007429 
03:   0.017312 0.534006 0.141079 0.021751 0.000000 0.007408 
04:   0.012821 0.534006 0.140955 0.021778 0.000000 0.007353 
05:   0.012761 0.534006 0.141308 0.021770 0.000000 0.007369 
06:   0.022456 0.534007 0.140855 0.021758 0.000000 0.007400 
07:   0.019998 0.534006 0.140891 0.021768 0.000000 0.007433 
08:   0.014499 0.534007 0.066822 0.021792 0.000000 0.003849 
09:   0.018957 0.534007 0.066507 0.021803 0.000000 0.003958 
10:   0.015549 0.534007 0.066382 0.021815 0.000000 0.003918 
11:   0.029973 0.534007 0.065515 0.021777 0.000000 0.003859 
12:   0.015397 0.534007 0.065411 0.021823 0.000000 0.003842 
13:   0.015608 0.534007 0.064898 0.021790 0.000000 0.003814 
14:   0.017933 0.534007 0.063501 0.021808 0.000000 0.003909 
15:   0.016453 0.534007 0.062843 0.021799 0.000000 0.003949 
iteration 13
00:   0.015214 0.532394 0.140885 0.007222 0.000000 0.007404 
01:   0.015147 0.532393 0.140738 0.007219 0.000000 0.007407 
02:   0.015112 0.532393 0.140766 0.007220 0.000000 0.007401 
03:   0.039872 0.532394 0.140594 0.007248 0.000000 0.007345 
04:   0.015215 0.532393 0.140390 0.007218 0.000000 0.007345 
05:   0.015152 0.532392 0.140208 0.007226 0.000000 0.007369 
06:   0.015070 0.532392 0.140586 0.007246 0.000000 0.007406 
07:   0.014905 0.532392 0.140268 0.007240 0.000000 0.007372 
08:   0.016963 0.532393 0.066542 0.007232 0.000000 0.003962 
09:   0.017031 0.532393 0.066522 0.007224 0.000000 0.003996 
10:   0.016880 0.532393 0.066258 0.007219 0.000000 0.003909 
11:   0.016226 0.532393 0.065612 0.007258 0.000000 0.003867 
12:   0.017232 0.532393 0.065146 0.007244 0.000000 0.003833 
13:   0.017227 0.532393 0.065066 0.007234 0.000000 0.003866 
14:   0.015789 0.532393 0.063521 0.007221 0.000000 0.003919 
15:   0.017572 0.532393 0.063358 0.007252 0.000000 0.003896 
/nethome/kalgin/z/mst/run.xeon.sh: line 46:  6598 Killed                  ./turbobust_stub.out $i 16
/nethome/kalgin/z/mst/run.xeon.sh: line 46:  6616 Segmentation fault      (core dumped) ./turbobust_stub.out $i 16
/nethome/kalgin/z/mst/run.xeon.sh: line 61: kill: (6616) - No such process
ls: cannot access /tmp/data.bin: No such file or directory
ls: cannot access /tmp/data.bin: No such file or directory
