threadsCount = 16
loopsCount = 0
7.697
1.511
threadsCount = 1
loopsCount = 0
Done
iterationNumber = 0
iterationNumber = 1
iterationNumber = 2
iterationNumber = 3
iterationNumber = 4
iterationNumber = 5
iterationNumber = 6
iterationNumber = 7
5.039
3.090
iteration  0
00:   0.343192 0.000000 0.088704 0.081889 0.348526 
iteration  1
00:   0.356296 0.000000 0.054590 0.066039 0.246080 
iteration  2
00:   0.421581 0.000000 0.029515 0.061737 0.095527 
iteration  3
00:   0.474740 0.000000 0.018201 0.062291 0.023679 
iteration  4
00:   0.055282 0.000000 0.010327 0.056623 0.012724 
iteration  5
00:   0.014892 0.000000 0.007567 0.033249 0.010510 
iteration  6
00:   0.009704 0.000000 0.007169 0.027833 0.010033 
iteration  7
00:   0.008940 0.000000 0.007132 0.010310 0.010015 
threadsCount = 2
loopsCount = 0
Done
iterationNumber = 0
iterationNumber = 1
iterationNumber = 2
iterationNumber = 3
iterationNumber = 4
iterationNumber = 5
iterationNumber = 6
iterationNumber = 7
2.743
1.819
iteration  0
00:   0.180339 0.000000 0.047178 0.044247 0.158378 
01:   0.184838 0.000000 0.047230 0.044261 0.159536 
iteration  1
00:   0.183281 0.000000 0.027744 0.036748 0.183374 
01:   0.182907 0.000000 0.027786 0.036828 0.199576 
iteration  2
00:   0.217151 0.000000 0.015232 0.033064 0.088450 
01:   0.218393 0.000000 0.015272 0.033112 0.092565 
iteration  3
00:   0.249538 0.000000 0.009543 0.032101 0.030521 
01:   0.248408 0.000000 0.009536 0.032183 0.030479 
iteration  4
00:   0.028680 0.000000 0.005393 0.028628 0.025732 
01:   0.029392 0.000000 0.005392 0.028764 0.025534 
iteration  5
00:   0.007803 0.000000 0.003974 0.016765 0.024842 
01:   0.007876 0.000000 0.003944 0.016850 0.024608 
iteration  6
00:   0.005152 0.000000 0.003778 0.014105 0.024715 
01:   0.005177 0.000000 0.003747 0.014200 0.024507 
iteration  7
00:   0.004784 0.000000 0.003727 0.005415 0.024710 
01:   0.004801 0.000000 0.003693 0.005434 0.024523 
/nethome/kalgin/z/mst/run.xeon.sh: line 45: 183748 Killed                  ./turbobust_stub.out $i 16
threadsCount = 4
loopsCount = 0
Done
iterationNumber = 0
iterationNumber = 1
iterationNumber = 2
iterationNumber = 3
iterationNumber = 4
iterationNumber = 5
iterationNumber = 6
iterationNumber = 7
1.584
1.178
iteration  0
00:   0.106312 0.000000 0.026755 0.022633 0.091513 
01:   0.107108 0.000000 0.027000 0.022631 0.095450 
02:   0.106826 0.000000 0.027032 0.022685 0.095553 
03:   0.108243 0.000000 0.026636 0.022669 0.095492 
iteration  1
00:   0.100495 0.000000 0.014852 0.018969 0.137853 
01:   0.100244 0.000000 0.014887 0.018980 0.147803 
02:   0.100221 0.000000 0.014899 0.019044 0.152073 
03:   0.099966 0.000000 0.014809 0.019041 0.144339 
iteration  2
00:   0.119288 0.000000 0.008267 0.017011 0.066788 
01:   0.117338 0.000000 0.008249 0.017046 0.076631 
02:   0.119742 0.000000 0.008260 0.017120 0.079569 
03:   0.117868 0.000000 0.008239 0.017114 0.070032 
iteration  3
00:   0.140472 0.000000 0.005268 0.016425 0.021723 
01:   0.139478 0.000000 0.005278 0.016491 0.028989 
02:   0.140004 0.000000 0.005321 0.016542 0.033635 
03:   0.138398 0.000000 0.005271 0.016564 0.021721 
iteration  4
00:   0.015979 0.000000 0.002998 0.014654 0.018666 
01:   0.015901 0.000000 0.002983 0.014698 0.025829 
02:   0.016385 0.000000 0.003010 0.014751 0.030794 
03:   0.016208 0.000000 0.003011 0.014762 0.018664 
iteration  5
00:   0.004514 0.000000 0.002340 0.008573 0.018262 
01:   0.004282 0.000000 0.002343 0.008673 0.025166 
02:   0.004446 0.000000 0.002351 0.008705 0.030409 
03:   0.004379 0.000000 0.002351 0.008699 0.018262 
iteration  6
00:   0.003056 0.000000 0.002256 0.007199 0.018133 
01:   0.003017 0.000000 0.002255 0.007277 0.025055 
02:   0.003044 0.000000 0.002250 0.007318 0.030357 
03:   0.003033 0.000000 0.002281 0.007293 0.018133 
iteration  7
00:   0.002931 0.000000 0.002235 0.002873 0.018138 
01:   0.002868 0.000000 0.002282 0.003022 0.025068 
02:   0.002929 0.000000 0.002305 0.002951 0.030379 
03:   0.002892 0.000000 0.002249 0.002981 0.018140 
/nethome/kalgin/z/mst/run.xeon.sh: line 45: 183765 Killed                  ./turbobust_stub.out $i 16
threadsCount = 8
loopsCount = 0
Done
iterationNumber = 0
iterationNumber = 1
iterationNumber = 2
iterationNumber = 3
iterationNumber = 4
iterationNumber = 5
iterationNumber = 6
iterationNumber = 7
3.052
1.132
iteration  0
00:   0.079004 0.000000 0.019012 0.013088 0.071781 
01:   0.082979 0.000000 0.019052 0.013086 0.071824 
02:   0.083984 0.000000 0.019245 0.013073 0.071970 
03:   0.082682 0.000000 0.019022 0.013083 0.072057 
04:   0.082976 0.000000 0.019005 0.013081 0.072304 
05:   0.082901 0.000000 0.018983 0.013082 0.071958 
06:   0.082646 0.000000 0.018866 0.013081 0.071821 
07:   0.084847 0.000000 0.018812 0.013085 0.071766 
iteration  1
00:   0.062772 0.000000 0.009746 0.011036 0.264416 
01:   0.063156 0.000000 0.009743 0.011044 0.295747 
02:   0.063736 0.000000 0.009804 0.011042 0.300255 
03:   0.062667 0.000000 0.009782 0.011045 0.302365 
04:   0.063015 0.000000 0.009801 0.011046 0.305337 
05:   0.062819 0.000000 0.009724 0.011050 0.304765 
06:   0.063113 0.000000 0.009710 0.011034 0.299595 
07:   0.063189 0.000000 0.009670 0.011048 0.292303 
iteration  2
00:   0.074811 0.000000 0.005688 0.009995 0.091796 
01:   0.074574 0.000000 0.005746 0.009991 0.113514 
02:   0.074955 0.000000 0.005755 0.009983 0.116764 
03:   0.072521 0.000000 0.005762 0.009990 0.120297 
04:   0.075170 0.000000 0.005735 0.009947 0.122079 
05:   0.074781 0.000000 0.005750 0.009994 0.119785 
06:   0.073400 0.000000 0.005738 0.009988 0.116666 
07:   0.074663 0.000000 0.005695 0.009991 0.111673 
iteration  3
00:   0.089578 0.000000 0.003527 0.009551 0.021605 
01:   0.088176 0.000000 0.003603 0.009550 0.021661 
02:   0.088131 0.000000 0.003575 0.009550 0.028089 
03:   0.087656 0.000000 0.003598 0.009559 0.030757 
04:   0.089026 0.000000 0.003606 0.009549 0.034282 
05:   0.087229 0.000000 0.003551 0.009556 0.030743 
06:   0.087018 0.000000 0.003579 0.009553 0.025674 
07:   0.087750 0.000000 0.003543 0.009550 0.021615 
iteration  4
00:   0.010087 0.000000 0.002193 0.008489 0.019443 
01:   0.010467 0.000000 0.002188 0.008486 0.019500 
02:   0.010255 0.000000 0.002194 0.008485 0.025796 
03:   0.010196 0.000000 0.002208 0.008488 0.028742 
04:   0.010646 0.000000 0.002223 0.008488 0.032294 
05:   0.010403 0.000000 0.002198 0.008477 0.028687 
06:   0.010441 0.000000 0.002197 0.008475 0.023370 
07:   0.010396 0.000000 0.002231 0.008488 0.019444 
iteration  5
00:   0.003182 0.000000 0.001923 0.005035 0.019052 
01:   0.003201 0.000000 0.001945 0.005032 0.019051 
02:   0.002971 0.000000 0.001922 0.005032 0.023341 
03:   0.003134 0.000000 0.001924 0.005043 0.028261 
04:   0.003178 0.000000 0.001925 0.005034 0.031829 
05:   0.003131 0.000000 0.001922 0.005028 0.028260 
06:   0.003109 0.000000 0.001917 0.005036 0.022998 
07:   0.003059 0.000000 0.001961 0.005030 0.019051 
iteration  6
00:   0.002442 0.000000 0.001938 0.004292 0.018947 
01:   0.002435 0.000000 0.001955 0.004286 0.018942 
02:   0.002409 0.000000 0.001917 0.004282 0.023311 
03:   0.002421 0.000000 0.001942 0.004285 0.028339 
04:   0.002437 0.000000 0.001930 0.004273 0.031794 
05:   0.002431 0.000000 0.001934 0.004275 0.028338 
06:   0.002406 0.000000 0.001951 0.004281 0.023311 
07:   0.002301 0.000000 0.001974 0.004284 0.018942 
iteration  7
00:   0.002449 0.000000 0.001936 0.001699 0.019104 
01:   0.002430 0.000000 0.001949 0.001695 0.019106 
02:   0.002421 0.000000 0.001940 0.001702 0.023463 
03:   0.002430 0.000000 0.001947 0.001696 0.028382 
04:   0.002436 0.000000 0.001932 0.001700 0.031880 
05:   0.002436 0.000000 0.001921 0.001700 0.028380 
06:   0.002438 0.000000 0.001932 0.001694 0.023469 
07:   0.002222 0.000000 0.001954 0.001700 0.019103 
/nethome/kalgin/z/mst/run.xeon.sh: line 45: 183783 Killed                  ./turbobust_stub.out $i 16
threadsCount = 16
loopsCount = 0
Done
iterationNumber = 0
iterationNumber = 1
iterationNumber = 2
iterationNumber = 3
iterationNumber = 4
iterationNumber = 5
iterationNumber = 6
iterationNumber = 7
4.711
1.190
iteration  0
00:   0.043592 0.000000 0.010479 0.010690 0.051065 
01:   0.043850 0.000000 0.010377 0.010725 0.051466 
02:   0.043889 0.000000 0.010486 0.010768 0.051495 
03:   0.043694 0.000000 0.010462 0.010712 0.051683 
04:   0.043910 0.000000 0.010526 0.010715 0.051713 
05:   0.043276 0.000000 0.010490 0.010754 0.051587 
06:   0.043706 0.000000 0.010499 0.010698 0.051827 
07:   0.044214 0.000000 0.010836 0.010721 0.052105 
08:   0.045480 0.000000 0.011219 0.010695 0.057218 
09:   0.046043 0.000000 0.011209 0.010717 0.056502 
10:   0.045965 0.000000 0.011204 0.010726 0.056127 
11:   0.045871 0.000000 0.011197 0.010711 0.055620 
12:   0.046025 0.000000 0.011117 0.010754 0.055111 
13:   0.046002 0.000000 0.011090 0.010674 0.054939 
14:   0.045591 0.000000 0.011010 0.010698 0.054895 
15:   0.046651 0.000000 0.011019 0.010717 0.054796 
iteration  1
00:   0.034797 0.000000 0.005639 0.010536 0.334688 
01:   0.034702 0.000000 0.005601 0.010487 0.409224 
02:   0.034564 0.000000 0.005589 0.010502 0.412699 
03:   0.034606 0.000000 0.005586 0.010559 0.420290 
04:   0.034851 0.000000 0.005593 0.010529 0.425701 
05:   0.034405 0.000000 0.005557 0.010529 0.426954 
06:   0.034540 0.000000 0.005591 0.010495 0.429597 
07:   0.034534 0.000000 0.005855 0.010565 0.436767 
08:   0.033210 0.000000 0.005597 0.010510 0.454571 
09:   0.033020 0.000000 0.005579 0.010480 0.454736 
10:   0.032919 0.000000 0.005566 0.010511 0.450937 
11:   0.032782 0.000000 0.005592 0.010473 0.453302 
12:   0.032977 0.000000 0.005534 0.010520 0.445745 
13:   0.032794 0.000000 0.005545 0.010499 0.449493 
14:   0.032942 0.000000 0.005513 0.010512 0.443756 
15:   0.032924 0.000000 0.005464 0.010472 0.442139 
iteration  2
00:   0.044573 0.000000 0.002839 0.008222 0.161250 
01:   0.043857 0.000000 0.002823 0.008215 0.198601 
02:   0.043933 0.000000 0.002786 0.008228 0.199854 
03:   0.044220 0.000000 0.002834 0.008207 0.203143 
04:   0.044592 0.000000 0.002835 0.008198 0.208660 
05:   0.043398 0.000000 0.002823 0.008179 0.211004 
06:   0.042955 0.000000 0.002779 0.008220 0.216030 
07:   0.042879 0.000000 0.003115 0.008219 0.217711 
08:   0.041925 0.000000 0.003180 0.008171 0.228089 
09:   0.041332 0.000000 0.003173 0.008257 0.226375 
10:   0.040873 0.000000 0.003165 0.008253 0.223524 
11:   0.041776 0.000000 0.003175 0.008210 0.222871 
12:   0.040150 0.000000 0.003144 0.008207 0.222266 
13:   0.040708 0.000000 0.003169 0.008321 0.221771 
14:   0.041429 0.000000 0.003157 0.008344 0.221654 
15:   0.040751 0.000000 0.003143 0.008336 0.220015 
iteration  3
00:   0.054974 0.000000 0.001642 0.006678 0.020850 
01:   0.055151 0.000000 0.001665 0.006687 0.020845 
02:   0.054516 0.000000 0.001594 0.006719 0.020863 
03:   0.054405 0.000000 0.001653 0.006686 0.021489 
04:   0.055041 0.000000 0.001630 0.006707 0.025089 
05:   0.053856 0.000000 0.001638 0.006708 0.026857 
06:   0.054299 0.000000 0.001610 0.006689 0.029404 
07:   0.054134 0.000000 0.001831 0.006730 0.030529 
08:   0.052519 0.000000 0.001937 0.006739 0.032959 
09:   0.050855 0.000000 0.001931 0.006683 0.032073 
10:   0.049681 0.000000 0.001897 0.006710 0.030028 
11:   0.051422 0.000000 0.001935 0.006738 0.028497 
12:   0.050119 0.000000 0.001879 0.006742 0.025529 
13:   0.050526 0.000000 0.001927 0.006672 0.022182 
14:   0.051051 0.000000 0.001919 0.006695 0.021759 
15:   0.050074 0.000000 0.001905 0.006717 0.021703 
iteration  4
00:   0.006256 0.000000 0.000856 0.005299 0.019553 
01:   0.006326 0.000000 0.000892 0.005253 0.019566 
02:   0.006607 0.000000 0.000878 0.005271 0.019555 
03:   0.006417 0.000000 0.000886 0.005265 0.019573 
04:   0.006452 0.000000 0.000875 0.005322 0.022530 
05:   0.006333 0.000000 0.000878 0.005294 0.025379 
06:   0.006428 0.000000 0.000878 0.005238 0.027946 
07:   0.006343 0.000000 0.001003 0.005288 0.029011 
08:   0.005891 0.000000 0.001017 0.005290 0.030724 
09:   0.005748 0.000000 0.000991 0.005235 0.029515 
10:   0.005556 0.000000 0.000994 0.005312 0.028747 
11:   0.005796 0.000000 0.000995 0.005295 0.026721 
12:   0.005697 0.000000 0.000992 0.005273 0.020789 
13:   0.005666 0.000000 0.001006 0.005304 0.019718 
14:   0.005745 0.000000 0.001017 0.005286 0.019694 
15:   0.005512 0.000000 0.001005 0.005249 0.019674 
iteration  5
00:   0.001635 0.000000 0.000682 0.003191 0.019281 
01:   0.001708 0.000000 0.000696 0.003132 0.019282 
02:   0.001693 0.000000 0.000650 0.003139 0.019297 
03:   0.001648 0.000000 0.000636 0.003131 0.019284 
04:   0.001552 0.000000 0.000678 0.003134 0.021822 
05:   0.001504 0.000000 0.000663 0.003166 0.025094 
06:   0.001664 0.000000 0.000669 0.003172 0.027510 
07:   0.001670 0.000000 0.000743 0.003133 0.028647 
08:   0.001685 0.000000 0.000787 0.003115 0.029831 
09:   0.001695 0.000000 0.000741 0.003115 0.029644 
10:   0.001658 0.000000 0.000776 0.003120 0.028453 
11:   0.001650 0.000000 0.000771 0.003169 0.026542 
12:   0.001619 0.000000 0.000772 0.003141 0.020819 
13:   0.001617 0.000000 0.000772 0.003113 0.019346 
14:   0.001589 0.000000 0.000765 0.003118 0.019346 
15:   0.001517 0.000000 0.000766 0.003129 0.019345 
iteration  6
00:   0.000994 0.000000 0.000609 0.002544 0.019296 
01:   0.000997 0.000000 0.000613 0.002482 0.019297 
02:   0.000966 0.000000 0.000592 0.002577 0.019281 
03:   0.000971 0.000000 0.000579 0.002591 0.019294 
04:   0.000962 0.000000 0.000626 0.002533 0.021516 
05:   0.000968 0.000000 0.000586 0.002539 0.025144 
06:   0.000984 0.000000 0.000621 0.002500 0.027446 
07:   0.001080 0.000000 0.000641 0.002544 0.028571 
08:   0.001149 0.000000 0.000664 0.002521 0.029741 
09:   0.001143 0.000000 0.000613 0.002538 0.029450 
10:   0.001138 0.000000 0.000650 0.002518 0.028443 
11:   0.001116 0.000000 0.000665 0.002494 0.026659 
12:   0.001105 0.000000 0.000679 0.002530 0.020639 
13:   0.001115 0.000000 0.000669 0.002552 0.019393 
14:   0.001075 0.000000 0.000655 0.002516 0.019386 
15:   0.000929 0.000000 0.000667 0.002509 0.019388 
iteration  7
00:   0.000919 0.000000 0.000629 0.001186 0.019342 
01:   0.000917 0.000000 0.000632 0.001191 0.019369 
02:   0.000881 0.000000 0.000624 0.001191 0.019343 
03:   0.000894 0.000000 0.000590 0.001189 0.019381 
04:   0.000893 0.000000 0.000639 0.001190 0.021458 
05:   0.000896 0.000000 0.000603 0.001190 0.025114 
06:   0.000900 0.000000 0.000632 0.001191 0.027504 
07:   0.001001 0.000000 0.000654 0.001193 0.028566 
08:   0.001096 0.000000 0.000687 0.001158 0.029751 
09:   0.001100 0.000000 0.000612 0.001162 0.029398 
10:   0.001088 0.000000 0.000661 0.001165 0.028446 
11:   0.001105 0.000000 0.000672 0.001162 0.026612 
12:   0.001068 0.000000 0.000688 0.001161 0.020467 
13:   0.001089 0.000000 0.000659 0.001163 0.019435 
14:   0.000982 0.000000 0.000668 0.001162 0.019402 
15:   0.000924 0.000000 0.000667 0.001156 0.019424 
/nethome/kalgin/z/mst/run.xeon.sh: line 45: 183801 Killed                  ./turbobust_stub.out $i 16
/nethome/kalgin/z/mst/run.xeon.sh: line 45: 183819 Segmentation fault      (core dumped) ./turbobust_stub.out $i 16
/nethome/kalgin/z/mst/run.xeon.sh: line 60: kill: (183819) - No such process
