threadsCount = 16
loopsCount = 0
7.677
1.499
threadsCount = 1
loopsCount = 0
Done
iterationNumber = 0
iterationNumber = 1
iterationNumber = 2
iterationNumber = 3
iterationNumber = 4
iterationNumber = 5
iterationNumber = 6
iterationNumber = 7
1.788
10.594
iteration  0
00:   1.471819 0.705618 1.422981 0.019056 0.268680 2.195873 
iteration  1
00:   0.743037 0.319788 0.442228 0.046000 0.077533 1.058317 
iteration  2
00:   0.268483 0.130910 0.137435 0.043349 0.027864 0.246275 
iteration  3
00:   0.019662 0.088697 0.064858 0.043301 0.014006 0.037449 
iteration  4
00:   0.008351 0.074824 0.040984 0.040232 0.008970 0.021189 
iteration  5
00:   0.006938 0.070858 0.034924 0.026794 0.007696 0.018565 
iteration  6
00:   0.006809 0.070417 0.033935 0.020044 0.007509 0.018061 
iteration  7
00:   0.006797 0.070372 0.033799 0.010553 0.007536 0.018022 
threadsCount = 2
loopsCount = 0
Done
iterationNumber = 0
iterationNumber = 1
iterationNumber = 2
iterationNumber = 3
iterationNumber = 4
iterationNumber = 5
iterationNumber = 6
iterationNumber = 7
1.087
6.893
iteration  0
00:   0.797957 0.383688 1.071444 0.029475 0.573690 1.188455 
01:   0.793057 0.379408 1.096451 0.028711 0.573516 1.173960 
iteration  1
00:   0.411760 0.180259 0.334548 0.035238 0.143445 0.581247 
01:   0.400382 0.176991 0.320911 0.034249 0.143458 0.556492 
iteration  2
00:   0.145481 0.071864 0.093216 0.032718 0.032409 0.142020 
01:   0.138004 0.071593 0.090532 0.031553 0.032417 0.134881 
iteration  3
00:   0.011171 0.051176 0.041700 0.031705 0.010853 0.023217 
01:   0.010309 0.051215 0.039958 0.030620 0.010847 0.023491 
iteration  4
00:   0.004385 0.044102 0.023412 0.027843 0.005733 0.014716 
01:   0.004433 0.044141 0.022701 0.027081 0.005738 0.014420 
iteration  5
00:   0.003652 0.042223 0.019588 0.019372 0.004423 0.012538 
01:   0.003667 0.042226 0.018761 0.018778 0.004417 0.011817 
iteration  6
00:   0.003601 0.042023 0.018441 0.015587 0.004435 0.012785 
01:   0.003613 0.042023 0.017586 0.015049 0.004428 0.012526 
iteration  7
00:   0.003722 0.042082 0.018711 0.005872 0.004290 0.012391 
01:   0.003566 0.042082 0.017755 0.005612 0.004292 0.011576 
/nethome/kalgin/z/mst/run.xeon.sh: line 45: 50111 Killed                  ./turbobust_stub.out $i 16
threadsCount = 4
loopsCount = 0
Done
iterationNumber = 0
iterationNumber = 1
iterationNumber = 2
iterationNumber = 3
iterationNumber = 4
iterationNumber = 5
iterationNumber = 6
iterationNumber = 7
0.836
4.792
iteration  0
00:   0.450208 0.222265 0.750813 0.015598 0.844769 0.658844 
01:   0.420081 0.216550 0.722878 0.015608 0.844785 0.658119 
02:   0.417932 0.216700 0.727367 0.015588 0.844769 0.658455 
03:   0.417866 0.216519 0.724838 0.015591 0.844742 0.654872 
iteration  1
00:   0.214147 0.100752 0.207237 0.017833 0.212493 0.319730 
01:   0.213466 0.100586 0.209839 0.017868 0.212485 0.320970 
02:   0.212322 0.100689 0.209775 0.017882 0.212479 0.319441 
03:   0.211926 0.100575 0.210014 0.017870 0.212490 0.317378 
iteration  2
00:   0.075654 0.050479 0.054219 0.016506 0.046694 0.082359 
01:   0.075664 0.050510 0.054827 0.016553 0.046702 0.081863 
02:   0.075241 0.050531 0.054967 0.016572 0.046697 0.081507 
03:   0.075232 0.050533 0.054374 0.016562 0.046697 0.081779 
iteration  3
00:   0.005916 0.039717 0.023576 0.015860 0.013199 0.016505 
01:   0.006015 0.039735 0.023676 0.015851 0.013184 0.016871 
02:   0.005944 0.039720 0.023589 0.015878 0.013204 0.016535 
03:   0.005819 0.039717 0.023652 0.015919 0.013200 0.017111 
iteration  4
00:   0.002682 0.036736 0.013031 0.014003 0.003812 0.010565 
01:   0.002731 0.036735 0.013244 0.014012 0.003811 0.010895 
02:   0.002659 0.036734 0.013005 0.014025 0.003811 0.010845 
03:   0.002717 0.036744 0.013265 0.014035 0.003810 0.010157 
iteration  5
00:   0.002518 0.035399 0.010602 0.009527 0.002798 0.009570 
01:   0.002518 0.035399 0.010448 0.009552 0.002806 0.009594 
02:   0.002474 0.035400 0.010392 0.009571 0.002806 0.009937 
03:   0.002514 0.035400 0.010452 0.009574 0.002806 0.009607 
iteration  6
00:   0.002368 0.035209 0.010401 0.007514 0.002673 0.009403 
01:   0.002364 0.035207 0.010304 0.007632 0.002674 0.009411 
02:   0.002365 0.035210 0.010330 0.007637 0.002674 0.009707 
03:   0.002385 0.035209 0.010260 0.007552 0.002671 0.009895 
iteration  7
00:   0.002452 0.035463 0.010023 0.002839 0.002590 0.009420 
01:   0.002432 0.035463 0.010152 0.002941 0.002578 0.009742 
02:   0.002456 0.035463 0.010085 0.002872 0.002590 0.009422 
03:   0.002442 0.035463 0.010084 0.002851 0.002591 0.009418 
/nethome/kalgin/z/mst/run.xeon.sh: line 45: 50129 Killed                  ./turbobust_stub.out $i 16
threadsCount = 8
loopsCount = 0
Done
iterationNumber = 0
iterationNumber = 1
iterationNumber = 2
iterationNumber = 3
iterationNumber = 4
iterationNumber = 5
iterationNumber = 6
iterationNumber = 7
0.648
3.663
iteration  0
00:   0.241571 0.141075 0.451649 0.007760 0.849513 0.489337 
01:   0.240822 0.141047 0.454463 0.007759 0.849516 0.489446 
02:   0.240831 0.140930 0.460028 0.007757 0.849507 0.489190 
03:   0.240192 0.140965 0.461423 0.007748 0.849510 0.490509 
04:   0.240168 0.141024 0.463232 0.007759 0.849475 0.489633 
05:   0.239338 0.141090 0.463305 0.007761 0.849480 0.488905 
06:   0.240080 0.140949 0.464511 0.007759 0.849471 0.487501 
07:   0.242001 0.140859 0.464777 0.007760 0.849416 0.487452 
iteration  1
00:   0.131161 0.071651 0.129183 0.009333 0.216185 0.248347 
01:   0.130927 0.071522 0.128899 0.009331 0.216178 0.247292 
02:   0.130138 0.071611 0.130361 0.009332 0.216185 0.247423 
03:   0.130433 0.071554 0.130305 0.009330 0.216173 0.246873 
04:   0.130324 0.071583 0.131047 0.009332 0.216173 0.247600 
05:   0.129794 0.071585 0.130557 0.009333 0.216184 0.246322 
06:   0.129967 0.071594 0.130810 0.009328 0.216169 0.245362 
07:   0.129732 0.071540 0.130743 0.009334 0.216155 0.245840 
iteration  2
00:   0.046568 0.044211 0.031788 0.008586 0.048844 0.060583 
01:   0.046249 0.044215 0.031729 0.008581 0.048836 0.059800 
02:   0.046400 0.044213 0.031845 0.008577 0.048851 0.059659 
03:   0.046243 0.044226 0.032072 0.008580 0.048846 0.059789 
04:   0.046462 0.044226 0.032033 0.008578 0.048864 0.059204 
05:   0.045921 0.044226 0.031856 0.008583 0.048849 0.059638 
06:   0.045858 0.044190 0.032115 0.008579 0.048860 0.059527 
07:   0.045670 0.044177 0.032277 0.008579 0.048854 0.059293 
iteration  3
00:   0.004445 0.038322 0.014404 0.008204 0.014418 0.015503 
01:   0.004473 0.038324 0.014248 0.008209 0.014432 0.015320 
02:   0.004513 0.038338 0.014452 0.008211 0.014437 0.015357 
03:   0.004501 0.038334 0.014371 0.008207 0.014439 0.015156 
04:   0.004396 0.038334 0.014307 0.008199 0.014439 0.015439 
05:   0.004435 0.038332 0.014368 0.008209 0.014432 0.015664 
06:   0.004440 0.038334 0.014361 0.008207 0.014429 0.015417 
07:   0.004484 0.038334 0.014408 0.008208 0.014423 0.014911 
iteration  4
00:   0.002594 0.037096 0.008750 0.007155 0.003468 0.010000 
01:   0.002609 0.037088 0.008479 0.007150 0.003465 0.010372 
02:   0.002611 0.037081 0.008391 0.007154 0.003457 0.010377 
03:   0.002576 0.037083 0.008464 0.007154 0.003464 0.010565 
04:   0.002582 0.037080 0.008480 0.007153 0.003458 0.010317 
05:   0.002578 0.037091 0.008437 0.007158 0.003464 0.010331 
06:   0.002505 0.037076 0.008405 0.007154 0.003458 0.010355 
07:   0.002523 0.037085 0.008537 0.007158 0.003462 0.009594 
iteration  5
00:   0.002320 0.036712 0.007522 0.004899 0.002706 0.011332 
01:   0.002353 0.036711 0.007614 0.004888 0.002713 0.011645 
02:   0.002305 0.036710 0.007571 0.004900 0.002714 0.011302 
03:   0.002328 0.036710 0.007595 0.004904 0.002712 0.011644 
04:   0.002325 0.036709 0.007510 0.004900 0.002713 0.011205 
05:   0.002308 0.036710 0.007489 0.004895 0.002708 0.011667 
06:   0.002321 0.036712 0.007572 0.004899 0.002713 0.011615 
07:   0.002293 0.036711 0.007570 0.004906 0.002715 0.010714 
iteration  6
00:   0.002493 0.036771 0.007495 0.004022 0.002692 0.011973 
01:   0.002492 0.036771 0.007502 0.004015 0.002691 0.011235 
02:   0.002398 0.036771 0.007425 0.004028 0.002690 0.011818 
03:   0.002440 0.036771 0.007479 0.004026 0.002694 0.012148 
04:   0.002468 0.036771 0.007379 0.004023 0.002692 0.012160 
05:   0.002440 0.036771 0.007318 0.004016 0.002683 0.012190 
06:   0.002438 0.036771 0.007287 0.004024 0.002691 0.011814 
07:   0.002438 0.036771 0.007295 0.004024 0.002689 0.011443 
iteration  7
00:   0.002421 0.036948 0.007606 0.001575 0.002615 0.008889 
01:   0.002424 0.036948 0.007626 0.001587 0.002616 0.009356 
02:   0.002440 0.036948 0.007461 0.001588 0.002616 0.009343 
03:   0.002447 0.036948 0.007545 0.001578 0.002616 0.009365 
04:   0.002435 0.036948 0.007542 0.001587 0.002620 0.009323 
05:   0.002409 0.036948 0.007523 0.001588 0.002615 0.009330 
06:   0.002399 0.036948 0.007470 0.001588 0.002621 0.009333 
07:   0.002354 0.036948 0.007444 0.001587 0.002615 0.008368 
/nethome/kalgin/z/mst/run.xeon.sh: line 45: 50147 Killed                  ./turbobust_stub.out $i 16
threadsCount = 16
loopsCount = 0
Done
iterationNumber = 0
iterationNumber = 1
iterationNumber = 2
iterationNumber = 3
iterationNumber = 4
iterationNumber = 5
iterationNumber = 6
iterationNumber = 7
0.547
3.951
iteration  0
00:   0.174540 0.126471 0.349595 0.006959 1.463153 0.290188 
01:   0.151940 0.126119 0.326232 0.006956 1.463160 0.283353 
02:   0.174087 0.126370 0.357004 0.006963 1.463104 0.291220 
03:   0.173006 0.126444 0.359767 0.006942 1.463115 0.289896 
04:   0.152013 0.126308 0.329067 0.006953 1.463121 0.282375 
05:   0.173265 0.126370 0.361630 0.006958 1.463109 0.289258 
06:   0.173219 0.126307 0.361720 0.006955 1.463133 0.289432 
07:   0.151021 0.126240 0.332020 0.006956 1.463137 0.281558 
08:   0.119686 0.115638 0.285354 0.006977 1.459723 0.270173 
09:   0.131626 0.115549 0.309538 0.006951 1.459635 0.269008 
10:   0.119285 0.115673 0.285546 0.006944 1.459671 0.268623 
11:   0.131352 0.115640 0.308211 0.006950 1.459695 0.268751 
12:   0.132161 0.115689 0.310715 0.006949 1.459688 0.268936 
13:   0.130730 0.115522 0.309659 0.006967 1.459664 0.267776 
14:   0.118380 0.115430 0.283517 0.006968 1.459655 0.269129 
15:   0.133352 0.115468 0.308449 0.006950 1.459619 0.266673 
iteration  1
00:   0.072273 0.064498 0.098699 0.009833 0.376438 0.144719 
01:   0.072306 0.064451 0.091733 0.009788 0.376408 0.145016 
02:   0.072188 0.064552 0.100841 0.009868 0.376389 0.144759 
03:   0.072148 0.064475 0.101880 0.009835 0.376376 0.143735 
04:   0.072617 0.064516 0.093188 0.009822 0.376419 0.143909 
05:   0.071819 0.064526 0.101641 0.009821 0.376375 0.144485 
06:   0.072177 0.064417 0.101968 0.009836 0.376434 0.144642 
07:   0.072174 0.064518 0.093853 0.009809 0.376395 0.144746 
08:   0.068553 0.062145 0.081917 0.009854 0.375481 0.140648 
09:   0.068242 0.062142 0.087832 0.009807 0.375443 0.140864 
10:   0.068429 0.062244 0.081922 0.009784 0.375444 0.140959 
11:   0.068387 0.062237 0.087534 0.009808 0.375418 0.140825 
12:   0.068176 0.062241 0.088510 0.009813 0.375462 0.139798 
13:   0.068041 0.062224 0.087388 0.009803 0.375432 0.140042 
14:   0.067943 0.061847 0.081285 0.009841 0.375442 0.140072 
15:   0.067819 0.062159 0.087875 0.009793 0.375455 0.139727 
iteration  2
00:   0.027802 0.044918 0.024022 0.007595 0.095813 0.046768 
01:   0.028070 0.044922 0.022707 0.007584 0.095835 0.046984 
02:   0.028204 0.044945 0.024589 0.007597 0.095808 0.046636 
03:   0.028018 0.044965 0.024429 0.007594 0.095851 0.046556 
04:   0.028112 0.044932 0.022427 0.007596 0.095804 0.046830 
05:   0.027845 0.044987 0.024707 0.007586 0.095838 0.046885 
06:   0.028016 0.044958 0.024629 0.007595 0.095820 0.046805 
07:   0.028102 0.044964 0.022850 0.007599 0.095825 0.046784 
08:   0.026310 0.044538 0.019382 0.007554 0.095580 0.043689 
09:   0.026161 0.044560 0.020256 0.007553 0.095606 0.043678 
10:   0.026505 0.044578 0.019492 0.007546 0.095605 0.043656 
11:   0.026394 0.044578 0.020236 0.007546 0.095589 0.043236 
12:   0.026224 0.044565 0.020260 0.007552 0.095606 0.043074 
13:   0.026162 0.044557 0.020105 0.007548 0.095586 0.043175 
14:   0.025987 0.044456 0.019336 0.007549 0.095588 0.043558 
15:   0.026119 0.044565 0.020276 0.007544 0.095607 0.042784 
iteration  3
00:   0.002653 0.041443 0.012844 0.005962 0.028078 0.023251 
01:   0.002684 0.041440 0.012208 0.005956 0.028084 0.023664 
02:   0.002694 0.041437 0.012864 0.005964 0.028079 0.023523 
03:   0.002575 0.041437 0.012883 0.005990 0.028071 0.023846 
04:   0.002736 0.041442 0.011941 0.005952 0.028062 0.023553 
05:   0.002647 0.041443 0.012897 0.005936 0.028075 0.023597 
06:   0.002586 0.041439 0.012887 0.005900 0.028073 0.023593 
07:   0.002659 0.041431 0.012043 0.005916 0.028067 0.023620 
08:   0.002762 0.041376 0.008715 0.005970 0.027974 0.021096 
09:   0.002868 0.041378 0.008958 0.005909 0.027980 0.020929 
10:   0.002881 0.041382 0.008805 0.005960 0.027981 0.021006 
11:   0.002889 0.041382 0.008926 0.005905 0.027983 0.021171 
12:   0.002866 0.041382 0.009003 0.005938 0.027987 0.020903 
13:   0.002842 0.041387 0.008974 0.005925 0.027986 0.021488 
14:   0.002774 0.041370 0.008717 0.005915 0.027983 0.021401 
15:   0.002830 0.041380 0.008897 0.005919 0.027980 0.020310 
iteration  4
00:   0.001060 0.040429 0.009953 0.004641 0.005557 0.015279 
01:   0.000999 0.040432 0.009811 0.004664 0.005549 0.015795 
02:   0.000976 0.040429 0.009865 0.004627 0.005557 0.015797 
03:   0.001048 0.040433 0.010183 0.004621 0.005558 0.015798 
04:   0.001029 0.040428 0.009749 0.004607 0.005558 0.015293 
05:   0.001008 0.040431 0.009986 0.004640 0.005560 0.015778 
06:   0.001032 0.040430 0.009999 0.004591 0.005555 0.015796 
07:   0.001011 0.040430 0.009861 0.004595 0.005560 0.015734 
08:   0.001200 0.040427 0.005593 0.004658 0.005566 0.013674 
09:   0.001195 0.040424 0.005495 0.004607 0.005550 0.015054 
10:   0.001210 0.040425 0.005481 0.004636 0.005566 0.014702 
11:   0.001193 0.040423 0.005386 0.004604 0.005565 0.015074 
12:   0.001173 0.040423 0.005373 0.004642 0.005559 0.014649 
13:   0.001155 0.040426 0.005500 0.004605 0.005560 0.014689 
14:   0.001183 0.040427 0.005455 0.004599 0.005570 0.014727 
15:   0.001120 0.040422 0.005427 0.004621 0.005548 0.014625 
iteration  5
00:   0.001101 0.040217 0.009464 0.003088 0.003111 0.013773 
01:   0.001088 0.040217 0.009452 0.003086 0.003078 0.014118 
02:   0.001080 0.040218 0.009450 0.003069 0.003106 0.013776 
03:   0.001076 0.040217 0.009452 0.003091 0.003111 0.013781 
04:   0.001081 0.040217 0.009430 0.003093 0.003064 0.014119 
05:   0.001098 0.040217 0.009402 0.003066 0.003035 0.012806 
06:   0.001099 0.040217 0.009398 0.003059 0.003054 0.014092 
07:   0.001057 0.040217 0.009414 0.003082 0.003085 0.014088 
08:   0.001179 0.040217 0.004939 0.003078 0.003060 0.013981 
09:   0.001180 0.040216 0.004955 0.003105 0.003040 0.013931 
10:   0.001161 0.040216 0.004949 0.003091 0.003048 0.013948 
11:   0.001184 0.040217 0.004906 0.003089 0.003070 0.013474 
12:   0.001129 0.040216 0.004900 0.003110 0.003087 0.013963 
13:   0.001186 0.040216 0.004876 0.003068 0.003071 0.013950 
14:   0.001185 0.040217 0.004935 0.003146 0.003087 0.013975 
15:   0.001182 0.040217 0.004895 0.003091 0.003004 0.013571 
iteration  6
00:   0.001195 0.040404 0.009547 0.002376 0.003097 0.012270 
01:   0.001191 0.040404 0.009517 0.002363 0.003066 0.013717 
02:   0.001192 0.040404 0.009490 0.002365 0.003054 0.013710 
03:   0.001181 0.040404 0.009552 0.002375 0.003055 0.013703 
04:   0.001202 0.040404 0.009529 0.002351 0.003079 0.013664 
05:   0.001194 0.040404 0.009504 0.002368 0.003068 0.013139 
06:   0.001166 0.040404 0.009547 0.002362 0.003050 0.013693 
07:   0.001110 0.040404 0.009553 0.002370 0.003088 0.013713 
08:   0.001477 0.040404 0.004819 0.002361 0.003052 0.013961 
09:   0.001481 0.040403 0.004817 0.002365 0.003075 0.013899 
10:   0.001468 0.040404 0.004802 0.002351 0.003050 0.013939 
11:   0.001476 0.040404 0.004798 0.002372 0.003050 0.013906 
12:   0.001462 0.040403 0.004770 0.002348 0.003083 0.013947 
13:   0.001458 0.040404 0.004760 0.002367 0.003051 0.013871 
14:   0.001463 0.040403 0.004741 0.002379 0.003050 0.013941 
15:   0.001471 0.040403 0.004764 0.002383 0.003058 0.012907 
iteration  7
00:   0.001349 0.040616 0.009442 0.001068 0.003000 0.014404 
01:   0.001338 0.040616 0.009448 0.001073 0.003020 0.015811 
02:   0.001339 0.040614 0.009425 0.001055 0.003003 0.015404 
03:   0.001346 0.040613 0.009410 0.001058 0.002999 0.015794 
04:   0.001322 0.040616 0.009404 0.001131 0.003009 0.015358 
05:   0.001334 0.040616 0.009366 0.001085 0.003019 0.015811 
06:   0.001330 0.040616 0.009395 0.001100 0.003015 0.015793 
07:   0.001219 0.040616 0.009416 0.001131 0.003005 0.015414 
08:   0.001715 0.040615 0.004820 0.001071 0.003000 0.016312 
09:   0.001704 0.040616 0.004793 0.001085 0.003039 0.016284 
10:   0.001700 0.040616 0.004832 0.001053 0.002998 0.016315 
11:   0.001706 0.040616 0.004853 0.001062 0.003020 0.016273 
12:   0.001687 0.040616 0.004806 0.001051 0.003000 0.016304 
13:   0.001708 0.040616 0.004801 0.001075 0.002998 0.015784 
14:   0.001695 0.040616 0.004805 0.001065 0.003002 0.016296 
15:   0.001703 0.040616 0.004762 0.001077 0.003000 0.015871 
/nethome/kalgin/z/mst/run.xeon.sh: line 45: 50165 Killed                  ./turbobust_stub.out $i 16
/nethome/kalgin/z/mst/run.xeon.sh: line 45: 50183 Segmentation fault      (core dumped) ./turbobust_stub.out $i 16
/nethome/kalgin/z/mst/run.xeon.sh: line 60: kill: (50183) - No such process
