threadsCount = 16
loopsCount = 52
15.683
3.298
threadsCount = 1
loopsCount = 52
Done
iterationNumber = 0
iterationNumber = 1
iterationNumber = 2
iterationNumber = 3
iterationNumber = 4
iterationNumber = 5
iterationNumber = 6
iterationNumber = 7
iterationNumber = 8
iterationNumber = 9
11.055
15.307
iteration  0
00:   0.226974 0.689447 1.430627 0.018869 0.000000 0.242757 
iteration  1
00:   0.930061 0.307338 0.453020 0.041666 0.000000 0.076735 
iteration  2
00:   1.079201 0.123094 0.127528 0.031608 0.000000 0.019708 
iteration  3
00:   1.000108 0.079845 0.052803 0.027616 0.000000 0.006219 
iteration  4
00:   0.973788 0.072902 0.038719 0.020932 0.000000 0.003680 
iteration  5
00:   0.965204 0.071724 0.035950 0.017799 0.000000 0.002815 
iteration  6
00:   0.968953 0.071517 0.034611 0.018862 0.000000 0.002619 
iteration  7
00:   0.995591 0.068777 0.034924 0.019742 0.000000 0.002864 
iteration  8
00:   1.190746 0.071782 0.035657 0.018489 0.000000 0.002918 
iteration  9
00:   2.463187 0.069939 0.034500 0.004798 0.000000 0.002883 
threadsCount = 2
loopsCount = 52
Done
iterationNumber = 0
iterationNumber = 1
iterationNumber = 2
iterationNumber = 3
iterationNumber = 4
iterationNumber = 5
iterationNumber = 6
iterationNumber = 7
iterationNumber = 8
iterationNumber = 9
5.601
9.757
iteration  0
00:   0.113968 0.354910 1.015479 0.008923 0.000000 0.116287 
01:   0.121893 0.354194 1.046823 0.008899 0.000000 0.117796 
iteration  1
00:   0.467875 0.156422 0.300445 0.022310 0.000000 0.039504 
01:   0.478637 0.156252 0.305382 0.022370 0.000000 0.039508 
iteration  2
00:   0.533140 0.063663 0.078890 0.016767 0.000000 0.010627 
01:   0.532884 0.063641 0.079222 0.016866 0.000000 0.010555 
iteration  3
00:   0.505167 0.043597 0.028755 0.013353 0.000000 0.003090 
01:   0.504334 0.043612 0.029281 0.013421 0.000000 0.003166 
iteration  4
00:   0.484559 0.039873 0.019651 0.010122 0.000000 0.001582 
01:   0.505274 0.039881 0.019651 0.010148 0.000000 0.001591 
iteration  5
00:   0.493124 0.039646 0.018497 0.008549 0.000000 0.001339 
01:   0.495160 0.039647 0.018506 0.008554 0.000000 0.001349 
iteration  6
00:   0.467766 0.039240 0.018272 0.009144 0.000000 0.001312 
01:   0.519075 0.039241 0.018299 0.009181 0.000000 0.001317 
iteration  7
00:   0.339412 0.039251 0.017874 0.009295 0.000000 0.001312 
01:   0.660026 0.039251 0.017922 0.009342 0.000000 0.001322 
iteration  8
00:   0.838319 0.038596 0.018400 0.008825 0.000000 0.001305 
01:   0.319598 0.038566 0.018401 0.008870 0.000000 0.001311 
iteration  9
00:   0.002462 0.038830 0.018015 0.002451 0.000000 0.001309 
01:   2.361227 0.038830 0.018042 0.002424 0.000000 0.001318 
/nethome/kalgin/z/mst/run.rand.sh: line 47: 171660 Killed                  ./turbobust_stub.out $i 16
threadsCount = 4
loopsCount = 52
Done
iterationNumber = 0
iterationNumber = 1
iterationNumber = 2
iterationNumber = 3
iterationNumber = 4
iterationNumber = 5
iterationNumber = 6
iterationNumber = 7
iterationNumber = 8
iterationNumber = 9
3.852
7.059
iteration  0
00:   0.059393 0.201610 0.683818 0.004523 0.000000 0.058119 
01:   0.059510 0.201115 0.702175 0.004515 0.000000 0.057805 
02:   0.060202 0.201294 0.705006 0.004512 0.000000 0.058212 
03:   0.059664 0.200873 0.704369 0.004515 0.000000 0.057647 
iteration  1
00:   0.237176 0.095019 0.200570 0.011383 0.000000 0.020495 
01:   0.240351 0.095085 0.201889 0.011420 0.000000 0.020360 
02:   0.246451 0.095022 0.201507 0.011449 0.000000 0.020235 
03:   0.222257 0.094935 0.202294 0.011428 0.000000 0.020268 
iteration  2
00:   0.272256 0.046411 0.051261 0.008521 0.000000 0.005651 
01:   0.271197 0.046412 0.051145 0.008566 0.000000 0.005547 
02:   0.268661 0.046419 0.051137 0.008579 0.000000 0.005524 
03:   0.265388 0.046425 0.051162 0.008660 0.000000 0.005544 
iteration  3
00:   0.253028 0.036055 0.017801 0.006735 0.000000 0.001634 
01:   0.250110 0.036052 0.017788 0.006779 0.000000 0.001599 
02:   0.246619 0.036065 0.017867 0.006803 0.000000 0.001655 
03:   0.249554 0.036044 0.017807 0.006805 0.000000 0.001612 
iteration  4
00:   0.235454 0.034017 0.011342 0.005061 0.000000 0.000783 
01:   0.243029 0.034023 0.011547 0.005142 0.000000 0.000805 
02:   0.250660 0.034025 0.011500 0.005142 0.000000 0.000803 
03:   0.242184 0.034023 0.011295 0.005133 0.000000 0.000803 
iteration  5
00:   0.211912 0.033828 0.010396 0.004318 0.000000 0.000676 
01:   0.271576 0.033829 0.010360 0.004314 0.000000 0.000667 
02:   0.252954 0.033829 0.010392 0.004319 0.000000 0.000673 
03:   0.227995 0.033828 0.010451 0.004314 0.000000 0.000678 
iteration  6
00:   0.307815 0.033920 0.010376 0.004666 0.000000 0.000654 
01:   0.150150 0.033919 0.010348 0.004669 0.000000 0.000652 
02:   0.275014 0.033920 0.010269 0.004659 0.000000 0.000654 
03:   0.228974 0.033920 0.010280 0.004574 0.000000 0.000659 
iteration  7
00:   0.230276 0.033878 0.010081 0.004713 0.000000 0.000654 
01:   0.103381 0.033872 0.010062 0.004677 0.000000 0.000654 
02:   0.191335 0.033875 0.010027 0.004611 0.000000 0.000654 
03:   0.453307 0.033883 0.009988 0.004684 0.000000 0.000656 
iteration  8
00:   0.002046 0.033701 0.010431 0.004480 0.000000 0.000654 
01:   0.831626 0.033701 0.010546 0.004386 0.000000 0.000654 
02:   0.305421 0.033672 0.010364 0.004476 0.000000 0.000655 
03:   0.002015 0.033671 0.010330 0.004431 0.000000 0.000657 
iteration  9
00:   0.002053 0.033739 0.010326 0.001216 0.000000 0.000658 
01:   0.002043 0.033711 0.010253 0.001245 0.000000 0.000657 
02:   2.319628 0.033741 0.010238 0.001244 0.000000 0.000656 
03:   0.002031 0.033709 0.010272 0.001244 0.000000 0.000660 
/nethome/kalgin/z/mst/run.rand.sh: line 47: 171678 Killed                  ./turbobust_stub.out $i 16
threadsCount = 8
loopsCount = 52
Done
iterationNumber = 0
iterationNumber = 1
iterationNumber = 2
iterationNumber = 3
iterationNumber = 4
iterationNumber = 5
iterationNumber = 6
iterationNumber = 7
iterationNumber = 8
iterationNumber = 9
1.701
5.862
iteration  0
00:   0.035855 0.145754 0.469052 0.002363 0.000000 0.034597 
01:   0.034461 0.145799 0.444101 0.002370 0.000000 0.034258 
02:   0.035834 0.145515 0.446634 0.002365 0.000000 0.034809 
03:   0.035579 0.145672 0.445131 0.002362 0.000000 0.034261 
04:   0.034791 0.145562 0.447365 0.002365 0.000000 0.033513 
05:   0.033895 0.145579 0.448559 0.002364 0.000000 0.033852 
06:   0.034083 0.145375 0.447774 0.002364 0.000000 0.033918 
07:   0.034811 0.145430 0.448210 0.002361 0.000000 0.033798 
iteration  1
00:   0.133467 0.074075 0.138836 0.005846 0.000000 0.012184 
01:   0.131029 0.074154 0.130828 0.005862 0.000000 0.012176 
02:   0.137985 0.074200 0.131190 0.005859 0.000000 0.012168 
03:   0.136539 0.074192 0.130718 0.005859 0.000000 0.012066 
04:   0.131815 0.074095 0.130278 0.005861 0.000000 0.011918 
05:   0.125165 0.074148 0.131153 0.005861 0.000000 0.012003 
06:   0.125221 0.073815 0.131529 0.005858 0.000000 0.012125 
07:   0.119276 0.074145 0.131115 0.005859 0.000000 0.011983 
iteration  2
00:   0.144658 0.041675 0.036037 0.004429 0.000000 0.003427 
01:   0.145165 0.041707 0.033658 0.004432 0.000000 0.003395 
02:   0.145030 0.041702 0.033831 0.004411 0.000000 0.003416 
03:   0.143874 0.041709 0.033435 0.004440 0.000000 0.003337 
04:   0.142908 0.041683 0.033447 0.004433 0.000000 0.003283 
05:   0.143277 0.041689 0.033752 0.004433 0.000000 0.003357 
06:   0.145293 0.041579 0.033802 0.004427 0.000000 0.003343 
07:   0.139895 0.041680 0.033678 0.004428 0.000000 0.003344 
iteration  3
00:   0.137611 0.035127 0.012109 0.003451 0.000000 0.000957 
01:   0.136255 0.035128 0.011655 0.003449 0.000000 0.000918 
02:   0.137572 0.035135 0.011789 0.003454 0.000000 0.000943 
03:   0.132336 0.035119 0.011575 0.003447 0.000000 0.000926 
04:   0.133869 0.035131 0.011786 0.003447 0.000000 0.000955 
05:   0.136159 0.035129 0.011744 0.003453 0.000000 0.000959 
06:   0.136448 0.035122 0.011731 0.003447 0.000000 0.000926 
07:   0.136261 0.035118 0.011755 0.003449 0.000000 0.000958 
iteration  4
00:   0.131705 0.034440 0.008149 0.002643 0.000000 0.000399 
01:   0.125053 0.034438 0.008034 0.002638 0.000000 0.000396 
02:   0.134856 0.034441 0.008087 0.002657 0.000000 0.000413 
03:   0.129528 0.034438 0.008081 0.002652 0.000000 0.000410 
04:   0.138563 0.034442 0.008087 0.002642 0.000000 0.000396 
05:   0.137766 0.034439 0.008194 0.002650 0.000000 0.000414 
06:   0.128670 0.034440 0.007988 0.002654 0.000000 0.000402 
07:   0.137833 0.034442 0.007890 0.002646 0.000000 0.000412 
iteration  5
00:   0.113258 0.034256 0.007606 0.002187 0.000000 0.000336 
01:   0.118455 0.034255 0.007687 0.002186 0.000000 0.000343 
02:   0.140495 0.034255 0.007653 0.002190 0.000000 0.000340 
03:   0.153929 0.034256 0.007571 0.002192 0.000000 0.000334 
04:   0.113810 0.034255 0.007550 0.002191 0.000000 0.000339 
05:   0.164153 0.034256 0.007636 0.002191 0.000000 0.000339 
06:   0.130682 0.034255 0.007582 0.002188 0.000000 0.000335 
07:   0.120428 0.034254 0.007660 0.002187 0.000000 0.000350 
iteration  6
00:   0.120480 0.034288 0.007680 0.002357 0.000000 0.000327 
01:   0.209430 0.034288 0.007817 0.002353 0.000000 0.000327 
02:   0.111929 0.034287 0.007741 0.002345 0.000000 0.000327 
03:   0.050563 0.034287 0.007660 0.002354 0.000000 0.000326 
04:   0.141756 0.034288 0.007738 0.002353 0.000000 0.000327 
05:   0.158679 0.034287 0.007672 0.002351 0.000000 0.000327 
06:   0.074604 0.034287 0.007603 0.002345 0.000000 0.000325 
07:   0.174224 0.034288 0.007745 0.002353 0.000000 0.000334 
iteration  7
00:   0.136138 0.033784 0.007753 0.002392 0.000000 0.000326 
01:   0.109472 0.033774 0.007741 0.002403 0.000000 0.000327 
02:   0.088702 0.033784 0.007702 0.002403 0.000000 0.000326 
03:   0.022099 0.033801 0.007628 0.002404 0.000000 0.000328 
04:   0.044317 0.033808 0.007687 0.002395 0.000000 0.000326 
05:   0.160735 0.033808 0.007654 0.002404 0.000000 0.000328 
06:   0.001194 0.033803 0.007557 0.002396 0.000000 0.000327 
07:   0.469599 0.033811 0.007549 0.002402 0.000000 0.000329 
iteration  8
00:   0.001980 0.033958 0.007872 0.002270 0.000000 0.000327 
01:   0.001976 0.033907 0.007786 0.002268 0.000000 0.000326 
02:   0.001970 0.033906 0.007791 0.002273 0.000000 0.000326 
03:   0.829043 0.033962 0.007695 0.002275 0.000000 0.000326 
04:   0.002003 0.033897 0.007704 0.002275 0.000000 0.000327 
05:   0.318727 0.033843 0.007734 0.002277 0.000000 0.000327 
06:   0.001949 0.033843 0.007630 0.002266 0.000000 0.000326 
07:   0.001955 0.033841 0.007633 0.002265 0.000000 0.000330 
iteration  9
00:   0.002014 0.034141 0.007593 0.000659 0.000000 0.000330 
01:   0.002016 0.034110 0.007592 0.000648 0.000000 0.000331 
02:   0.001982 0.034109 0.007578 0.000652 0.000000 0.000328 
03:   0.001997 0.034108 0.007585 0.000659 0.000000 0.000332 
04:   0.002001 0.034144 0.007596 0.000660 0.000000 0.000332 
05:   2.284232 0.034145 0.007496 0.000660 0.000000 0.000332 
06:   0.002012 0.034107 0.007560 0.000659 0.000000 0.000331 
07:   0.001986 0.034106 0.007568 0.000655 0.000000 0.000336 
/nethome/kalgin/z/mst/run.rand.sh: line 47: 171696 Killed                  ./turbobust_stub.out $i 16
threadsCount = 16
loopsCount = 52
Done
iterationNumber = 0
iterationNumber = 1
iterationNumber = 2
iterationNumber = 3
iterationNumber = 4
iterationNumber = 5
iterationNumber = 6
iterationNumber = 7
iterationNumber = 8
iterationNumber = 9
1.247
6.306
iteration  0
00:   0.019713 0.120677 0.334292 0.001948 0.000000 0.022867 
01:   0.020432 0.120772 0.307222 0.001936 0.000000 0.022848 
02:   0.019462 0.120851 0.339912 0.001983 0.000000 0.022506 
03:   0.019205 0.120825 0.342636 0.001938 0.000000 0.022821 
04:   0.019407 0.120482 0.312668 0.001953 0.000000 0.022834 
05:   0.019353 0.120547 0.342812 0.001950 0.000000 0.022716 
06:   0.019074 0.120340 0.311036 0.001954 0.000000 0.022819 
07:   0.019488 0.120649 0.314216 0.001935 0.000000 0.022699 
08:   0.018527 0.110044 0.275549 0.001935 0.000000 0.017899 
09:   0.018434 0.109705 0.274943 0.001970 0.000000 0.018002 
10:   0.018451 0.109908 0.298350 0.001976 0.000000 0.017771 
11:   0.018806 0.109935 0.298805 0.001956 0.000000 0.018083 
12:   0.018292 0.109872 0.275761 0.001966 0.000000 0.017826 
13:   0.018596 0.109804 0.274330 0.001939 0.000000 0.017403 
14:   0.018601 0.109674 0.274837 0.001947 0.000000 0.017587 
15:   0.018731 0.109776 0.274418 0.001944 0.000000 0.017639 
iteration  1
00:   0.087941 0.061036 0.103221 0.005986 0.000000 0.007887 
01:   0.089390 0.061008 0.092464 0.005965 0.000000 0.007893 
02:   0.084586 0.061088 0.102494 0.005960 0.000000 0.007836 
03:   0.084768 0.061082 0.103495 0.005953 0.000000 0.007912 
04:   0.086046 0.061115 0.093897 0.005949 0.000000 0.007982 
05:   0.085080 0.061126 0.102413 0.005972 0.000000 0.007845 
06:   0.083311 0.060592 0.093120 0.005984 0.000000 0.007905 
07:   0.084732 0.061070 0.093525 0.005963 0.000000 0.007793 
08:   0.075072 0.058862 0.081201 0.005936 0.000000 0.006386 
09:   0.076257 0.058769 0.081307 0.005943 0.000000 0.006489 
10:   0.076030 0.058841 0.087690 0.005936 0.000000 0.006408 
11:   0.075281 0.058922 0.088272 0.005935 0.000000 0.006476 
12:   0.074438 0.058738 0.082295 0.005935 0.000000 0.006432 
13:   0.073909 0.058810 0.081809 0.005955 0.000000 0.006322 
14:   0.070727 0.058505 0.082092 0.005933 0.000000 0.006326 
15:   0.065751 0.058846 0.081441 0.005935 0.000000 0.006307 
iteration  2
00:   0.096822 0.041200 0.027733 0.004210 0.000000 0.002177 
01:   0.097337 0.041199 0.024652 0.004241 0.000000 0.002147 
02:   0.097493 0.041212 0.027572 0.004231 0.000000 0.002137 
03:   0.097427 0.041197 0.027690 0.004242 0.000000 0.002163 
04:   0.098940 0.041191 0.024994 0.004211 0.000000 0.002197 
05:   0.096073 0.041185 0.027663 0.004221 0.000000 0.002165 
06:   0.096791 0.041159 0.024868 0.004223 0.000000 0.002136 
07:   0.095483 0.041181 0.024772 0.004256 0.000000 0.002093 
08:   0.082701 0.040948 0.021087 0.004218 0.000000 0.001687 
09:   0.083666 0.040952 0.021333 0.004205 0.000000 0.001724 
10:   0.084191 0.040955 0.022427 0.004227 0.000000 0.001706 
11:   0.083197 0.040952 0.022595 0.004242 0.000000 0.001752 
12:   0.084188 0.040952 0.021493 0.004227 0.000000 0.001738 
13:   0.083864 0.040961 0.021330 0.004242 0.000000 0.001696 
14:   0.081351 0.040878 0.021370 0.004220 0.000000 0.001722 
15:   0.079322 0.040943 0.021258 0.004206 0.000000 0.001715 
iteration  3
00:   0.097551 0.037666 0.011940 0.002339 0.000000 0.000473 
01:   0.097201 0.037667 0.011275 0.002374 0.000000 0.000470 
02:   0.096441 0.037668 0.011812 0.002337 0.000000 0.000458 
03:   0.097160 0.037667 0.011869 0.002394 0.000000 0.000459 
04:   0.097883 0.037669 0.011267 0.002349 0.000000 0.000470 
05:   0.098624 0.037669 0.011934 0.002363 0.000000 0.000479 
06:   0.094596 0.037664 0.011342 0.002405 0.000000 0.000502 
07:   0.094052 0.037660 0.011014 0.002340 0.000000 0.000433 
08:   0.080509 0.037658 0.007557 0.002334 0.000000 0.000426 
09:   0.084260 0.037660 0.007579 0.002398 0.000000 0.000428 
10:   0.082334 0.037656 0.007614 0.002396 0.000000 0.000416 
11:   0.084466 0.037655 0.007676 0.002339 0.000000 0.000435 
12:   0.084281 0.037656 0.007462 0.002346 0.000000 0.000403 
13:   0.082680 0.037654 0.007552 0.002350 0.000000 0.000409 
14:   0.083327 0.037652 0.007540 0.002412 0.000000 0.000412 
15:   0.082898 0.037653 0.007515 0.002345 0.000000 0.000403 
iteration  4
00:   0.092973 0.037293 0.009949 0.001602 0.000000 0.000214 
01:   0.093127 0.037293 0.009762 0.001557 0.000000 0.000201 
02:   0.091112 0.037293 0.009911 0.001509 0.000000 0.000214 
03:   0.086840 0.037292 0.009869 0.001569 0.000000 0.000207 
04:   0.093454 0.037293 0.009812 0.001575 0.000000 0.000219 
05:   0.098790 0.037292 0.009904 0.001551 0.000000 0.000217 
06:   0.105874 0.037293 0.009831 0.001569 0.000000 0.000219 
07:   0.078530 0.037291 0.009805 0.001540 0.000000 0.000221 
08:   0.086130 0.037293 0.005377 0.001527 0.000000 0.000202 
09:   0.084919 0.037292 0.005343 0.001615 0.000000 0.000199 
10:   0.081990 0.037292 0.005418 0.001533 0.000000 0.000210 
11:   0.087080 0.037291 0.005335 0.001571 0.000000 0.000220 
12:   0.077630 0.037291 0.005290 0.001518 0.000000 0.000199 
13:   0.080378 0.037292 0.005453 0.001540 0.000000 0.000208 
14:   0.087275 0.037293 0.005284 0.001560 0.000000 0.000198 
15:   0.081411 0.037293 0.005278 0.001545 0.000000 0.000205 
iteration  5
00:   0.089018 0.037257 0.009732 0.001194 0.000000 0.000167 
01:   0.061957 0.037256 0.009721 0.001176 0.000000 0.000170 
02:   0.083264 0.037256 0.009712 0.001172 0.000000 0.000173 
03:   0.075781 0.037257 0.009735 0.001194 0.000000 0.000171 
04:   0.105430 0.037258 0.009695 0.001185 0.000000 0.000171 
05:   0.085698 0.037257 0.009682 0.001214 0.000000 0.000168 
06:   0.101072 0.037258 0.009652 0.001185 0.000000 0.000163 
07:   0.108837 0.037258 0.009655 0.001215 0.000000 0.000166 
08:   0.070129 0.037257 0.005071 0.001136 0.000000 0.000169 
09:   0.060809 0.037257 0.005029 0.001154 0.000000 0.000165 
10:   0.095817 0.037257 0.005014 0.001150 0.000000 0.000169 
11:   0.095607 0.037258 0.005034 0.001142 0.000000 0.000166 
12:   0.061266 0.037257 0.004980 0.001132 0.000000 0.000164 
13:   0.089139 0.037257 0.005012 0.001165 0.000000 0.000167 
14:   0.063083 0.037256 0.004991 0.001166 0.000000 0.000171 
15:   0.074772 0.037257 0.004957 0.001161 0.000000 0.000170 
iteration  6
00:   0.044348 0.037343 0.009716 0.001224 0.000000 0.000163 
01:   0.118148 0.037343 0.009706 0.001238 0.000000 0.000163 
02:   0.136539 0.037343 0.009678 0.001225 0.000000 0.000163 
03:   0.154420 0.037345 0.009703 0.001238 0.000000 0.000165 
04:   0.089291 0.037344 0.009687 0.001232 0.000000 0.000162 
05:   0.064276 0.037344 0.009695 0.001247 0.000000 0.000164 
06:   0.005666 0.037343 0.009640 0.001259 0.000000 0.000162 
07:   0.062610 0.037343 0.009620 0.001236 0.000000 0.000163 
08:   0.109204 0.037345 0.004962 0.001240 0.000000 0.000162 
09:   0.056878 0.037344 0.004962 0.001211 0.000000 0.000162 
10:   0.105360 0.037344 0.004999 0.001221 0.000000 0.000163 
11:   0.080402 0.037343 0.004999 0.001221 0.000000 0.000163 
12:   0.028713 0.037343 0.004961 0.001217 0.000000 0.000162 
13:   0.057003 0.037344 0.004895 0.001215 0.000000 0.000162 
14:   0.121933 0.037344 0.004986 0.001229 0.000000 0.000165 
15:   0.082021 0.037344 0.004959 0.001208 0.000000 0.000166 
iteration  7
00:   0.102582 0.037208 0.009711 0.001228 0.000000 0.000162 
01:   0.086642 0.037202 0.009692 0.001249 0.000000 0.000162 
02:   0.000313 0.037205 0.009635 0.001257 0.000000 0.000162 
03:   0.149916 0.037208 0.009685 0.001236 0.000000 0.000162 
04:   0.000305 0.037199 0.009680 0.001220 0.000000 0.000162 
05:   0.121938 0.037182 0.009684 0.001296 0.000000 0.000162 
06:   0.000314 0.037197 0.009648 0.001221 0.000000 0.000162 
07:   0.029440 0.037201 0.009615 0.001253 0.000000 0.000164 
08:   0.051354 0.037212 0.005021 0.001227 0.000000 0.000162 
09:   0.000409 0.037208 0.004997 0.001283 0.000000 0.000162 
10:   0.117059 0.037208 0.004953 0.001224 0.000000 0.000162 
11:   0.073074 0.037211 0.005013 0.001284 0.000000 0.000162 
12:   0.000390 0.037224 0.004992 0.001233 0.000000 0.000162 
13:   0.000395 0.037220 0.004964 0.001284 0.000000 0.000162 
14:   0.192765 0.037227 0.004998 0.001279 0.000000 0.000162 
15:   0.363029 0.037227 0.004989 0.001227 0.000000 0.000163 
iteration  8
00:   0.000517 0.037592 0.009762 0.001189 0.000000 0.000162 
01:   0.000550 0.037551 0.009743 0.001153 0.000000 0.000162 
02:   0.000503 0.037551 0.009743 0.001174 0.000000 0.000162 
03:   0.000457 0.037549 0.009691 0.001142 0.000000 0.000162 
04:   0.000523 0.037594 0.009727 0.001204 0.000000 0.000162 
05:   0.000508 0.037552 0.009729 0.001191 0.000000 0.000162 
06:   0.000496 0.037553 0.009727 0.001167 0.000000 0.000162 
07:   1.266104 0.037599 0.009724 0.001175 0.000000 0.000162 
08:   0.000672 0.037534 0.004956 0.001150 0.000000 0.000162 
09:   0.000681 0.037467 0.004931 0.001155 0.000000 0.000162 
10:   0.178137 0.037492 0.004972 0.001170 0.000000 0.000163 
11:   0.202373 0.037490 0.004949 0.001160 0.000000 0.000162 
12:   0.000645 0.037534 0.004964 0.001153 0.000000 0.000162 
13:   0.000682 0.037464 0.004906 0.001181 0.000000 0.000162 
14:   0.000672 0.037490 0.004927 0.001166 0.000000 0.000163 
15:   0.000674 0.037489 0.004896 0.001160 0.000000 0.000163 
iteration  9
00:   0.000528 0.037874 0.009810 0.000489 0.000000 0.000162 
01:   0.000566 0.037813 0.009817 0.000474 0.000000 0.000162 
02:   0.000469 0.037812 0.009796 0.000472 0.000000 0.000163 
03:   0.000499 0.037834 0.009820 0.000466 0.000000 0.000162 
04:   0.000537 0.037821 0.009779 0.000471 0.000000 0.000162 
05:   0.000497 0.037760 0.009796 0.000467 0.000000 0.000162 
06:   0.000555 0.037761 0.009729 0.000468 0.000000 0.000163 
07:   0.000690 0.037784 0.009761 0.000482 0.000000 0.000162 
08:   0.000771 0.037878 0.005027 0.000484 0.000000 0.000165 
09:   0.000680 0.037836 0.004997 0.000481 0.000000 0.000162 
10:   2.888354 0.037880 0.004951 0.000489 0.000000 0.000167 
11:   0.000748 0.037835 0.005007 0.000485 0.000000 0.000165 
12:   0.000733 0.037830 0.004937 0.000467 0.000000 0.000165 
13:   0.000763 0.037798 0.004970 0.000479 0.000000 0.000165 
14:   0.000740 0.037797 0.004971 0.000474 0.000000 0.000162 
15:   0.000757 0.037796 0.004970 0.000494 0.000000 0.000163 
/nethome/kalgin/z/mst/run.rand.sh: line 47: 171714 Killed                  ./turbobust_stub.out $i 16
/nethome/kalgin/z/mst/run.rand.sh: line 47: 171733 Segmentation fault      (core dumped) ./turbobust_stub.out $i 16
/nethome/kalgin/z/mst/run.rand.sh: line 62: kill: (171733) - No such process
ls: cannot access /tmp/data.bin: No such file or directory
ls: cannot access /tmp/data.bin: No such file or directory
