threadsCount = 16
loopsCount = 0
30.330
47.129
threadsCount = 1
loopsCount = 0
Done
iterationNumber = 0
iterationNumber = 1
iterationNumber = 2
iterationNumber = 3
iterationNumber = 4
iterationNumber = 5
iterationNumber = 6
iterationNumber = 7
iterationNumber = 8
iterationNumber = 9
iterationNumber = 10
iterationNumber = 11
iterationNumber = 12
iterationNumber = 13
11.933
103.612
iteration  0
00:   3.026936 6.780212 15.026302 0.277550 2.330244 11.978613 
iteration  1
00:   3.345933 4.479971 6.592053 0.637332 1.169965 5.157820 
iteration  2
00:   1.032420 2.141676 2.505251 0.494308 0.591832 2.913161 
iteration  3
00:   0.617993 1.470935 1.154800 0.385355 0.284227 1.449551 
iteration  4
00:   0.498712 1.276677 0.745925 0.298645 0.185612 0.812784 
iteration  5
00:   0.385123 1.204278 0.632255 0.258408 0.165252 0.536329 
iteration  6
00:   0.304427 1.189106 0.593076 0.239887 0.160473 0.395901 
iteration  7
00:   0.231759 1.181907 0.591082 0.231597 0.159381 0.317392 
iteration  8
00:   0.187846 1.181486 0.580901 0.227143 0.159140 0.272732 
iteration  9
00:   0.156035 1.182057 0.584051 0.224779 0.159363 0.246722 
iteration 10
00:   0.142464 1.186029 0.575837 0.219493 0.159459 0.230901 
iteration 11
00:   0.131607 1.182183 0.585902 0.221356 0.159465 0.221244 
iteration 12
00:   0.126325 1.186345 0.575274 0.224778 0.159490 0.212006 
iteration 13
00:   0.119363 1.182002 0.581610 0.086110 0.159478 0.210044 
threadsCount = 2
loopsCount = 0
Done
iterationNumber = 0
iterationNumber = 1
iterationNumber = 2
iterationNumber = 3
iterationNumber = 4
iterationNumber = 5
iterationNumber = 6
iterationNumber = 7
iterationNumber = 8
iterationNumber = 9
iterationNumber = 10
iterationNumber = 11
iterationNumber = 12
iterationNumber = 13
9.141
68.623
iteration  0
00:   1.517777 3.545061 7.872031 0.278021 8.882679 6.217114 
01:   1.515849 3.871644 8.555414 0.277720 8.882674 6.643932 
iteration  1
00:   1.186166 2.352540 3.370822 0.412843 2.870903 2.964285 
01:   1.243176 2.508062 3.582441 0.412273 2.870902 2.980143 
iteration  2
00:   0.522644 1.161217 1.271613 0.324549 0.689561 1.701496 
01:   0.522019 1.203850 1.381852 0.325097 0.689557 1.703686 
iteration  3
00:   0.318606 0.825014 0.572422 0.253487 0.200645 0.864222 
01:   0.318698 0.836074 0.653114 0.252628 0.200644 0.864492 
iteration  4
00:   0.254332 0.725807 0.360914 0.198987 0.107972 0.486608 
01:   0.254069 0.728827 0.429737 0.198621 0.107971 0.487097 
iteration  5
00:   0.201462 0.684806 0.301497 0.175135 0.096338 0.327532 
01:   0.201972 0.685529 0.365840 0.174748 0.096347 0.328272 
iteration  6
00:   0.160527 0.677552 0.285005 0.164966 0.090739 0.241030 
01:   0.161436 0.677733 0.346984 0.164740 0.090738 0.240320 
iteration  7
00:   0.125860 0.676143 0.281356 0.160357 0.090711 0.188511 
01:   0.125403 0.676189 0.342704 0.160527 0.090709 0.187527 
iteration  8
00:   0.100951 0.675385 0.280701 0.157933 0.090054 0.160113 
01:   0.100535 0.675393 0.344899 0.158237 0.090057 0.162212 
iteration  9
00:   0.083960 0.675962 0.279795 0.157742 0.090995 0.145893 
01:   0.085024 0.675965 0.340768 0.157604 0.090997 0.149088 
iteration 10
00:   0.079221 0.675362 0.277437 0.154134 0.090371 0.136699 
01:   0.081117 0.675363 0.341586 0.155618 0.090376 0.136928 
iteration 11
00:   0.073832 0.675486 0.280062 0.158371 0.090754 0.131819 
01:   0.074363 0.675486 0.344526 0.154157 0.090753 0.133536 
iteration 12
00:   0.073357 0.675583 0.278756 0.177196 0.090883 0.128364 
01:   0.074115 0.675583 0.342576 0.170088 0.090881 0.125660 
iteration 13
00:   0.068997 0.676074 0.274417 0.043251 0.090494 0.127164 
01:   0.068827 0.676073 0.334908 0.043099 0.090492 0.126766 
/nethome/kalgin/z/mst/run.xeon.sh: line 46: 165924 Killed                  ./turbobust_stub.out $i 16
threadsCount = 4
loopsCount = 0
Done
iterationNumber = 0
iterationNumber = 1
iterationNumber = 2
iterationNumber = 3
iterationNumber = 4
iterationNumber = 5
iterationNumber = 6
iterationNumber = 7
iterationNumber = 8
iterationNumber = 9
iterationNumber = 10
iterationNumber = 11
iterationNumber = 12
iterationNumber = 13
8.048
55.102
iteration  0
00:   0.821169 2.072877 4.249700 0.139540 15.194873 4.177390 
01:   0.820827 2.069132 4.373826 0.139266 15.194899 3.892941 
02:   0.818737 2.133804 4.477186 0.139259 15.194895 4.400034 
03:   0.818865 2.323880 4.813096 0.139453 15.194865 3.320351 
iteration  1
00:   0.534305 1.340097 1.781296 0.208378 4.400497 1.866586 
01:   0.555908 1.340190 1.785960 0.207446 4.400520 1.871227 
02:   0.537627 1.369964 1.829311 0.207243 4.400518 1.872383 
03:   0.578166 1.458740 1.957920 0.207791 4.400502 1.874092 
iteration  2
00:   0.313037 0.715809 0.672058 0.164264 1.079906 1.053730 
01:   0.312337 0.715803 0.681085 0.163481 1.079925 1.053993 
02:   0.311769 0.723829 0.698673 0.163434 1.079920 1.055503 
03:   0.311488 0.747991 0.756888 0.163625 1.079912 1.055259 
iteration  3
00:   0.210291 0.532234 0.301806 0.128518 0.258002 0.554240 
01:   0.210056 0.532176 0.304452 0.127700 0.258008 0.556008 
02:   0.210033 0.534308 0.318670 0.127654 0.258010 0.554345 
03:   0.209463 0.540473 0.358695 0.127848 0.258004 0.554396 
iteration  4
00:   0.166067 0.482904 0.188166 0.100925 0.087870 0.331407 
01:   0.167201 0.482899 0.188348 0.100593 0.087874 0.332047 
02:   0.165915 0.483529 0.201371 0.100466 0.087867 0.331719 
03:   0.166034 0.485222 0.237494 0.100057 0.087870 0.330723 
iteration  5
00:   0.127872 0.468879 0.155072 0.088178 0.075697 0.229464 
01:   0.128496 0.468901 0.155066 0.089954 0.075705 0.230731 
02:   0.129019 0.469041 0.168095 0.088298 0.075705 0.229775 
03:   0.127615 0.469459 0.203733 0.088059 0.075704 0.230991 
iteration  6
00:   0.104428 0.467031 0.147304 0.083310 0.075495 0.168930 
01:   0.104530 0.467040 0.147222 0.083431 0.075496 0.169526 
02:   0.104229 0.467079 0.159049 0.083381 0.075496 0.168910 
03:   0.103572 0.467169 0.193252 0.083124 0.075493 0.167575 
iteration  7
00:   0.084931 0.466172 0.143400 0.081115 0.074002 0.133970 
01:   0.085128 0.466173 0.143118 0.081270 0.074003 0.136733 
02:   0.084561 0.466185 0.155987 0.081064 0.073992 0.135339 
03:   0.084863 0.466209 0.190852 0.080940 0.074004 0.134588 
iteration  8
00:   0.079314 0.465821 0.142236 0.080150 0.073985 0.112996 
01:   0.080101 0.465821 0.142029 0.080984 0.073987 0.114487 
02:   0.079892 0.465824 0.154724 0.080304 0.073988 0.114913 
03:   0.079477 0.465828 0.189811 0.080066 0.073987 0.114352 
iteration  9
00:   0.069502 0.465938 0.141901 0.079709 0.073719 0.101150 
01:   0.071167 0.465938 0.141705 0.079936 0.073719 0.105519 
02:   0.071126 0.465940 0.154611 0.079878 0.073704 0.105996 
03:   0.070694 0.465940 0.189455 0.078817 0.073720 0.103039 
iteration 10
00:   0.070642 0.465724 0.141959 0.077066 0.075107 0.092575 
01:   0.072927 0.465724 0.141763 0.082102 0.075103 0.100220 
02:   0.073547 0.465725 0.154627 0.084627 0.075107 0.093877 
03:   0.071964 0.465725 0.189414 0.080207 0.075107 0.096505 
iteration 11
00:   0.063602 0.466261 0.141780 0.086326 0.075664 0.091674 
01:   0.067859 0.466262 0.141668 0.082093 0.075664 0.091149 
02:   0.065371 0.466260 0.154354 0.083271 0.075664 0.097052 
03:   0.066814 0.466261 0.189690 0.084041 0.075662 0.090820 
iteration 12
00:   0.070120 0.465675 0.142033 0.075018 0.074925 0.091413 
01:   0.070200 0.465675 0.141951 0.079876 0.074925 0.089151 
02:   0.071294 0.465675 0.154411 0.087235 0.074921 0.088632 
03:   0.069941 0.465675 0.189381 0.093645 0.074925 0.088366 
iteration 13
00:   0.066270 0.466200 0.141626 0.021760 0.073848 0.089003 
01:   0.066363 0.466200 0.141372 0.021716 0.073855 0.089074 
02:   0.065855 0.466200 0.154037 0.021661 0.073855 0.089219 
03:   0.066081 0.466200 0.189094 0.021700 0.073856 0.088942 
/nethome/kalgin/z/mst/run.xeon.sh: line 46: 165944 Killed                  ./turbobust_stub.out $i 16
threadsCount = 8
loopsCount = 0
Done
iterationNumber = 0
iterationNumber = 1
iterationNumber = 2
iterationNumber = 3
iterationNumber = 4
iterationNumber = 5
iterationNumber = 6
iterationNumber = 7
iterationNumber = 8
iterationNumber = 9
iterationNumber = 10
iterationNumber = 11
iterationNumber = 12
iterationNumber = 13
7.541
45.411
iteration  0
00:   0.712991 1.393878 2.469131 0.070850 13.236350 4.729926 
01:   0.713534 1.392492 2.548136 0.070856 13.236393 4.530539 
02:   0.712295 1.392728 2.551416 0.070854 13.236398 4.670885 
03:   0.712004 1.392951 2.547742 0.070854 13.236385 4.712897 
04:   0.710883 1.392891 2.554493 0.070850 13.236365 4.746842 
05:   0.711493 1.453287 2.667791 0.070853 13.236386 4.485275 
06:   0.710480 1.472387 2.698696 0.070854 13.236389 4.715363 
07:   0.711775 1.535828 2.808141 0.070851 13.236333 4.621785 
iteration  1
00:   0.518316 0.998910 0.990769 0.105401 3.764643 1.664163 
01:   0.681726 0.998695 0.994433 0.105401 3.764686 1.672124 
02:   0.722772 0.998888 0.995336 0.105400 3.764692 1.665946 
03:   0.666415 0.999051 0.994610 0.105399 3.764671 1.666793 
04:   0.702464 0.999055 0.995236 0.105395 3.764681 1.668668 
05:   0.471054 1.045097 1.051109 0.105397 3.764675 1.657020 
06:   0.658890 1.038525 1.050514 0.105404 3.764669 1.668177 
07:   0.767595 1.063880 1.087669 0.105392 3.764632 1.667376 
iteration  2
00:   0.292430 0.510651 0.359599 0.083761 0.973875 1.009545 
01:   0.292310 0.510567 0.363600 0.083766 0.973895 1.009901 
02:   0.292069 0.510623 0.363486 0.083767 0.973892 1.008460 
03:   0.291488 0.510685 0.362518 0.083761 0.973896 1.007874 
04:   0.291399 0.510691 0.362882 0.083765 0.973900 1.009390 
05:   0.291091 0.522184 0.391205 0.083766 0.973889 1.008706 
06:   0.290788 0.521114 0.389971 0.083759 0.973893 1.008153 
07:   0.290933 0.528179 0.405636 0.083770 0.973869 1.008743 
iteration  3
00:   0.199612 0.411668 0.164199 0.066260 0.252537 0.574186 
01:   0.199551 0.411671 0.165277 0.066264 0.252546 0.575971 
02:   0.198881 0.411655 0.165071 0.066269 0.252547 0.575168 
03:   0.199166 0.411675 0.165614 0.066270 0.252541 0.574885 
04:   0.199006 0.411635 0.165410 0.066264 0.252546 0.576032 
05:   0.198817 0.414682 0.182717 0.066267 0.252543 0.576477 
06:   0.198545 0.414357 0.182408 0.066271 0.252545 0.573559 
07:   0.198198 0.416252 0.193567 0.066269 0.252534 0.575011 
iteration  4
00:   0.149656 0.386392 0.108180 0.051895 0.079872 0.354211 
01:   0.150063 0.386399 0.107751 0.051897 0.079879 0.353355 
02:   0.150306 0.386401 0.107886 0.051894 0.079881 0.354522 
03:   0.149725 0.386392 0.107595 0.051906 0.079878 0.355046 
04:   0.149415 0.386383 0.107684 0.051894 0.079875 0.352123 
05:   0.149673 0.387282 0.120958 0.051898 0.079881 0.355096 
06:   0.149315 0.387211 0.122014 0.051897 0.079876 0.353666 
07:   0.149461 0.387727 0.129095 0.051904 0.079870 0.354090 
iteration  5
00:   0.110787 0.381819 0.094005 0.045510 0.072914 0.249005 
01:   0.110398 0.381802 0.093984 0.045497 0.072914 0.252432 
02:   0.111006 0.381829 0.094057 0.045512 0.072914 0.252189 
03:   0.110939 0.381820 0.093879 0.045509 0.072894 0.251693 
04:   0.109607 0.381814 0.093553 0.045523 0.072918 0.251117 
05:   0.110818 0.382045 0.105119 0.045508 0.072893 0.252737 
06:   0.110163 0.382015 0.106240 0.045511 0.072914 0.250928 
07:   0.110130 0.382137 0.110611 0.045513 0.072893 0.252763 
iteration  6
00:   0.094585 0.381269 0.090716 0.042793 0.071778 0.188919 
01:   0.095266 0.381265 0.090700 0.042788 0.071760 0.191588 
02:   0.095120 0.381273 0.090513 0.042793 0.071779 0.189764 
03:   0.094926 0.381267 0.090504 0.042792 0.071771 0.191754 
04:   0.094871 0.381266 0.090116 0.042792 0.071779 0.190501 
05:   0.094852 0.381322 0.100709 0.042795 0.071776 0.190303 
06:   0.094383 0.381307 0.101704 0.042795 0.071780 0.190654 
07:   0.095002 0.381351 0.105727 0.042794 0.071777 0.189714 
iteration  7
00:   0.079777 0.380790 0.089753 0.042169 0.072518 0.160394 
01:   0.081232 0.380791 0.089814 0.042161 0.072520 0.163814 
02:   0.080540 0.380792 0.089562 0.042169 0.072510 0.161742 
03:   0.081294 0.380793 0.089570 0.042158 0.072523 0.164198 
04:   0.080883 0.380793 0.089427 0.042153 0.072523 0.162801 
05:   0.080579 0.380795 0.099518 0.042166 0.072523 0.163701 
06:   0.080551 0.380798 0.100696 0.042172 0.072508 0.159672 
07:   0.079749 0.380802 0.104081 0.042156 0.072520 0.161866 
iteration  8
00:   0.075021 0.380899 0.088996 0.042196 0.071801 0.132204 
01:   0.077704 0.380899 0.088712 0.042212 0.071815 0.135946 
02:   0.076414 0.380899 0.088782 0.042207 0.071798 0.132949 
03:   0.077846 0.380900 0.088582 0.042194 0.071813 0.134725 
04:   0.077207 0.380899 0.088513 0.042201 0.071811 0.135617 
05:   0.077423 0.380898 0.099266 0.042202 0.071807 0.136331 
06:   0.076547 0.380899 0.100272 0.042201 0.071813 0.132764 
07:   0.077101 0.380904 0.104051 0.042184 0.071809 0.133765 
iteration  9
00:   0.068428 0.380595 0.088978 0.042938 0.072007 0.124093 
01:   0.071737 0.380595 0.088732 0.042940 0.072004 0.128547 
02:   0.070661 0.380595 0.088947 0.042936 0.072007 0.128905 
03:   0.071455 0.380596 0.088624 0.042930 0.072019 0.128109 
04:   0.071602 0.380596 0.088611 0.042933 0.072018 0.130015 
05:   0.072337 0.380596 0.099012 0.042935 0.072031 0.129190 
06:   0.070833 0.380595 0.099985 0.042931 0.072019 0.129352 
07:   0.071241 0.380597 0.103538 0.042926 0.072020 0.127990 
iteration 10
00:   0.069860 0.380237 0.089075 0.042931 0.071906 0.116638 
01:   0.071295 0.380237 0.088862 0.042929 0.071900 0.117748 
02:   0.071873 0.380237 0.088752 0.042933 0.071913 0.119944 
03:   0.071312 0.380238 0.088703 0.042935 0.071909 0.123008 
04:   0.072276 0.380237 0.088521 0.042927 0.071912 0.116777 
05:   0.072026 0.380237 0.098886 0.042934 0.071911 0.118875 
06:   0.072239 0.380237 0.099651 0.042935 0.071912 0.121174 
07:   0.071564 0.380237 0.103075 0.042929 0.071911 0.117442 
iteration 11
00:   0.066200 0.381148 0.089244 0.044362 0.071968 0.118221 
01:   0.067204 0.381148 0.089261 0.044353 0.071968 0.115669 
02:   0.068446 0.381149 0.089202 0.044356 0.071959 0.118963 
03:   0.069446 0.381149 0.088824 0.044364 0.071973 0.117582 
04:   0.066608 0.381147 0.088810 0.044363 0.071971 0.116794 
05:   0.068028 0.381148 0.098990 0.044365 0.071968 0.117418 
06:   0.069158 0.381148 0.099954 0.044363 0.071968 0.116324 
07:   0.067504 0.381148 0.103508 0.044346 0.071968 0.118212 
iteration 12
00:   0.070008 0.381389 0.089190 0.031059 0.072034 0.118220 
01:   0.068602 0.381388 0.088981 0.031062 0.072040 0.116343 
02:   0.070152 0.381388 0.088890 0.031062 0.072034 0.116423 
03:   0.069606 0.381388 0.088753 0.031064 0.072042 0.115269 
04:   0.068928 0.381388 0.088625 0.031064 0.072044 0.115990 
05:   0.069751 0.381388 0.098678 0.031064 0.072040 0.116433 
06:   0.069279 0.381388 0.100087 0.031060 0.072036 0.116654 
07:   0.070280 0.381388 0.103601 0.031072 0.072039 0.116324 
iteration 13
00:   0.068218 0.381094 0.089185 0.011731 0.072848 0.117859 
01:   0.068649 0.381094 0.089246 0.011726 0.072850 0.118861 
02:   0.068587 0.381094 0.089303 0.011728 0.072848 0.118205 
03:   0.068042 0.381094 0.089153 0.011728 0.072847 0.118436 
04:   0.068749 0.381094 0.088874 0.011727 0.072848 0.118768 
05:   0.068399 0.381093 0.098827 0.011727 0.072842 0.118096 
06:   0.068796 0.381094 0.099792 0.011729 0.072847 0.119026 
07:   0.068804 0.381094 0.103209 0.011729 0.072837 0.117913 
/nethome/kalgin/z/mst/run.xeon.sh: line 46: 165963 Killed                  ./turbobust_stub.out $i 16
threadsCount = 16
loopsCount = 0
Done
iterationNumber = 0
iterationNumber = 1
iterationNumber = 2
iterationNumber = 3
iterationNumber = 4
iterationNumber = 5
iterationNumber = 6
iterationNumber = 7
iterationNumber = 8
iterationNumber = 9
iterationNumber = 10
iterationNumber = 11
iterationNumber = 12
iterationNumber = 13
7.771
51.808
iteration  0
00:   0.235601 1.561278 1.543210 0.040100 17.926076 1.286997 
01:   0.236796 1.559034 1.662961 0.040038 17.926101 1.298527 
02:   0.236422 1.559194 1.672383 0.040033 17.926126 1.305959 
03:   0.237086 1.560290 1.673491 0.040033 17.926148 1.295968 
04:   0.235505 1.559138 1.674253 0.040044 17.926152 1.297145 
05:   0.234935 1.558617 1.677190 0.040101 17.926137 1.291048 
06:   0.235176 1.558964 1.676729 0.040033 17.926166 1.288171 
07:   0.235929 1.560228 1.684305 0.040053 17.926205 1.277532 
08:   0.423762 1.480323 1.575400 0.040034 17.926097 4.576893 
09:   0.421011 1.479687 1.575450 0.040046 17.926157 5.731663 
10:   0.420600 1.480652 1.581276 0.040049 17.926153 4.965209 
11:   0.416782 1.480440 1.578697 0.040039 17.926099 5.750233 
12:   0.415969 1.480121 1.574567 0.040063 17.926117 4.710074 
13:   0.416438 1.479475 1.578655 0.040039 17.926160 4.717465 
14:   0.417237 1.477866 1.602752 0.040058 17.926168 4.354202 
15:   0.414177 1.476729 1.580119 0.040046 17.926146 5.596603 
iteration  1
00:   0.353816 0.931358 0.551447 0.061264 6.001943 0.902208 
01:   0.292300 0.931303 0.551322 0.061243 6.001926 0.905118 
02:   0.347768 0.931094 0.553814 0.061248 6.001958 0.903994 
03:   0.332691 0.931234 0.554077 0.061245 6.001977 0.902400 
04:   0.305494 0.931314 0.554964 0.061274 6.001970 0.902054 
05:   0.355285 0.931183 0.554377 0.061286 6.001987 0.902088 
06:   0.342083 0.931067 0.552537 0.061249 6.001973 0.902349 
07:   0.339252 0.931096 0.554651 0.061258 6.001966 0.900330 
08:   0.235405 0.898003 0.508922 0.061232 6.001951 1.202053 
09:   0.251148 0.897947 0.505726 0.061256 6.001927 1.197126 
10:   0.393366 0.897804 0.509131 0.061229 6.001947 1.201829 
11:   0.235509 0.897860 0.510695 0.061234 6.001973 1.198922 
12:   0.396623 0.897969 0.508570 0.061334 6.001998 1.202261 
13:   0.235028 0.898090 0.508715 0.061246 6.001977 1.201437 
14:   0.234715 0.900375 0.519756 0.061270 6.001959 1.197020 
15:   0.337259 0.899092 0.511582 0.061230 6.001924 1.196065 
iteration  2
00:   0.097271 0.669247 0.236721 0.051081 1.649301 0.525811 
01:   0.097471 0.669351 0.235699 0.051051 1.649275 0.526491 
02:   0.097952 0.669194 0.235553 0.051106 1.649283 0.527244 
03:   0.097130 0.669276 0.235697 0.051084 1.649321 0.527099 
04:   0.097147 0.669312 0.235505 0.051082 1.649332 0.525805 
05:   0.097077 0.669232 0.235796 0.051103 1.649288 0.524559 
06:   0.096310 0.669203 0.235238 0.051064 1.649304 0.525697 
07:   0.096321 0.669244 0.236005 0.051080 1.649298 0.523276 
08:   0.169284 0.660052 0.197339 0.051053 1.649329 0.708202 
09:   0.169254 0.660121 0.196802 0.051051 1.649300 0.707374 
10:   0.169196 0.660101 0.197633 0.051060 1.649293 0.709161 
11:   0.168775 0.660185 0.199087 0.051067 1.649278 0.707994 
12:   0.168755 0.660156 0.197287 0.051043 1.649281 0.707229 
13:   0.168126 0.660226 0.197252 0.051083 1.649282 0.704964 
14:   0.168073 0.661049 0.201263 0.051032 1.649287 0.706372 
15:   0.167323 0.660522 0.198126 0.051045 1.649295 0.703733 
iteration  3
00:   0.069579 0.603530 0.160963 0.041893 0.428872 0.315099 
01:   0.069653 0.603565 0.159120 0.041860 0.428888 0.316903 
02:   0.069506 0.603555 0.159007 0.041861 0.428864 0.316480 
03:   0.069063 0.603570 0.158950 0.041902 0.428868 0.315624 
04:   0.069230 0.603566 0.158907 0.041881 0.428858 0.316377 
05:   0.069401 0.603524 0.158899 0.041955 0.428882 0.316053 
06:   0.069081 0.603529 0.159068 0.041842 0.428861 0.315592 
07:   0.068353 0.603501 0.159023 0.041896 0.428880 0.314937 
08:   0.122458 0.601061 0.100963 0.041877 0.428871 0.411651 
09:   0.122228 0.601054 0.101352 0.041905 0.428878 0.410374 
10:   0.122158 0.601071 0.101194 0.041833 0.428853 0.411038 
11:   0.122098 0.601077 0.102886 0.041861 0.428879 0.411366 
12:   0.121801 0.601073 0.100682 0.041849 0.428876 0.410642 
13:   0.121451 0.601073 0.100514 0.041889 0.428861 0.408505 
14:   0.121402 0.601448 0.101283 0.041884 0.428861 0.410141 
15:   0.120239 0.601269 0.101269 0.041851 0.428865 0.408737 
iteration  4
00:   0.055839 0.589291 0.146408 0.033610 0.098467 0.178296 
01:   0.056565 0.589299 0.145778 0.033623 0.098440 0.179376 
02:   0.056415 0.589331 0.145856 0.033627 0.098443 0.179529 
03:   0.056701 0.589340 0.145688 0.033655 0.098480 0.179169 
04:   0.056882 0.589340 0.145704 0.033658 0.098437 0.179362 
05:   0.056580 0.589304 0.145391 0.033678 0.098472 0.178885 
06:   0.055868 0.589305 0.145731 0.033631 0.098461 0.178781 
07:   0.056113 0.589305 0.145317 0.033643 0.098465 0.178013 
08:   0.081395 0.588700 0.076065 0.033648 0.098441 0.241408 
09:   0.081169 0.588695 0.076049 0.033653 0.098440 0.242247 
10:   0.081202 0.588710 0.076103 0.033642 0.098443 0.240591 
11:   0.081269 0.588646 0.076315 0.033717 0.098431 0.242054 
12:   0.081002 0.588699 0.075696 0.033637 0.098430 0.241725 
13:   0.080375 0.588714 0.075239 0.033622 0.098445 0.241468 
14:   0.080760 0.588822 0.073888 0.033651 0.098434 0.240008 
15:   0.080560 0.588784 0.074706 0.033618 0.098426 0.239644 
iteration  5
00:   0.046521 0.587716 0.140799 0.030861 0.036686 0.128271 
01:   0.047468 0.587716 0.140827 0.030883 0.036693 0.128482 
02:   0.047435 0.587711 0.140580 0.030870 0.036740 0.128909 
03:   0.046986 0.587719 0.140621 0.030873 0.036713 0.129294 
04:   0.047601 0.587730 0.140636 0.030857 0.036693 0.128584 
05:   0.046911 0.587736 0.140296 0.030877 0.036701 0.129312 
06:   0.047167 0.587721 0.140229 0.030829 0.036698 0.128367 
07:   0.046564 0.587733 0.140505 0.030864 0.036691 0.129149 
08:   0.071844 0.587563 0.070024 0.030841 0.036691 0.149149 
09:   0.071950 0.587566 0.069942 0.030833 0.036689 0.149197 
10:   0.071459 0.587561 0.070033 0.030844 0.036721 0.149113 
11:   0.071921 0.587553 0.070096 0.030855 0.036698 0.147429 
12:   0.071839 0.587572 0.069827 0.030842 0.036732 0.149205 
13:   0.071500 0.587563 0.069301 0.030861 0.036718 0.148340 
14:   0.071409 0.587603 0.067510 0.030853 0.036704 0.149141 
15:   0.071018 0.587588 0.068341 0.030845 0.036695 0.146292 
iteration  6
00:   0.038013 0.587079 0.140211 0.030126 0.036121 0.121056 
01:   0.038528 0.587077 0.140009 0.030101 0.036096 0.123777 
02:   0.038768 0.587069 0.139971 0.030063 0.036092 0.121637 
03:   0.038777 0.587074 0.139849 0.030104 0.036131 0.123469 
04:   0.038859 0.587083 0.139987 0.030121 0.036090 0.121776 
05:   0.038795 0.587083 0.139854 0.030097 0.036129 0.122339 
06:   0.038142 0.587077 0.139767 0.030057 0.036093 0.122372 
07:   0.038239 0.587080 0.139571 0.030137 0.036128 0.123270 
08:   0.048623 0.587038 0.068691 0.030049 0.036096 0.147818 
09:   0.048654 0.587037 0.068552 0.030108 0.036094 0.148643 
10:   0.048215 0.587035 0.068538 0.030060 0.036090 0.148069 
11:   0.047909 0.587034 0.068549 0.030075 0.036090 0.147839 
12:   0.048583 0.587037 0.068400 0.030031 0.036100 0.148543 
13:   0.048116 0.587031 0.067819 0.030016 0.036092 0.147777 
14:   0.048543 0.587048 0.066042 0.030065 0.036089 0.146204 
15:   0.047494 0.587045 0.066759 0.030037 0.036107 0.146509 
iteration  7
00:   0.032261 0.587784 0.140159 0.030097 0.036016 0.082715 
01:   0.033405 0.587786 0.140006 0.030106 0.036020 0.087199 
02:   0.032782 0.587784 0.139685 0.030108 0.036025 0.085728 
03:   0.033489 0.587786 0.139857 0.030108 0.036044 0.086613 
04:   0.032977 0.587784 0.139754 0.030107 0.036029 0.086565 
05:   0.033273 0.587785 0.139578 0.030112 0.036040 0.085841 
06:   0.033318 0.587787 0.139554 0.030100 0.036039 0.085935 
07:   0.033347 0.587786 0.139546 0.030075 0.036053 0.085592 
08:   0.054026 0.587775 0.068370 0.030083 0.036015 0.085736 
09:   0.054197 0.587777 0.068401 0.030130 0.036055 0.086150 
10:   0.054066 0.587774 0.068649 0.030145 0.036015 0.086135 
11:   0.054048 0.587774 0.068211 0.030117 0.036047 0.085625 
12:   0.053825 0.587775 0.068189 0.030102 0.036014 0.083419 
13:   0.053816 0.587774 0.067643 0.030118 0.036017 0.083703 
14:   0.053372 0.587777 0.065467 0.030130 0.036015 0.085428 
15:   0.053547 0.587776 0.066589 0.030110 0.036014 0.085566 
iteration  8
00:   0.029905 0.587070 0.140430 0.029879 0.035959 0.089982 
01:   0.032391 0.587073 0.140372 0.029911 0.035950 0.093479 
02:   0.032257 0.587072 0.140295 0.029889 0.035939 0.093119 
03:   0.032173 0.587071 0.140241 0.029894 0.035942 0.093803 
04:   0.031859 0.587074 0.140227 0.029906 0.035945 0.092460 
05:   0.031733 0.587073 0.140030 0.029911 0.035964 0.095208 
06:   0.032007 0.587073 0.139905 0.029897 0.035949 0.093513 
07:   0.031855 0.587073 0.139930 0.029911 0.035947 0.093491 
08:   0.037032 0.587070 0.068590 0.029944 0.035951 0.110619 
09:   0.037194 0.587071 0.068451 0.029916 0.035935 0.111368 
10:   0.036759 0.587070 0.068154 0.029934 0.035956 0.108427 
11:   0.036757 0.587071 0.068153 0.029944 0.035972 0.109816 
12:   0.035952 0.587070 0.068325 0.029921 0.035945 0.109967 
13:   0.036213 0.587070 0.067782 0.029888 0.035974 0.109809 
14:   0.036604 0.587071 0.065390 0.029912 0.035956 0.109840 
15:   0.036695 0.587072 0.066446 0.029932 0.035952 0.105960 
iteration  9
00:   0.026753 0.594699 0.141129 0.030008 0.035940 0.079355 
01:   0.028570 0.594700 0.140937 0.029980 0.035919 0.080848 
02:   0.028001 0.594700 0.140792 0.029897 0.035936 0.082676 
03:   0.028416 0.594700 0.140695 0.029927 0.035940 0.081318 
04:   0.027661 0.594699 0.140636 0.029942 0.035953 0.079778 
05:   0.029084 0.594700 0.140563 0.029956 0.035923 0.082715 
06:   0.028530 0.594700 0.140408 0.029915 0.035945 0.080371 
07:   0.027632 0.594700 0.140252 0.029924 0.035944 0.080731 
08:   0.048555 0.594700 0.068088 0.029906 0.035973 0.079002 
09:   0.049014 0.594700 0.068089 0.029935 0.035932 0.077506 
10:   0.047961 0.594700 0.067990 0.029902 0.035930 0.078602 
11:   0.048403 0.594700 0.067963 0.029961 0.035958 0.078609 
12:   0.047996 0.594700 0.067831 0.029932 0.035976 0.076903 
13:   0.048102 0.594700 0.067578 0.029952 0.035971 0.077703 
14:   0.048297 0.594701 0.065533 0.029945 0.035928 0.078006 
15:   0.046565 0.594700 0.066194 0.029947 0.035916 0.076753 
iteration 10
00:   0.028474 0.586732 0.138804 0.029433 0.035686 0.079161 
01:   0.029082 0.586732 0.138773 0.029424 0.035700 0.078538 
02:   0.029215 0.586732 0.138617 0.029398 0.035705 0.081045 
03:   0.029225 0.586732 0.138492 0.029459 0.035731 0.079875 
04:   0.028812 0.586732 0.138529 0.029464 0.035690 0.079106 
05:   0.029638 0.586732 0.138382 0.029411 0.035705 0.083868 
06:   0.029069 0.586732 0.138376 0.029416 0.035706 0.080022 
07:   0.028708 0.586733 0.138245 0.029450 0.035706 0.077169 
08:   0.034061 0.586732 0.068283 0.029412 0.035707 0.094523 
09:   0.033646 0.586732 0.068246 0.029374 0.035737 0.094335 
10:   0.033751 0.586732 0.068251 0.029428 0.035736 0.096187 
11:   0.034052 0.586732 0.068065 0.029423 0.035684 0.094833 
12:   0.033003 0.586732 0.067987 0.029430 0.035735 0.092996 
13:   0.033571 0.586732 0.067862 0.029427 0.035737 0.094593 
14:   0.033007 0.586732 0.065398 0.029453 0.035695 0.093159 
15:   0.033191 0.586732 0.066355 0.029413 0.035707 0.093601 
iteration 11
00:   0.026651 0.586754 0.139133 0.029787 0.035883 0.069204 
01:   0.026490 0.586753 0.139006 0.029816 0.035885 0.069230 
02:   0.027091 0.586754 0.138817 0.029775 0.035872 0.072955 
03:   0.026359 0.586753 0.138957 0.029820 0.035888 0.068341 
04:   0.025528 0.586753 0.138897 0.029791 0.035884 0.069281 
05:   0.028465 0.586755 0.138737 0.029746 0.035885 0.077829 
06:   0.026275 0.586753 0.138993 0.029775 0.035884 0.069190 
07:   0.025415 0.586753 0.138829 0.029804 0.035872 0.068635 
08:   0.046264 0.586754 0.068516 0.029740 0.035846 0.069268 
09:   0.046392 0.586754 0.068559 0.029722 0.035857 0.069714 
10:   0.047307 0.586754 0.068472 0.029808 0.035855 0.071523 
11:   0.046491 0.586754 0.068494 0.029851 0.035854 0.069111 
12:   0.045581 0.586754 0.068357 0.029822 0.035854 0.068856 
13:   0.046202 0.586754 0.068030 0.029859 0.035848 0.068959 
14:   0.044859 0.586753 0.065524 0.029778 0.035854 0.072940 
15:   0.046305 0.586754 0.066368 0.029844 0.035850 0.068567 
iteration 12
00:   0.027422 0.594479 0.140110 0.029411 0.035723 0.079136 
01:   0.027315 0.594479 0.140025 0.029427 0.035727 0.079885 
02:   0.028275 0.594479 0.139889 0.029404 0.035727 0.083705 
03:   0.027142 0.594478 0.139924 0.029487 0.035788 0.079657 
04:   0.026982 0.594478 0.139643 0.029383 0.035726 0.080110 
05:   0.028774 0.594479 0.139618 0.029462 0.035717 0.079308 
06:   0.026757 0.594478 0.139681 0.029415 0.035703 0.078331 
07:   0.026977 0.594478 0.139649 0.029418 0.035722 0.079875 
08:   0.033194 0.594479 0.068071 0.029425 0.035726 0.090005 
09:   0.033101 0.594479 0.068100 0.029417 0.035708 0.089782 
10:   0.033493 0.594479 0.068038 0.029407 0.035713 0.089872 
11:   0.033027 0.594479 0.067936 0.029455 0.035711 0.089031 
12:   0.033099 0.594479 0.067808 0.029439 0.035723 0.089587 
13:   0.032899 0.594479 0.067499 0.029423 0.035738 0.090178 
14:   0.033801 0.594479 0.065041 0.029427 0.035724 0.090011 
15:   0.032810 0.594479 0.066054 0.029435 0.035706 0.085520 
iteration 13
00:   0.027112 0.587912 0.139619 0.007254 0.035733 0.073431 
01:   0.026931 0.587911 0.139641 0.007255 0.035745 0.073905 
02:   0.027023 0.587912 0.139510 0.007282 0.035761 0.074053 
03:   0.027103 0.587912 0.139452 0.007295 0.035718 0.073574 
04:   0.026902 0.587911 0.139353 0.007263 0.035780 0.073799 
05:   0.026967 0.587911 0.139104 0.007257 0.035758 0.074253 
06:   0.027080 0.587911 0.139083 0.007303 0.035720 0.073897 
07:   0.026458 0.587911 0.139112 0.007281 0.035764 0.073741 
08:   0.043766 0.587912 0.068512 0.007282 0.035727 0.072978 
09:   0.043796 0.587912 0.068219 0.007271 0.035742 0.072645 
10:   0.043874 0.587912 0.068202 0.007267 0.035723 0.072944 
11:   0.043308 0.587912 0.067910 0.007304 0.035739 0.072777 
12:   0.043595 0.587912 0.068010 0.007288 0.035789 0.072468 
13:   0.043751 0.587912 0.067786 0.007260 0.035748 0.073284 
14:   0.043842 0.587912 0.065387 0.007297 0.035730 0.072617 
15:   0.042477 0.587912 0.066187 0.007274 0.035749 0.072776 
/nethome/kalgin/z/mst/run.xeon.sh: line 46: 165983 Killed                  ./turbobust_stub.out $i 16
/nethome/kalgin/z/mst/run.xeon.sh: line 46: 166005 Segmentation fault      (core dumped) ./turbobust_stub.out $i 16
/nethome/kalgin/z/mst/run.xeon.sh: line 61: kill: (166005) - No such process
ls: cannot access /tmp/data.bin: No such file or directory
ls: cannot access /tmp/data.bin: No such file or directory
