threadsCount = 16
loopsCount = 2164
7.571
3.705
threadsCount = 1
loopsCount = 2164
Done
iterationNumber = 0
iterationNumber = 1
iterationNumber = 2
iterationNumber = 3
iterationNumber = 4
iterationNumber = 5
iterationNumber = 6
5.934
8.846
iteration  0
00:   0.208252 0.614053 1.412494 0.015371 0.000000 0.222496 
iteration  1
00:   0.812053 0.159423 0.208304 0.030852 0.000000 0.033995 
iteration  2
00:   0.779799 0.076585 0.050285 0.021158 0.000000 0.009168 
iteration  3
00:   0.746277 0.068308 0.035083 0.016236 0.000000 0.006641 
iteration  4
00:   0.745590 0.067812 0.033838 0.015944 0.000000 0.006501 
iteration  5
00:   0.784385 0.067878 0.033729 0.014108 0.000000 0.006511 
iteration  6
00:   1.412602 0.067862 0.033701 0.005581 0.000000 0.006491 
threadsCount = 2
loopsCount = 2164
Done
iterationNumber = 0
iterationNumber = 1
iterationNumber = 2
iterationNumber = 3
iterationNumber = 4
iterationNumber = 5
iterationNumber = 6
3.259
5.950
iteration  0
00:   0.112940 0.329770 0.973353 0.007916 0.000000 0.116167 
01:   0.110783 0.318947 0.996028 0.007941 0.000000 0.113728 
iteration  1
00:   0.436121 0.085950 0.135859 0.016902 0.000000 0.018213 
01:   0.427499 0.086013 0.133841 0.016952 0.000000 0.017512 
iteration  2
00:   0.420139 0.043571 0.028452 0.011033 0.000000 0.004708 
01:   0.401864 0.043563 0.028660 0.011060 0.000000 0.004779 
iteration  3
00:   0.393000 0.039514 0.018656 0.008225 0.000000 0.003412 
01:   0.401971 0.039513 0.018594 0.008266 0.000000 0.003469 
iteration  4
00:   0.408671 0.039491 0.017606 0.008006 0.000000 0.003298 
01:   0.383569 0.039492 0.017552 0.008013 0.000000 0.003377 
iteration  5
00:   0.676496 0.039236 0.017748 0.007001 0.000000 0.003300 
01:   0.141199 0.039207 0.017702 0.007101 0.000000 0.003389 
iteration  6
00:   1.413799 0.038781 0.018471 0.002806 0.000000 0.003295 
01:   0.004999 0.038748 0.018475 0.002827 0.000000 0.003378 
/nethome/kalgin/z/mst/run.xeon.sh: line 45: 149480 Killed                  ./turbobust_stub.out $i 16
threadsCount = 4
loopsCount = 2164
Done
iterationNumber = 0
iterationNumber = 1
iterationNumber = 2
iterationNumber = 3
iterationNumber = 4
iterationNumber = 5
iterationNumber = 6
1.816
4.279
iteration  0
00:   0.057973 0.188667 0.686192 0.003993 0.000000 0.063852 
01:   0.058800 0.187435 0.694015 0.003998 0.000000 0.064974 
02:   0.057790 0.185106 0.695790 0.004008 0.000000 0.062139 
03:   0.057779 0.180392 0.694737 0.004009 0.000000 0.062185 
iteration  1
00:   0.218027 0.057539 0.091757 0.008652 0.000000 0.010015 
01:   0.220113 0.057510 0.092345 0.008634 0.000000 0.010156 
02:   0.215190 0.057551 0.090135 0.008686 0.000000 0.009655 
03:   0.208583 0.057534 0.090194 0.008715 0.000000 0.009645 
iteration  2
00:   0.209156 0.036145 0.017169 0.005572 0.000000 0.002461 
01:   0.212224 0.036157 0.017682 0.005641 0.000000 0.002550 
02:   0.201472 0.036144 0.017245 0.005649 0.000000 0.002499 
03:   0.200370 0.036139 0.017577 0.005662 0.000000 0.002574 
iteration  3
00:   0.176683 0.034364 0.011036 0.004119 0.000000 0.001828 
01:   0.212228 0.034360 0.010870 0.004160 0.000000 0.001793 
02:   0.186407 0.034358 0.010930 0.004164 0.000000 0.001825 
03:   0.210419 0.034359 0.010831 0.004180 0.000000 0.001834 
iteration  4
00:   0.238692 0.033618 0.010181 0.004022 0.000000 0.001771 
01:   0.163778 0.033618 0.010295 0.004021 0.000000 0.001754 
02:   0.230823 0.033619 0.010270 0.004027 0.000000 0.001775 
03:   0.146376 0.033617 0.010126 0.004009 0.000000 0.001798 
iteration  5
00:   0.137790 0.034058 0.010187 0.003419 0.000000 0.001764 
01:   0.522120 0.034058 0.010265 0.003552 0.000000 0.001789 
02:   0.135693 0.034052 0.010111 0.003555 0.000000 0.001801 
03:   0.002638 0.034054 0.010090 0.003520 0.000000 0.001820 
iteration  6
00:   1.416249 0.033567 0.010629 0.001424 0.000000 0.001753 
01:   0.003025 0.033536 0.010569 0.001464 0.000000 0.001764 
02:   0.003088 0.033546 0.010623 0.001465 0.000000 0.001770 
03:   0.003127 0.033546 0.010526 0.001460 0.000000 0.001797 
/nethome/kalgin/z/mst/run.xeon.sh: line 45: 149497 Killed                  ./turbobust_stub.out $i 16
threadsCount = 8
loopsCount = 2164
Done
iterationNumber = 0
iterationNumber = 1
iterationNumber = 2
iterationNumber = 3
iterationNumber = 4
iterationNumber = 5
iterationNumber = 6
1.293
3.453
iteration  0
00:   0.033762 0.136823 0.514113 0.002102 0.000000 0.036506 
01:   0.033267 0.136869 0.514207 0.002097 0.000000 0.035780 
02:   0.033245 0.136768 0.516049 0.002101 0.000000 0.035786 
03:   0.033249 0.135640 0.515921 0.002104 0.000000 0.036259 
04:   0.033415 0.135397 0.515618 0.002092 0.000000 0.035625 
05:   0.033013 0.134728 0.518890 0.002094 0.000000 0.036232 
06:   0.033511 0.133412 0.517936 0.002102 0.000000 0.035659 
07:   0.034331 0.131796 0.518551 0.002100 0.000000 0.035495 
iteration  1
00:   0.115662 0.049047 0.067759 0.004436 0.000000 0.005918 
01:   0.112456 0.049024 0.066174 0.004442 0.000000 0.005571 
02:   0.113096 0.049006 0.067013 0.004449 0.000000 0.005674 
03:   0.112506 0.049016 0.068095 0.004447 0.000000 0.005901 
04:   0.114954 0.049006 0.066318 0.004444 0.000000 0.005641 
05:   0.116537 0.049046 0.066153 0.004448 0.000000 0.005650 
06:   0.116090 0.048749 0.066199 0.004443 0.000000 0.005597 
07:   0.112383 0.049001 0.066868 0.004450 0.000000 0.005640 
iteration  2
00:   0.113774 0.035129 0.011843 0.002878 0.000000 0.001392 
01:   0.104325 0.035115 0.011988 0.002878 0.000000 0.001396 
02:   0.107116 0.035117 0.012065 0.002880 0.000000 0.001417 
03:   0.113470 0.035132 0.012385 0.002877 0.000000 0.001474 
04:   0.105443 0.035119 0.011955 0.002882 0.000000 0.001411 
05:   0.106239 0.035113 0.012086 0.002866 0.000000 0.001443 
06:   0.106133 0.035116 0.012285 0.002878 0.000000 0.001488 
07:   0.105882 0.035122 0.012113 0.002866 0.000000 0.001457 
iteration  3
00:   0.087316 0.034384 0.007842 0.002154 0.000000 0.001025 
01:   0.097361 0.034382 0.007760 0.002157 0.000000 0.001028 
02:   0.098330 0.034382 0.007775 0.002156 0.000000 0.000998 
03:   0.121139 0.034384 0.007821 0.002156 0.000000 0.000993 
04:   0.092472 0.034382 0.007821 0.002157 0.000000 0.001004 
05:   0.102606 0.034383 0.007824 0.002157 0.000000 0.001024 
06:   0.118451 0.034384 0.007783 0.002148 0.000000 0.001026 
07:   0.102126 0.034382 0.007605 0.002156 0.000000 0.001030 
iteration  4
00:   0.141096 0.034011 0.007599 0.002022 0.000000 0.000976 
01:   0.104578 0.034010 0.007559 0.002022 0.000000 0.000948 
02:   0.102420 0.034011 0.007571 0.002031 0.000000 0.000991 
03:   0.067177 0.034010 0.007479 0.002029 0.000000 0.000962 
04:   0.089582 0.034010 0.007531 0.002040 0.000000 0.000992 
05:   0.148146 0.034011 0.007461 0.002016 0.000000 0.000957 
06:   0.100243 0.034010 0.007466 0.002034 0.000000 0.000989 
07:   0.053243 0.034010 0.007423 0.002028 0.000000 0.001014 
iteration  5
00:   0.135305 0.033861 0.007590 0.001855 0.000000 0.000977 
01:   0.002127 0.033855 0.007555 0.001859 0.000000 0.000921 
02:   0.507455 0.033864 0.007571 0.001857 0.000000 0.000967 
03:   0.009586 0.033857 0.007603 0.001855 0.000000 0.000959 
04:   0.044869 0.033852 0.007618 0.001863 0.000000 0.000995 
05:   0.092371 0.033846 0.007549 0.001855 0.000000 0.000982 
06:   0.002138 0.033820 0.007564 0.001854 0.000000 0.001001 
07:   0.002004 0.033850 0.007536 0.001860 0.000000 0.000999 
iteration  6
00:   1.344146 0.033955 0.007613 0.000750 0.000000 0.000947 
01:   0.003225 0.033875 0.007676 0.000751 0.000000 0.000927 
02:   0.003223 0.033875 0.007703 0.000751 0.000000 0.000960 
03:   0.003222 0.033875 0.007695 0.000751 0.000000 0.000949 
04:   0.003217 0.033867 0.007647 0.000749 0.000000 0.000970 
05:   0.003223 0.033815 0.007686 0.000751 0.000000 0.000969 
06:   0.002920 0.033813 0.007602 0.000753 0.000000 0.000985 
07:   0.002813 0.033812 0.007691 0.000746 0.000000 0.000983 
/nethome/kalgin/z/mst/run.xeon.sh: line 45: 149516 Killed                  ./turbobust_stub.out $i 16
threadsCount = 16
loopsCount = 2164
Done
iterationNumber = 0
iterationNumber = 1
iterationNumber = 2
iterationNumber = 3
iterationNumber = 4
iterationNumber = 5
iterationNumber = 6
0.852
4.064
iteration  0
00:   0.019936 0.112529 0.491649 0.001756 0.000000 0.023242 
01:   0.018989 0.112878 0.438930 0.001748 0.000000 0.023818 
02:   0.019248 0.112846 0.438956 0.001755 0.000000 0.022777 
03:   0.018908 0.112620 0.492477 0.001759 0.000000 0.023433 
04:   0.019125 0.112771 0.442461 0.001752 0.000000 0.023623 
05:   0.019200 0.112744 0.443860 0.001767 0.000000 0.023773 
06:   0.019078 0.111775 0.445257 0.001774 0.000000 0.023841 
07:   0.019327 0.111680 0.445179 0.001752 0.000000 0.023580 
08:   0.017824 0.103792 0.397076 0.001748 0.000000 0.019595 
09:   0.017798 0.103228 0.397201 0.001749 0.000000 0.019102 
10:   0.017762 0.103528 0.400067 0.001747 0.000000 0.019477 
11:   0.017772 0.103257 0.398497 0.001785 0.000000 0.019832 
12:   0.017629 0.103062 0.398971 0.001804 0.000000 0.020190 
13:   0.017649 0.102769 0.396340 0.001754 0.000000 0.019228 
14:   0.018037 0.102133 0.398482 0.001745 0.000000 0.019178 
15:   0.018390 0.101770 0.398167 0.001760 0.000000 0.019342 
iteration  1
00:   0.075121 0.045467 0.065909 0.004659 0.000000 0.004033 
01:   0.076923 0.045447 0.057982 0.004676 0.000000 0.003968 
02:   0.076205 0.045429 0.056533 0.004648 0.000000 0.003660 
03:   0.077149 0.045459 0.064474 0.004664 0.000000 0.003857 
04:   0.075921 0.045426 0.057305 0.004635 0.000000 0.003794 
05:   0.077030 0.045424 0.058216 0.004626 0.000000 0.003905 
06:   0.074752 0.045261 0.058069 0.004686 0.000000 0.003976 
07:   0.076791 0.045407 0.058633 0.004711 0.000000 0.004047 
08:   0.064934 0.044917 0.050990 0.004628 0.000000 0.003030 
09:   0.063770 0.044875 0.051607 0.004639 0.000000 0.003128 
10:   0.064849 0.044944 0.051534 0.004677 0.000000 0.003096 
11:   0.063981 0.044906 0.050980 0.004628 0.000000 0.003071 
12:   0.065077 0.044863 0.051331 0.004642 0.000000 0.003159 
13:   0.062573 0.044910 0.050803 0.004632 0.000000 0.003038 
14:   0.061927 0.044735 0.051279 0.004647 0.000000 0.003079 
15:   0.061883 0.044899 0.051220 0.004626 0.000000 0.003077 
iteration  2
00:   0.077492 0.037611 0.012500 0.002157 0.000000 0.000809 
01:   0.074834 0.037610 0.011638 0.002104 0.000000 0.000819 
02:   0.066722 0.037608 0.011612 0.002132 0.000000 0.000805 
03:   0.072727 0.037611 0.012511 0.002159 0.000000 0.000825 
04:   0.070092 0.037607 0.011480 0.002155 0.000000 0.000809 
05:   0.073730 0.037609 0.011956 0.002112 0.000000 0.000856 
06:   0.073970 0.037611 0.012091 0.002137 0.000000 0.000912 
07:   0.079186 0.037613 0.011860 0.002101 0.000000 0.000844 
08:   0.059964 0.037595 0.008298 0.002137 0.000000 0.000654 
09:   0.062162 0.037595 0.008201 0.002105 0.000000 0.000625 
10:   0.061974 0.037596 0.008408 0.002167 0.000000 0.000663 
11:   0.060519 0.037595 0.008337 0.002156 0.000000 0.000648 
12:   0.062939 0.037599 0.008524 0.002136 0.000000 0.000707 
13:   0.058989 0.037593 0.008388 0.002108 0.000000 0.000671 
14:   0.061151 0.037594 0.008283 0.002112 0.000000 0.000643 
15:   0.060584 0.037597 0.008340 0.002109 0.000000 0.000685 
iteration  3
00:   0.058871 0.037175 0.009847 0.001207 0.000000 0.000616 
01:   0.057822 0.037176 0.009825 0.001203 0.000000 0.000616 
02:   0.061762 0.037176 0.009774 0.001207 0.000000 0.000601 
03:   0.068965 0.037176 0.009839 0.001203 0.000000 0.000598 
04:   0.053057 0.037175 0.009767 0.001213 0.000000 0.000618 
05:   0.079705 0.037176 0.009772 0.001175 0.000000 0.000597 
06:   0.094936 0.037176 0.009689 0.001180 0.000000 0.000597 
07:   0.070289 0.037175 0.009695 0.001184 0.000000 0.000597 
08:   0.056979 0.037175 0.005181 0.001216 0.000000 0.000475 
09:   0.051115 0.037175 0.005199 0.001206 0.000000 0.000464 
10:   0.064984 0.037175 0.005351 0.001189 0.000000 0.000476 
11:   0.054669 0.037175 0.005245 0.001233 0.000000 0.000473 
12:   0.074169 0.037176 0.005169 0.001185 0.000000 0.000484 
13:   0.065207 0.037175 0.005200 0.001191 0.000000 0.000475 
14:   0.055322 0.037175 0.005108 0.001186 0.000000 0.000472 
15:   0.063629 0.037175 0.005130 0.001188 0.000000 0.000484 
iteration  4
00:   0.098772 0.037200 0.009696 0.001102 0.000000 0.000586 
01:   0.094378 0.037200 0.009688 0.001110 0.000000 0.000573 
02:   0.068407 0.037199 0.009688 0.001117 0.000000 0.000579 
03:   0.073004 0.037198 0.009669 0.001087 0.000000 0.000571 
04:   0.064277 0.037199 0.009690 0.001087 0.000000 0.000590 
05:   0.074630 0.037199 0.009661 0.001154 0.000000 0.000567 
06:   0.018497 0.037198 0.009629 0.001155 0.000000 0.000581 
07:   0.071484 0.037200 0.009599 0.001126 0.000000 0.000572 
08:   0.051926 0.037199 0.005041 0.001089 0.000000 0.000459 
09:   0.052859 0.037199 0.005090 0.001104 0.000000 0.000450 
10:   0.087328 0.037199 0.005042 0.001121 0.000000 0.000451 
11:   0.089318 0.037199 0.004985 0.001088 0.000000 0.000440 
12:   0.063596 0.037199 0.004956 0.001129 0.000000 0.000462 
13:   0.053101 0.037199 0.004982 0.001096 0.000000 0.000463 
14:   0.040693 0.037199 0.004922 0.001083 0.000000 0.000461 
15:   0.020563 0.037198 0.004950 0.001099 0.000000 0.000476 
iteration  5
00:   0.104996 0.037639 0.009823 0.000955 0.000000 0.000595 
01:   0.088134 0.037626 0.009810 0.000930 0.000000 0.000578 
02:   0.000730 0.037631 0.009823 0.000944 0.000000 0.000579 
03:   0.000689 0.037638 0.009782 0.000978 0.000000 0.000572 
04:   0.506451 0.037643 0.009818 0.000929 0.000000 0.000601 
05:   0.256959 0.037642 0.009789 0.000954 0.000000 0.000578 
06:   0.011568 0.037634 0.009786 0.000966 0.000000 0.000584 
07:   0.000827 0.037638 0.009738 0.000978 0.000000 0.000582 
08:   0.001177 0.037621 0.005010 0.000971 0.000000 0.000470 
09:   0.053216 0.037614 0.005025 0.000968 0.000000 0.000460 
10:   0.073779 0.037618 0.004999 0.000948 0.000000 0.000461 
11:   0.039496 0.037621 0.004974 0.000951 0.000000 0.000461 
12:   0.001174 0.037587 0.004970 0.000928 0.000000 0.000472 
13:   0.001117 0.037567 0.004924 0.000924 0.000000 0.000470 
14:   0.001103 0.037582 0.004934 0.000934 0.000000 0.000473 
15:   0.001104 0.037587 0.004942 0.000950 0.000000 0.000486 
iteration  6
00:   0.000946 0.037488 0.009786 0.000504 0.000000 0.000595 
01:   2.170873 0.037488 0.009764 0.000470 0.000000 0.000588 
02:   0.000912 0.037441 0.009787 0.000482 0.000000 0.000578 
03:   0.000885 0.037440 0.009769 0.000489 0.000000 0.000578 
04:   0.000999 0.037432 0.009730 0.000488 0.000000 0.000588 
05:   0.000917 0.037376 0.009778 0.000494 0.000000 0.000585 
06:   0.000988 0.037377 0.009781 0.000464 0.000000 0.000589 
07:   0.001133 0.037376 0.009719 0.000461 0.000000 0.000587 
08:   0.001549 0.037421 0.005069 0.000473 0.000000 0.000467 
09:   0.001497 0.037356 0.005041 0.000458 0.000000 0.000459 
10:   0.001509 0.037355 0.005053 0.000467 0.000000 0.000453 
11:   0.001394 0.037379 0.005032 0.000454 0.000000 0.000457 
12:   0.001559 0.037421 0.004986 0.000485 0.000000 0.000464 
13:   0.001547 0.037354 0.005011 0.000489 0.000000 0.000467 
14:   0.001510 0.037353 0.004974 0.000488 0.000000 0.000467 
15:   0.001541 0.037379 0.005015 0.000456 0.000000 0.000476 
/nethome/kalgin/z/mst/run.xeon.sh: line 45: 149534 Killed                  ./turbobust_stub.out $i 16
/nethome/kalgin/z/mst/run.xeon.sh: line 45: 149552 Segmentation fault      (core dumped) ./turbobust_stub.out $i 16
/nethome/kalgin/z/mst/run.xeon.sh: line 60: kill: (149552) - No such process
