threadsCount = 16
loopsCount = 2164
7.666
3.793
threadsCount = 1
loopsCount = 2164
Done
iterationNumber = 0
iterationNumber = 1
iterationNumber = 2
iterationNumber = 3
iterationNumber = 4
iterationNumber = 5
iterationNumber = 6
6.125
3.462
iteration  0
00:   0.311202 0.000000 0.077189 0.072040 0.422929 
iteration  1
00:   0.278821 0.000000 0.033718 0.070472 0.148102 
iteration  2
00:   0.175229 0.000000 0.013240 0.052570 0.077435 
iteration  3
00:   0.144045 0.000000 0.007533 0.044869 0.070560 
iteration  4
00:   0.110088 0.024499 0.007065 0.041961 0.062773 
iteration  5
00:   0.020459 0.121015 0.007059 0.035324 0.067360 
iteration  6
00:   0.010169 0.908042 0.006921 0.006000 0.010173 
threadsCount = 2
loopsCount = 2164
Done
iterationNumber = 0
iterationNumber = 1
iterationNumber = 2
iterationNumber = 3
iterationNumber = 4
iterationNumber = 5
iterationNumber = 6
3.336
1.991
iteration  0
00:   0.165444 0.000000 0.041751 0.040232 0.226741 
01:   0.168205 0.000000 0.041661 0.040139 0.222260 
iteration  1
00:   0.147516 0.000000 0.017578 0.038447 0.104938 
01:   0.140185 0.000000 0.017454 0.038488 0.103758 
iteration  2
00:   0.094576 0.000000 0.007120 0.026928 0.062401 
01:   0.087215 0.000000 0.006975 0.026982 0.060096 
iteration  3
00:   0.078095 0.000000 0.003973 0.022574 0.058321 
01:   0.071900 0.000000 0.003948 0.022732 0.057193 
iteration  4
00:   0.060835 0.013363 0.003678 0.021726 0.057950 
01:   0.053808 0.013362 0.003666 0.021728 0.044454 
iteration  5
00:   0.012810 0.063641 0.003670 0.018143 0.067584 
01:   0.008756 0.063580 0.003676 0.018151 0.005236 
iteration  6
00:   0.005553 0.480382 0.003552 0.003017 0.010220 
01:   0.005578 0.482926 0.003557 0.003025 0.005246 
/nethome/kalgin/z/mst/run.xeon.sh: line 45: 177633 Killed                  ./turbobust_stub.out $i 16
threadsCount = 4
loopsCount = 2164
Done
iterationNumber = 0
iterationNumber = 1
iterationNumber = 2
iterationNumber = 3
iterationNumber = 4
iterationNumber = 5
iterationNumber = 6
1.896
1.251
iteration  0
00:   0.098090 0.000000 0.024458 0.020492 0.134858 
01:   0.099680 0.000000 0.024555 0.020511 0.146886 
02:   0.098826 0.000000 0.024456 0.020538 0.144597 
03:   0.099943 0.000000 0.024194 0.020505 0.138463 
iteration  1
00:   0.080667 0.000000 0.009660 0.019636 0.072158 
01:   0.079836 0.000000 0.009660 0.019723 0.081827 
02:   0.077877 0.000000 0.009565 0.019751 0.081826 
03:   0.074323 0.000000 0.009435 0.019751 0.072063 
iteration  2
00:   0.051647 0.000000 0.003995 0.015237 0.038358 
01:   0.050713 0.000000 0.004007 0.015259 0.049627 
02:   0.048674 0.000000 0.003924 0.015265 0.049803 
03:   0.045732 0.000000 0.003900 0.015320 0.037921 
iteration  3
00:   0.040652 0.000000 0.002265 0.011335 0.038978 
01:   0.044272 0.000000 0.002263 0.011293 0.046823 
02:   0.041667 0.000000 0.002261 0.011305 0.048955 
03:   0.036620 0.000000 0.002248 0.011326 0.038071 
iteration  4
00:   0.031946 0.008427 0.002141 0.010834 0.055054 
01:   0.034528 0.008587 0.002083 0.010795 0.037005 
02:   0.036598 0.008400 0.002138 0.010822 0.029989 
03:   0.021855 0.008567 0.002111 0.010839 0.038901 
iteration  5
00:   0.008744 0.035336 0.002092 0.008962 0.067425 
01:   0.005399 0.035243 0.002045 0.008935 0.005210 
02:   0.006627 0.035194 0.002084 0.008967 0.005211 
03:   0.003228 0.034912 0.002080 0.008988 0.005211 
iteration  6
00:   0.003289 0.261707 0.001981 0.001571 0.010281 
01:   0.003394 0.263444 0.001975 0.001573 0.005190 
02:   0.003319 0.263906 0.001984 0.001570 0.005191 
03:   0.003385 0.262963 0.001977 0.001570 0.005191 
/nethome/kalgin/z/mst/run.xeon.sh: line 45: 177651 Killed                  ./turbobust_stub.out $i 16
threadsCount = 8
loopsCount = 2164
Done
iterationNumber = 0
iterationNumber = 1
iterationNumber = 2
iterationNumber = 3
iterationNumber = 4
iterationNumber = 5
iterationNumber = 6
1.826
1.067
iteration  0
00:   0.074669 0.000000 0.018810 0.011905 0.174094 
01:   0.079547 0.000000 0.018780 0.011906 0.210524 
02:   0.079441 0.000000 0.018846 0.011885 0.213390 
03:   0.078961 0.000000 0.018772 0.011898 0.210510 
04:   0.078971 0.000000 0.018740 0.011898 0.210483 
05:   0.079352 0.000000 0.018648 0.011900 0.210521 
06:   0.078707 0.000000 0.018695 0.011882 0.204002 
07:   0.080870 0.000000 0.018552 0.011900 0.202167 
iteration  1
00:   0.049706 0.000000 0.007040 0.011476 0.077075 
01:   0.049363 0.000000 0.006955 0.011467 0.080120 
02:   0.049755 0.000000 0.007011 0.011453 0.085903 
03:   0.048297 0.000000 0.006914 0.011467 0.089201 
04:   0.048148 0.000000 0.007026 0.011472 0.089202 
05:   0.047892 0.000000 0.007053 0.011473 0.085881 
06:   0.046654 0.000000 0.007074 0.011463 0.079550 
07:   0.045701 0.000000 0.006830 0.011460 0.079416 
iteration  2
00:   0.031308 0.000000 0.002800 0.007833 0.032893 
01:   0.031529 0.000000 0.002846 0.007830 0.033715 
02:   0.031123 0.000000 0.002812 0.007826 0.043700 
03:   0.030534 0.000000 0.002815 0.007831 0.045242 
04:   0.029873 0.000000 0.002801 0.007820 0.048467 
05:   0.029579 0.000000 0.002770 0.007825 0.039629 
06:   0.028081 0.000000 0.002738 0.007833 0.033226 
07:   0.028286 0.000000 0.002732 0.007832 0.032891 
iteration  3
00:   0.025006 0.000000 0.001869 0.006506 0.032414 
01:   0.025165 0.000000 0.001864 0.006498 0.038937 
02:   0.027518 0.000000 0.001855 0.006501 0.038959 
03:   0.026608 0.000000 0.001844 0.006502 0.042194 
04:   0.028469 0.000000 0.001862 0.006505 0.040912 
05:   0.022449 0.000000 0.001844 0.006490 0.044865 
06:   0.020843 0.000000 0.001840 0.006498 0.036676 
07:   0.024746 0.000000 0.001843 0.006510 0.033644 
iteration  4
00:   0.021910 0.008873 0.001735 0.006445 0.018770 
01:   0.017052 0.008875 0.001701 0.006435 0.061531 
02:   0.019755 0.008855 0.001749 0.006437 0.031536 
03:   0.022144 0.008749 0.001739 0.006433 0.040408 
04:   0.021337 0.008817 0.001718 0.006434 0.022282 
05:   0.023091 0.008824 0.001706 0.006443 0.033007 
06:   0.017549 0.008766 0.001721 0.006440 0.040186 
07:   0.009469 0.008762 0.001739 0.006443 0.029280 
iteration  5
00:   0.008014 0.023396 0.001737 0.005285 0.006892 
01:   0.003464 0.023405 0.001712 0.005281 0.073770 
02:   0.002647 0.023379 0.001708 0.005259 0.005905 
03:   0.005029 0.023368 0.001739 0.005278 0.005905 
04:   0.002764 0.023411 0.001711 0.005281 0.005907 
05:   0.006506 0.023417 0.001708 0.005290 0.005905 
06:   0.002764 0.023295 0.001712 0.005279 0.005906 
07:   0.002687 0.023121 0.001722 0.005284 0.005912 
iteration  6
00:   0.002775 0.156062 0.001604 0.000782 0.006058 
01:   0.002720 0.155602 0.001585 0.000787 0.010287 
02:   0.002780 0.155701 0.001598 0.000780 0.005195 
03:   0.002759 0.157152 0.001613 0.000787 0.005193 
04:   0.002877 0.157082 0.001563 0.000786 0.005194 
05:   0.002848 0.156316 0.001597 0.000790 0.005196 
06:   0.002873 0.156373 0.001591 0.000786 0.005194 
07:   0.002815 0.156491 0.001573 0.000787 0.005193 
/nethome/kalgin/z/mst/run.xeon.sh: line 45: 177671 Killed                  ./turbobust_stub.out $i 16
threadsCount = 16
loopsCount = 2164
Done
iterationNumber = 0
iterationNumber = 1
iterationNumber = 2
iterationNumber = 3
iterationNumber = 4
iterationNumber = 5
iterationNumber = 6
4.538
1.138
iteration  0
00:   0.040460 0.000000 0.010062 0.010862 0.242438 
01:   0.041186 0.000000 0.009994 0.010896 0.348980 
02:   0.041078 0.000000 0.009978 0.010850 0.349050 
03:   0.041276 0.000000 0.009940 0.010819 0.349783 
04:   0.041281 0.000000 0.010031 0.010866 0.350198 
05:   0.041009 0.000000 0.009941 0.010824 0.352687 
06:   0.041252 0.000000 0.009968 0.010868 0.349205 
07:   0.040843 0.000000 0.010263 0.010862 0.347868 
08:   0.041930 0.000000 0.011277 0.010828 0.355370 
09:   0.041852 0.000000 0.011254 0.010868 0.354273 
10:   0.042095 0.000000 0.011204 0.010796 0.355057 
11:   0.041567 0.000000 0.011178 0.010807 0.351610 
12:   0.041701 0.000000 0.011205 0.010829 0.351407 
13:   0.041776 0.000000 0.011180 0.010831 0.340864 
14:   0.042065 0.000000 0.011131 0.010864 0.339581 
15:   0.042498 0.000000 0.011138 0.010883 0.336985 
iteration  1
00:   0.028367 0.000000 0.003716 0.009664 0.153260 
01:   0.028468 0.000000 0.003656 0.009668 0.172070 
02:   0.028202 0.000000 0.003681 0.009714 0.176743 
03:   0.028328 0.000000 0.003629 0.009643 0.179028 
04:   0.028495 0.000000 0.003692 0.009692 0.184110 
05:   0.028595 0.000000 0.003656 0.009690 0.184665 
06:   0.027941 0.000000 0.003655 0.009638 0.186798 
07:   0.027118 0.000000 0.003913 0.009648 0.187259 
08:   0.025868 0.000000 0.003991 0.009591 0.198625 
09:   0.025328 0.000000 0.003967 0.009586 0.199186 
10:   0.025767 0.000000 0.003992 0.009618 0.193288 
11:   0.024817 0.000000 0.003895 0.009577 0.191923 
12:   0.024853 0.000000 0.003980 0.009625 0.189391 
13:   0.024345 0.000001 0.003921 0.009604 0.185855 
14:   0.024277 0.000001 0.003885 0.009602 0.186141 
15:   0.023979 0.000001 0.003901 0.009598 0.181357 
iteration  2
00:   0.018257 0.000000 0.001277 0.004789 0.027586 
01:   0.019258 0.000000 0.001310 0.004782 0.034948 
02:   0.018981 0.000000 0.001306 0.004824 0.034713 
03:   0.019089 0.000000 0.001294 0.004822 0.035313 
04:   0.018908 0.000000 0.001288 0.004801 0.036557 
05:   0.018611 0.000000 0.001304 0.004807 0.042476 
06:   0.018727 0.000000 0.001280 0.004776 0.041780 
07:   0.017923 0.000001 0.001428 0.004759 0.044373 
08:   0.015691 0.000000 0.001489 0.004793 0.048148 
09:   0.016525 0.000000 0.001498 0.004835 0.047628 
10:   0.016131 0.000000 0.001488 0.004849 0.038503 
11:   0.015550 0.000000 0.001448 0.004861 0.036293 
12:   0.014603 0.000000 0.001483 0.004816 0.035012 
13:   0.015420 0.000000 0.001456 0.004826 0.035127 
14:   0.015425 0.000000 0.001462 0.004817 0.034922 
15:   0.015133 0.000001 0.001459 0.004772 0.034832 
iteration  3
00:   0.011651 0.000000 0.000691 0.003513 0.028262 
01:   0.018054 0.000000 0.000708 0.003553 0.027830 
02:   0.014229 0.000000 0.000702 0.003492 0.030881 
03:   0.016116 0.000000 0.000705 0.003506 0.032892 
04:   0.015086 0.000000 0.000678 0.003556 0.025451 
05:   0.018425 0.000000 0.000704 0.003548 0.040993 
06:   0.014633 0.000000 0.000679 0.003492 0.036013 
07:   0.017501 0.000000 0.000777 0.003496 0.039555 
08:   0.015187 0.000000 0.000825 0.003487 0.040067 
09:   0.015854 0.000000 0.000815 0.003483 0.037391 
10:   0.012112 0.000000 0.000808 0.003492 0.037284 
11:   0.011827 0.000000 0.000805 0.003485 0.039492 
12:   0.008932 0.000000 0.000808 0.003487 0.026206 
13:   0.013222 0.000000 0.000823 0.003457 0.038566 
14:   0.014022 0.000000 0.000812 0.003524 0.030842 
15:   0.012621 0.000000 0.000821 0.003478 0.031187 
iteration  4
00:   0.013470 0.007121 0.000776 0.003258 0.007328 
01:   0.012700 0.007095 0.000831 0.003267 0.017847 
02:   0.008965 0.006798 0.000839 0.003295 0.053170 
03:   0.011399 0.006792 0.000824 0.003260 0.037982 
04:   0.006648 0.006779 0.000799 0.003274 0.027294 
05:   0.016801 0.006726 0.000798 0.003266 0.032069 
06:   0.011567 0.006369 0.000783 0.003262 0.032673 
07:   0.015041 0.006361 0.000885 0.003252 0.031876 
08:   0.012815 0.006607 0.001053 0.003276 0.022024 
09:   0.010204 0.006440 0.001064 0.003308 0.022024 
10:   0.012535 0.006620 0.001073 0.003318 0.022336 
11:   0.012273 0.006492 0.001071 0.003292 0.032598 
12:   0.005189 0.006400 0.001081 0.003263 0.042815 
13:   0.013204 0.006566 0.001066 0.003297 0.011012 
14:   0.005125 0.006109 0.001079 0.003291 0.034015 
15:   0.005208 0.006128 0.001042 0.003274 0.006025 
iteration  5
00:   0.001080 0.016657 0.000599 0.002724 0.006918 
01:   0.008093 0.016677 0.000605 0.002724 0.006900 
02:   0.002094 0.016632 0.000611 0.002727 0.075376 
03:   0.001039 0.016695 0.000606 0.002746 0.005943 
04:   0.001077 0.016668 0.000598 0.002789 0.005944 
05:   0.001052 0.016668 0.000602 0.002776 0.006305 
06:   0.001077 0.015892 0.000584 0.002716 0.005961 
07:   0.004158 0.015852 0.000793 0.002798 0.005990 
08:   0.001309 0.014573 0.000824 0.002755 0.006327 
09:   0.001305 0.014620 0.000834 0.002776 0.006326 
10:   0.001627 0.014619 0.000830 0.002812 0.006326 
11:   0.005297 0.014581 0.000828 0.002755 0.006327 
12:   0.001266 0.014584 0.000832 0.002724 0.006327 
13:   0.001307 0.014292 0.000814 0.002750 0.006334 
14:   0.001247 0.014238 0.000832 0.002722 0.006350 
15:   0.001206 0.014617 0.000812 0.002753 0.006326 
iteration  6
00:   0.001153 0.112531 0.000554 0.000534 0.006108 
01:   0.001119 0.112550 0.000554 0.000535 0.006102 
02:   0.001146 0.112267 0.000562 0.000533 0.010697 
03:   0.001097 0.112241 0.000566 0.000536 0.005339 
04:   0.001149 0.112176 0.000567 0.000537 0.005338 
05:   0.001128 0.112002 0.000557 0.000536 0.005340 
06:   0.001153 0.113335 0.000568 0.000535 0.005339 
07:   0.001167 0.112856 0.000629 0.000536 0.005339 
08:   0.001267 0.087901 0.000683 0.000466 0.005848 
09:   0.001259 0.087581 0.000668 0.000464 0.005847 
10:   0.001244 0.087352 0.000668 0.000460 0.005845 
11:   0.001241 0.086863 0.000674 0.000465 0.005847 
12:   0.001226 0.087073 0.000676 0.000466 0.005845 
13:   0.001267 0.086760 0.000685 0.000466 0.005845 
14:   0.001258 0.087051 0.000670 0.000466 0.005849 
15:   0.001106 0.087788 0.000660 0.000462 0.005844 
/nethome/kalgin/z/mst/run.xeon.sh: line 45: 177689 Killed                  ./turbobust_stub.out $i 16
/nethome/kalgin/z/mst/run.xeon.sh: line 45: 177708 Segmentation fault      (core dumped) ./turbobust_stub.out $i 16
/nethome/kalgin/z/mst/run.xeon.sh: line 60: kill: (177708) - No such process
