threadsCount = 16
loopsCount = 0
7.682
1.520
threadsCount = 1
loopsCount = 0
Done
iterationNumber = 0
iterationNumber = 1
iterationNumber = 2
iterationNumber = 3
iterationNumber = 4
iterationNumber = 5
iterationNumber = 6
iterationNumber = 7
4.810
7.333
iteration  0
00:   0.219080 0.666212 1.354969 0.017569 0.000000 0.230474 
iteration  1
00:   0.858881 0.299747 0.430266 0.042077 0.000000 0.076786 
iteration  2
00:   1.037629 0.126272 0.136445 0.040117 0.000000 0.029270 
iteration  3
00:   0.884350 0.085265 0.065484 0.040425 0.000000 0.013165 
iteration  4
00:   0.088172 0.071998 0.041282 0.037167 0.000000 0.007172 
iteration  5
00:   0.017625 0.068207 0.034896 0.024757 0.000000 0.005619 
iteration  6
00:   0.009811 0.067798 0.033810 0.019616 0.000000 0.005333 
iteration  7
00:   0.008524 0.067718 0.033730 0.010578 0.000000 0.005394 
threadsCount = 2
loopsCount = 0
Done
iterationNumber = 0
iterationNumber = 1
iterationNumber = 2
iterationNumber = 3
iterationNumber = 4
iterationNumber = 5
iterationNumber = 6
iterationNumber = 7
2.584
4.325
iteration  0
00:   0.113674 0.354996 1.007951 0.009005 0.000000 0.116340 
01:   0.115125 0.354589 1.042167 0.009006 0.000000 0.118157 
iteration  1
00:   0.438351 0.158896 0.300092 0.023244 0.000000 0.041555 
01:   0.447719 0.158873 0.307051 0.023280 0.000000 0.041596 
iteration  2
00:   0.541272 0.068967 0.088035 0.021607 0.000000 0.015408 
01:   0.538623 0.068970 0.090111 0.021643 0.000000 0.015421 
iteration  3
00:   0.469489 0.048247 0.039448 0.021081 0.000000 0.006955 
01:   0.466389 0.048260 0.039612 0.021131 0.000000 0.006901 
iteration  4
00:   0.047252 0.041723 0.022936 0.019084 0.000000 0.003714 
01:   0.045627 0.041716 0.023048 0.019132 0.000000 0.003713 
iteration  5
00:   0.009423 0.039846 0.019187 0.012766 0.000000 0.002912 
01:   0.009348 0.039846 0.019191 0.012827 0.000000 0.002917 
iteration  6
00:   0.005348 0.039840 0.017922 0.010305 0.000000 0.002744 
01:   0.005376 0.039841 0.017943 0.010345 0.000000 0.002743 
iteration  7
00:   0.004687 0.039302 0.018053 0.005677 0.000000 0.002765 
01:   0.004733 0.039302 0.018082 0.005680 0.000000 0.002759 
/nethome/kalgin/z/mst/run.xeon.sh: line 45: 188033 Killed                  ./turbobust_stub.out $i 16
threadsCount = 4
loopsCount = 0
Done
iterationNumber = 0
iterationNumber = 1
iterationNumber = 2
iterationNumber = 3
iterationNumber = 4
iterationNumber = 5
iterationNumber = 6
iterationNumber = 7
1.495
2.584
iteration  0
00:   0.060074 0.202499 0.676962 0.004565 0.000000 0.057847 
01:   0.059821 0.202178 0.694880 0.004560 0.000000 0.059058 
02:   0.060432 0.202348 0.698712 0.004569 0.000000 0.059149 
03:   0.062016 0.202211 0.697998 0.004564 0.000000 0.059164 
iteration  1
00:   0.226176 0.096020 0.195760 0.011804 0.000000 0.021438 
01:   0.225719 0.095996 0.197798 0.011821 0.000000 0.021469 
02:   0.236274 0.096043 0.199176 0.011899 0.000000 0.021750 
03:   0.236503 0.096020 0.198536 0.011836 0.000000 0.021616 
iteration  2
00:   0.277448 0.049091 0.051421 0.010931 0.000000 0.007872 
01:   0.274514 0.049033 0.053293 0.011001 0.000000 0.008075 
02:   0.276589 0.049090 0.053594 0.011008 0.000000 0.008044 
03:   0.273009 0.049017 0.053317 0.011020 0.000000 0.008025 
iteration  3
00:   0.248179 0.038337 0.023172 0.010668 0.000000 0.003609 
01:   0.250153 0.038332 0.023484 0.010718 0.000000 0.003646 
02:   0.246464 0.038340 0.023261 0.010750 0.000000 0.003606 
03:   0.247225 0.038354 0.023357 0.010709 0.000000 0.003617 
iteration  4
00:   0.024983 0.034881 0.013393 0.009617 0.000000 0.001920 
01:   0.024815 0.034882 0.013230 0.009635 0.000000 0.001898 
02:   0.024050 0.034876 0.013317 0.009656 0.000000 0.001900 
03:   0.023940 0.034874 0.013354 0.009678 0.000000 0.001911 
iteration  5
00:   0.005313 0.033914 0.010572 0.006386 0.000000 0.001507 
01:   0.005136 0.033914 0.010603 0.006483 0.000000 0.001490 
02:   0.005162 0.033915 0.010572 0.006486 0.000000 0.001498 
03:   0.005188 0.033914 0.010594 0.006489 0.000000 0.001489 
iteration  6
00:   0.003273 0.033792 0.010194 0.005163 0.000000 0.001458 
01:   0.003234 0.033792 0.010279 0.005394 0.000000 0.001446 
02:   0.003252 0.033793 0.010218 0.005397 0.000000 0.001437 
03:   0.003239 0.033792 0.010257 0.005378 0.000000 0.001446 
iteration  7
00:   0.002815 0.033995 0.010274 0.002915 0.000000 0.001460 
01:   0.002802 0.033995 0.010292 0.003012 0.000000 0.001435 
02:   0.002839 0.033995 0.010294 0.002934 0.000000 0.001444 
03:   0.002879 0.033995 0.010228 0.002995 0.000000 0.001446 
/nethome/kalgin/z/mst/run.xeon.sh: line 45: 188050 Killed                  ./turbobust_stub.out $i 16
threadsCount = 8
loopsCount = 0
Done
iterationNumber = 0
iterationNumber = 1
iterationNumber = 2
iterationNumber = 3
iterationNumber = 4
iterationNumber = 5
iterationNumber = 6
iterationNumber = 7
0.892
1.663
iteration  0
00:   0.034915 0.145406 0.428189 0.002385 0.000000 0.033685 
01:   0.034839 0.145438 0.436447 0.002385 0.000000 0.033384 
02:   0.034406 0.145347 0.438696 0.002380 0.000000 0.033737 
03:   0.034131 0.145280 0.440109 0.002386 0.000000 0.034094 
04:   0.034233 0.145387 0.441692 0.002383 0.000000 0.033407 
05:   0.034383 0.145366 0.442337 0.002384 0.000000 0.033461 
06:   0.035118 0.145228 0.442456 0.002382 0.000000 0.033946 
07:   0.035392 0.145276 0.442180 0.002388 0.000000 0.033530 
iteration  1
00:   0.123294 0.074105 0.121908 0.006095 0.000000 0.012517 
01:   0.121984 0.074130 0.122624 0.006094 0.000000 0.012409 
02:   0.117696 0.074070 0.122858 0.006093 0.000000 0.012488 
03:   0.117849 0.074103 0.122764 0.006093 0.000000 0.012497 
04:   0.118857 0.074111 0.123397 0.006083 0.000000 0.012310 
05:   0.121261 0.074084 0.123919 0.006096 0.000000 0.012438 
06:   0.127330 0.073885 0.123491 0.006091 0.000000 0.012350 
07:   0.120628 0.074049 0.123639 0.006095 0.000000 0.012388 
iteration  2
00:   0.151377 0.043493 0.030371 0.005660 0.000000 0.004522 
01:   0.150143 0.043488 0.030423 0.005645 0.000000 0.004486 
02:   0.149013 0.043459 0.030925 0.005660 0.000000 0.004569 
03:   0.147575 0.043479 0.031018 0.005665 0.000000 0.004573 
04:   0.148902 0.043492 0.030991 0.005661 0.000000 0.004520 
05:   0.150638 0.043516 0.031142 0.005665 0.000000 0.004546 
06:   0.149128 0.043274 0.030887 0.005662 0.000000 0.004555 
07:   0.149119 0.043463 0.030535 0.005656 0.000000 0.004501 
iteration  3
00:   0.137079 0.036197 0.014015 0.005414 0.000000 0.002008 
01:   0.135050 0.036177 0.014167 0.005409 0.000000 0.002050 
02:   0.137099 0.036183 0.014222 0.005409 0.000000 0.002045 
03:   0.136651 0.036209 0.014271 0.005410 0.000000 0.002067 
04:   0.134159 0.036189 0.014124 0.005408 0.000000 0.002017 
05:   0.136472 0.036195 0.014181 0.005410 0.000000 0.002032 
06:   0.137593 0.036152 0.014132 0.005406 0.000000 0.002058 
07:   0.134918 0.036199 0.014100 0.005408 0.000000 0.002051 
iteration  4
00:   0.014399 0.034594 0.008839 0.004912 0.000000 0.001008 
01:   0.014377 0.034594 0.009025 0.004900 0.000000 0.001038 
02:   0.013959 0.034590 0.008859 0.004910 0.000000 0.001029 
03:   0.014587 0.034587 0.008787 0.004910 0.000000 0.001000 
04:   0.013812 0.034591 0.008925 0.004914 0.000000 0.001027 
05:   0.013963 0.034587 0.008694 0.004918 0.000000 0.000995 
06:   0.013856 0.034587 0.008889 0.004904 0.000000 0.001032 
07:   0.013983 0.034593 0.008868 0.004911 0.000000 0.001035 
iteration  5
00:   0.003578 0.034132 0.007679 0.003323 0.000000 0.000780 
01:   0.003710 0.034133 0.007671 0.003324 0.000000 0.000804 
02:   0.003544 0.034131 0.007697 0.003323 0.000000 0.000807 
03:   0.003564 0.034131 0.007687 0.003324 0.000000 0.000792 
04:   0.003630 0.034133 0.007713 0.003324 0.000000 0.000803 
05:   0.003457 0.034130 0.007620 0.003323 0.000000 0.000800 
06:   0.003591 0.034131 0.007608 0.003323 0.000000 0.000807 
07:   0.003541 0.034131 0.007667 0.003325 0.000000 0.000820 
iteration  6
00:   0.002632 0.034490 0.007748 0.002726 0.000000 0.000757 
01:   0.002684 0.034490 0.007798 0.002727 0.000000 0.000774 
02:   0.002646 0.034490 0.007681 0.002726 0.000000 0.000780 
03:   0.002664 0.034490 0.007783 0.002725 0.000000 0.000761 
04:   0.002660 0.034491 0.007724 0.002725 0.000000 0.000769 
05:   0.002659 0.034490 0.007699 0.002729 0.000000 0.000774 
06:   0.002654 0.034490 0.007705 0.002729 0.000000 0.000770 
07:   0.002614 0.034490 0.007710 0.002730 0.000000 0.000768 
iteration  7
00:   0.002327 0.034213 0.007711 0.001661 0.000000 0.000769 
01:   0.002367 0.034213 0.007781 0.001658 0.000000 0.000769 
02:   0.002369 0.034213 0.007734 0.001663 0.000000 0.000772 
03:   0.002337 0.034213 0.007695 0.001661 0.000000 0.000763 
04:   0.002381 0.034213 0.007670 0.001656 0.000000 0.000774 
05:   0.002351 0.034213 0.007551 0.001658 0.000000 0.000757 
06:   0.002386 0.034213 0.007641 0.001658 0.000000 0.000759 
07:   0.002316 0.034213 0.007716 0.001662 0.000000 0.000777 
/nethome/kalgin/z/mst/run.xeon.sh: line 45: 188069 Killed                  ./turbobust_stub.out $i 16
threadsCount = 16
loopsCount = 0
Done
iterationNumber = 0
iterationNumber = 1
iterationNumber = 2
iterationNumber = 3
iterationNumber = 4
iterationNumber = 5
iterationNumber = 6
iterationNumber = 7
0.764
1.286
iteration  0
00:   0.020017 0.121015 0.328330 0.001995 0.000000 0.018901 
01:   0.019678 0.120877 0.335098 0.001952 0.000000 0.019238 
02:   0.019969 0.121012 0.336696 0.001941 0.000000 0.019211 
03:   0.019142 0.121080 0.306837 0.001987 0.000000 0.019071 
04:   0.019488 0.120879 0.307893 0.001990 0.000000 0.019184 
05:   0.019434 0.121023 0.338372 0.001961 0.000000 0.019202 
06:   0.019353 0.120604 0.308798 0.001946 0.000000 0.019807 
07:   0.019202 0.120903 0.339457 0.001972 0.000000 0.019407 
08:   0.017579 0.110256 0.295628 0.001937 0.000000 0.018555 
09:   0.017439 0.110125 0.268629 0.001961 0.000000 0.018752 
10:   0.017518 0.110251 0.295246 0.001950 0.000000 0.018681 
11:   0.017399 0.110270 0.294953 0.001973 0.000000 0.019008 
12:   0.017552 0.110357 0.296477 0.001960 0.000000 0.019429 
13:   0.017611 0.110179 0.294503 0.001939 0.000000 0.018804 
14:   0.017744 0.109889 0.294426 0.001963 0.000000 0.018473 
15:   0.018181 0.110143 0.293590 0.001958 0.000000 0.018536 
iteration  1
00:   0.076161 0.061237 0.091656 0.006043 0.000000 0.006889 
01:   0.075712 0.061359 0.091832 0.006065 0.000000 0.006913 
02:   0.076843 0.061348 0.092110 0.006063 0.000000 0.006886 
03:   0.073520 0.061356 0.083654 0.006071 0.000000 0.006875 
04:   0.074221 0.061266 0.083893 0.006069 0.000000 0.006868 
05:   0.073958 0.061379 0.092408 0.006073 0.000000 0.006933 
06:   0.074441 0.060908 0.083630 0.006097 0.000000 0.006970 
07:   0.071471 0.061370 0.092704 0.006072 0.000000 0.006922 
08:   0.070101 0.059006 0.079524 0.006046 0.000000 0.006638 
09:   0.070564 0.059000 0.072392 0.006048 0.000000 0.006645 
10:   0.070461 0.059006 0.079184 0.006057 0.000000 0.006738 
11:   0.070954 0.059061 0.079436 0.006078 0.000000 0.006744 
12:   0.071023 0.058973 0.079092 0.006033 0.000000 0.006751 
13:   0.074209 0.059025 0.079154 0.006062 0.000000 0.006666 
14:   0.071590 0.058547 0.079096 0.006051 0.000000 0.006656 
15:   0.067651 0.058972 0.078846 0.006063 0.000000 0.006672 
iteration  2
00:   0.091105 0.042102 0.022601 0.004966 0.000000 0.002572 
01:   0.089670 0.042095 0.022632 0.004985 0.000000 0.002613 
02:   0.089068 0.042117 0.022498 0.004967 0.000000 0.002592 
03:   0.087382 0.042097 0.020380 0.005021 0.000000 0.002560 
04:   0.088418 0.042081 0.020669 0.004992 0.000000 0.002619 
05:   0.089026 0.042096 0.022720 0.004952 0.000000 0.002649 
06:   0.088307 0.042008 0.020659 0.004957 0.000000 0.002626 
07:   0.088151 0.042080 0.022911 0.004949 0.000000 0.002627 
08:   0.091344 0.041703 0.018612 0.004952 0.000000 0.002437 
09:   0.090978 0.041697 0.017296 0.005006 0.000000 0.002345 
10:   0.092549 0.041705 0.018369 0.005015 0.000000 0.002405 
11:   0.092420 0.041720 0.018538 0.005011 0.000000 0.002452 
12:   0.091165 0.041702 0.018469 0.005011 0.000000 0.002452 
13:   0.092166 0.041716 0.018335 0.005017 0.000000 0.002435 
14:   0.091892 0.041573 0.018154 0.005020 0.000000 0.002411 
15:   0.090740 0.041703 0.018192 0.004965 0.000000 0.002408 
iteration  3
00:   0.081746 0.037962 0.012531 0.003955 0.000000 0.001124 
01:   0.081466 0.037965 0.012646 0.003951 0.000000 0.001157 
02:   0.080256 0.037962 0.012654 0.003966 0.000000 0.001187 
03:   0.079091 0.037957 0.011702 0.003966 0.000000 0.001147 
04:   0.080877 0.037960 0.011927 0.004002 0.000000 0.001178 
05:   0.082305 0.037956 0.012681 0.003974 0.000000 0.001165 
06:   0.081863 0.037950 0.011899 0.003960 0.000000 0.001173 
07:   0.081137 0.037961 0.012748 0.003963 0.000000 0.001182 
08:   0.085132 0.037898 0.008695 0.004023 0.000000 0.001053 
09:   0.081901 0.037895 0.008257 0.004003 0.000000 0.001028 
10:   0.084958 0.037902 0.008576 0.003995 0.000000 0.001061 
11:   0.085299 0.037900 0.008533 0.003959 0.000000 0.001043 
12:   0.086247 0.037897 0.008560 0.003959 0.000000 0.001074 
13:   0.085504 0.037903 0.008549 0.004008 0.000000 0.001065 
14:   0.084409 0.037894 0.008478 0.003955 0.000000 0.001068 
15:   0.083234 0.037896 0.008457 0.004010 0.000000 0.001042 
iteration  4
00:   0.008522 0.037241 0.010176 0.003111 0.000000 0.000592 
01:   0.009255 0.037239 0.010245 0.003126 0.000000 0.000607 
02:   0.009023 0.037241 0.010280 0.003141 0.000000 0.000627 
03:   0.008319 0.037238 0.009992 0.003138 0.000000 0.000609 
04:   0.008653 0.037242 0.010067 0.003094 0.000000 0.000615 
05:   0.008500 0.037240 0.010217 0.003170 0.000000 0.000601 
06:   0.009037 0.037238 0.010005 0.003133 0.000000 0.000597 
07:   0.009043 0.037240 0.010234 0.003136 0.000000 0.000601 
08:   0.008049 0.037234 0.005617 0.003097 0.000000 0.000505 
09:   0.008197 0.037234 0.005680 0.003098 0.000000 0.000504 
10:   0.008448 0.037235 0.005543 0.003082 0.000000 0.000494 
11:   0.008214 0.037233 0.005486 0.003111 0.000000 0.000493 
12:   0.008512 0.037234 0.005560 0.003086 0.000000 0.000512 
13:   0.008091 0.037234 0.005552 0.003165 0.000000 0.000511 
14:   0.008499 0.037234 0.005518 0.003120 0.000000 0.000509 
15:   0.008095 0.037232 0.005561 0.003164 0.000000 0.000497 
iteration  5
00:   0.002097 0.037239 0.009728 0.002245 0.000000 0.000484 
01:   0.002121 0.037238 0.009749 0.002266 0.000000 0.000476 
02:   0.002089 0.037238 0.009748 0.002324 0.000000 0.000496 
03:   0.001768 0.037238 0.009684 0.002268 0.000000 0.000488 
04:   0.001984 0.037238 0.009730 0.002297 0.000000 0.000491 
05:   0.002074 0.037237 0.009697 0.002292 0.000000 0.000488 
06:   0.002069 0.037238 0.009648 0.002265 0.000000 0.000480 
07:   0.002182 0.037232 0.009731 0.002237 0.000000 0.000485 
08:   0.001948 0.037238 0.005037 0.002235 0.000000 0.000394 
09:   0.001949 0.037238 0.005055 0.002282 0.000000 0.000380 
10:   0.001839 0.037237 0.005011 0.002237 0.000000 0.000385 
11:   0.001763 0.037237 0.005011 0.002273 0.000000 0.000378 
12:   0.001897 0.037237 0.004982 0.002280 0.000000 0.000375 
13:   0.001840 0.037237 0.005008 0.002285 0.000000 0.000379 
14:   0.001877 0.037237 0.004996 0.002232 0.000000 0.000394 
15:   0.001814 0.037238 0.004972 0.002259 0.000000 0.000384 
iteration  6
00:   0.001301 0.037300 0.009730 0.001732 0.000000 0.000462 
01:   0.001315 0.037300 0.009710 0.001731 0.000000 0.000467 
02:   0.001075 0.037301 0.009706 0.001749 0.000000 0.000474 
03:   0.000819 0.037300 0.009656 0.001729 0.000000 0.000473 
04:   0.001213 0.037301 0.009675 0.001772 0.000000 0.000476 
05:   0.001346 0.037301 0.009710 0.001734 0.000000 0.000471 
06:   0.001297 0.037301 0.009723 0.001724 0.000000 0.000469 
07:   0.001383 0.037301 0.009683 0.001787 0.000000 0.000467 
08:   0.001252 0.037304 0.005065 0.001746 0.000000 0.000373 
09:   0.001213 0.037303 0.005061 0.001737 0.000000 0.000370 
10:   0.001111 0.037304 0.005037 0.001721 0.000000 0.000372 
11:   0.001110 0.037304 0.005050 0.001809 0.000000 0.000367 
12:   0.001128 0.037301 0.005090 0.001811 0.000000 0.000365 
13:   0.001094 0.037301 0.005044 0.001725 0.000000 0.000374 
14:   0.001155 0.037301 0.004988 0.001794 0.000000 0.000371 
15:   0.001088 0.037301 0.004994 0.001744 0.000000 0.000372 
iteration  7
00:   0.001127 0.037316 0.009817 0.001106 0.000000 0.000468 
01:   0.001113 0.037316 0.009823 0.001110 0.000000 0.000472 
02:   0.000827 0.037316 0.009809 0.001105 0.000000 0.000473 
03:   0.000697 0.037316 0.009819 0.001141 0.000000 0.000489 
04:   0.001050 0.037316 0.009820 0.001140 0.000000 0.000482 
05:   0.001134 0.037316 0.009771 0.001136 0.000000 0.000487 
06:   0.001125 0.037316 0.009736 0.001140 0.000000 0.000474 
07:   0.001177 0.037316 0.009810 0.001121 0.000000 0.000470 
08:   0.001048 0.037316 0.005077 0.001104 0.000000 0.000379 
09:   0.001015 0.037316 0.005038 0.001125 0.000000 0.000376 
10:   0.000901 0.037316 0.004958 0.001109 0.000000 0.000374 
11:   0.000957 0.037316 0.005029 0.001107 0.000000 0.000373 
12:   0.000976 0.037316 0.005047 0.001106 0.000000 0.000372 
13:   0.000983 0.037316 0.005015 0.001112 0.000000 0.000382 
14:   0.000976 0.037316 0.005043 0.001113 0.000000 0.000376 
15:   0.000975 0.037316 0.004991 0.001117 0.000000 0.000380 
/nethome/kalgin/z/mst/run.xeon.sh: line 45: 188087 Killed                  ./turbobust_stub.out $i 16
/nethome/kalgin/z/mst/run.xeon.sh: line 45: 188105 Segmentation fault      (core dumped) ./turbobust_stub.out $i 16
/nethome/kalgin/z/mst/run.xeon.sh: line 60: kill: (188105) - No such process
