threadsCount = 16
loopsCount = 2164
7.578
3.796
threadsCount = 1
loopsCount = 2164
Done
iterationNumber = 0
iterationNumber = 1
iterationNumber = 2
iterationNumber = 3
iterationNumber = 4
iterationNumber = 5
iterationNumber = 6
6.136
6.175
iteration  0
00:   0.211936 0.000000 2.070961 0.015456 0.672882 
iteration  1
00:   0.255832 0.000000 0.373298 0.030670 0.141779 
iteration  2
00:   0.172585 0.000000 0.127246 0.021020 0.066131 
iteration  3
00:   0.142073 0.000000 0.103287 0.015947 0.060751 
iteration  4
00:   0.139629 0.000000 0.101518 0.015537 0.062128 
iteration  5
00:   0.168535 0.000000 0.101429 0.013563 0.053029 
iteration  6
00:   0.907726 0.000000 0.101450 0.005599 0.006504 
threadsCount = 2
loopsCount = 2164
Done
iterationNumber = 0
iterationNumber = 1
iterationNumber = 2
iterationNumber = 3
iterationNumber = 4
iterationNumber = 5
iterationNumber = 6
3.406
4.327
iteration  0
00:   0.116540 0.000000 1.380177 0.010792 0.428566 
01:   0.111275 0.000000 1.343228 0.008409 0.425025 
iteration  1
00:   0.136738 0.000000 0.235607 0.017738 0.094573 
01:   0.131171 0.000000 0.227925 0.016943 0.095218 
iteration  2
00:   0.094607 0.000000 0.074673 0.011431 0.038434 
01:   0.087853 0.000000 0.073651 0.011008 0.040581 
iteration  3
00:   0.076861 0.000000 0.061478 0.008504 0.038113 
01:   0.080674 0.000000 0.060028 0.009765 0.037834 
iteration  4
00:   0.078652 0.000000 0.058885 0.008117 0.056909 
01:   0.072981 0.000000 0.058330 0.009510 0.013476 
iteration  5
00:   0.148108 0.000000 0.059184 0.007169 0.051549 
01:   0.028783 0.000000 0.058484 0.006795 0.003573 
iteration  6
00:   0.940785 0.000000 0.059434 0.003075 0.003438 
01:   0.004638 0.000000 0.058868 0.002820 0.003376 
/nethome/kalgin/z/mst/run.xeon.sh: line 45: 58184 Killed                  ./turbobust_stub.out $i 16
threadsCount = 4
loopsCount = 2164
Done
iterationNumber = 0
iterationNumber = 1
iterationNumber = 2
iterationNumber = 3
iterationNumber = 4
iterationNumber = 5
iterationNumber = 6
2.176
3.094
iteration  0
00:   0.064613 0.000000 0.909051 0.004073 0.247170 
01:   0.060146 0.000000 0.894048 0.004070 0.247955 
02:   0.059818 0.000000 0.892966 0.004076 0.246148 
03:   0.060171 0.000000 0.887323 0.004067 0.244781 
iteration  1
00:   0.072995 0.000000 0.152154 0.008674 0.059478 
01:   0.071008 0.000000 0.152084 0.008727 0.064721 
02:   0.070364 0.000000 0.150091 0.008758 0.063421 
03:   0.069967 0.000000 0.150261 0.008732 0.064168 
iteration  2
00:   0.049229 0.000000 0.053610 0.005631 0.019022 
01:   0.049666 0.000000 0.054112 0.005657 0.024487 
02:   0.047321 0.000000 0.053566 0.005668 0.021873 
03:   0.047255 0.000000 0.053955 0.005652 0.025420 
iteration  3
00:   0.036500 0.000000 0.044768 0.004070 0.026420 
01:   0.043081 0.000000 0.044675 0.004080 0.019888 
02:   0.038242 0.000000 0.044631 0.004108 0.025513 
03:   0.042844 0.000000 0.044588 0.004101 0.019803 
iteration  4
00:   0.047227 0.000000 0.044158 0.003947 0.013641 
01:   0.033426 0.000000 0.044159 0.003918 0.045708 
02:   0.045411 0.000000 0.044136 0.003922 0.013385 
03:   0.030438 0.000000 0.043991 0.003939 0.001935 
iteration  5
00:   0.028728 0.000000 0.043667 0.003392 0.047594 
01:   0.116867 0.000000 0.043591 0.003444 0.001809 
02:   0.028009 0.000000 0.043620 0.003507 0.001839 
03:   0.002630 0.000000 0.043585 0.003467 0.001869 
iteration  6
00:   0.899948 0.000000 0.044654 0.001462 0.001757 
01:   0.002760 0.000000 0.044648 0.001459 0.001755 
02:   0.002761 0.000000 0.044574 0.001457 0.001773 
03:   0.002815 0.000000 0.044506 0.001444 0.001807 
/nethome/kalgin/z/mst/run.xeon.sh: line 45: 58203 Killed                  ./turbobust_stub.out $i 16
threadsCount = 8
loopsCount = 2164
Done
iterationNumber = 0
iterationNumber = 1
iterationNumber = 2
iterationNumber = 3
iterationNumber = 4
iterationNumber = 5
iterationNumber = 6
1.152
2.648
iteration  0
00:   0.036531 0.000000 0.653066 0.002128 0.156996 
01:   0.036647 0.000000 0.655322 0.002133 0.175848 
02:   0.036578 0.000000 0.656540 0.002134 0.175458 
03:   0.036420 0.000000 0.655955 0.002130 0.175103 
04:   0.036482 0.000000 0.655523 0.002132 0.173443 
05:   0.036383 0.000000 0.658216 0.002133 0.175909 
06:   0.036398 0.000000 0.655168 0.002134 0.174245 
07:   0.037253 0.000000 0.654483 0.002135 0.173741 
iteration  1
00:   0.043603 0.000000 0.121478 0.004500 0.104724 
01:   0.042964 0.000000 0.115970 0.004501 0.110362 
02:   0.042442 0.000000 0.116982 0.004502 0.116788 
03:   0.042070 0.000000 0.118080 0.004500 0.119759 
04:   0.041819 0.000000 0.116383 0.004509 0.119155 
05:   0.042235 0.000000 0.116979 0.004514 0.119512 
06:   0.041969 0.000000 0.116805 0.004483 0.119368 
07:   0.042237 0.000000 0.117079 0.004503 0.120425 
iteration  2
00:   0.030022 0.000000 0.047412 0.002890 0.012586 
01:   0.028028 0.000000 0.047378 0.002894 0.014541 
02:   0.028572 0.000000 0.047280 0.002889 0.016227 
03:   0.029912 0.000000 0.047771 0.002892 0.018703 
04:   0.028060 0.000000 0.047121 0.002885 0.014932 
05:   0.028461 0.000000 0.047423 0.002879 0.016799 
06:   0.028137 0.000000 0.047597 0.002900 0.018461 
07:   0.028201 0.000000 0.047405 0.002892 0.017053 
iteration  3
00:   0.020888 0.000000 0.042303 0.002131 0.019123 
01:   0.023223 0.000000 0.042195 0.002127 0.017947 
02:   0.023434 0.000000 0.042061 0.002129 0.017933 
03:   0.027642 0.000000 0.042020 0.002127 0.014130 
04:   0.022174 0.000000 0.041920 0.002115 0.016070 
05:   0.024391 0.000000 0.042222 0.002130 0.021473 
06:   0.027130 0.000000 0.042069 0.002128 0.016992 
07:   0.024144 0.000000 0.041874 0.002128 0.012780 
iteration  4
00:   0.030649 0.000000 0.042330 0.002036 0.013492 
01:   0.023999 0.000000 0.042286 0.002035 0.001142 
02:   0.023486 0.000000 0.042466 0.002029 0.046288 
03:   0.016234 0.000000 0.042342 0.002034 0.001335 
04:   0.020946 0.000000 0.042235 0.002038 0.004199 
05:   0.032087 0.000000 0.042506 0.002020 0.008941 
06:   0.023054 0.000000 0.042167 0.002028 0.001212 
07:   0.013300 0.000000 0.042138 0.002037 0.001227 
iteration  5
00:   0.028144 0.000000 0.041882 0.001816 0.046679 
01:   0.001930 0.000001 0.041812 0.001810 0.000967 
02:   0.115200 0.000000 0.041843 0.001812 0.000970 
03:   0.003714 0.000000 0.041814 0.001811 0.000980 
04:   0.010586 0.000000 0.041728 0.001811 0.000991 
05:   0.020013 0.000000 0.041793 0.001811 0.000966 
06:   0.002005 0.000000 0.041746 0.001798 0.001017 
07:   0.002002 0.000000 0.041808 0.001810 0.001038 
iteration  6
00:   0.900893 0.000000 0.041927 0.000730 0.000962 
01:   0.002380 0.000001 0.041868 0.000739 0.000945 
02:   0.002454 0.000000 0.041933 0.000739 0.000956 
03:   0.002436 0.000000 0.041923 0.000732 0.000950 
04:   0.002443 0.000000 0.041858 0.000736 0.000978 
05:   0.002435 0.000000 0.041791 0.000738 0.000969 
06:   0.002474 0.000000 0.041840 0.000732 0.000987 
07:   0.002497 0.000000 0.041907 0.000733 0.000998 
/nethome/kalgin/z/mst/run.xeon.sh: line 45: 58221 Killed                  ./turbobust_stub.out $i 16
threadsCount = 16
loopsCount = 2164
Done
iterationNumber = 0
iterationNumber = 1
iterationNumber = 2
iterationNumber = 3
iterationNumber = 4
iterationNumber = 5
iterationNumber = 6
0.962
3.555
iteration  0
00:   0.020809 0.000000 0.598132 0.001749 0.369684 
01:   0.020650 0.000000 0.557911 0.001749 0.519652 
02:   0.020776 0.000000 0.604334 0.001753 0.512164 
03:   0.020806 0.000000 0.607796 0.001751 0.519466 
04:   0.020985 0.000000 0.608485 0.001749 0.517337 
05:   0.020423 0.000000 0.560315 0.001749 0.522246 
06:   0.020490 0.000000 0.556550 0.001751 0.520183 
07:   0.020846 0.000000 0.608725 0.001753 0.523345 
08:   0.019124 0.000000 0.524572 0.001730 0.535703 
09:   0.018754 0.000000 0.520918 0.001732 0.532465 
10:   0.018759 0.000000 0.526889 0.001733 0.538336 
11:   0.018866 0.000000 0.524511 0.001736 0.536231 
12:   0.018688 0.000000 0.525565 0.001732 0.538276 
13:   0.018588 0.000000 0.522280 0.001729 0.532334 
14:   0.018862 0.000000 0.523357 0.001730 0.534228 
15:   0.019524 0.000000 0.522025 0.001733 0.536547 
iteration  1
00:   0.028487 0.000000 0.127359 0.005028 0.173866 
01:   0.028152 0.000000 0.108388 0.005037 0.191823 
02:   0.028001 0.000000 0.113606 0.004988 0.186598 
03:   0.028234 0.000000 0.114749 0.005001 0.191838 
04:   0.027809 0.000000 0.114601 0.004994 0.191905 
05:   0.027645 0.000000 0.108411 0.005022 0.205391 
06:   0.027426 0.000000 0.108067 0.004998 0.207296 
07:   0.027648 0.000000 0.116063 0.005069 0.210891 
08:   0.024532 0.000000 0.103351 0.004980 0.204749 
09:   0.024029 0.000000 0.103826 0.004977 0.209357 
10:   0.024579 0.000000 0.104067 0.005027 0.206797 
11:   0.024217 0.000000 0.103345 0.004997 0.210850 
12:   0.024581 0.000000 0.104282 0.004981 0.211702 
13:   0.023790 0.000000 0.103174 0.004978 0.206791 
14:   0.024022 0.000000 0.103474 0.004996 0.211334 
15:   0.024253 0.000000 0.103801 0.004985 0.210877 
iteration  2
00:   0.019671 0.000000 0.051335 0.002356 0.047319 
01:   0.018862 0.000000 0.050277 0.002322 0.045764 
02:   0.017083 0.000001 0.051174 0.002311 0.050101 
03:   0.018469 0.000000 0.051231 0.002310 0.053055 
04:   0.017864 0.000000 0.051008 0.002326 0.047684 
05:   0.018537 0.000000 0.050564 0.002370 0.057172 
06:   0.018665 0.000000 0.050830 0.002323 0.059208 
07:   0.019739 0.000000 0.051370 0.002296 0.055301 
08:   0.015387 0.000000 0.046857 0.002298 0.052920 
09:   0.015908 0.000000 0.046765 0.002296 0.048683 
10:   0.015900 0.000000 0.047039 0.002343 0.057880 
11:   0.015440 0.000000 0.046862 0.002334 0.053975 
12:   0.015968 0.000000 0.047231 0.002284 0.059950 
13:   0.015217 0.000001 0.047052 0.002298 0.058818 
14:   0.015681 0.000000 0.046837 0.002300 0.055375 
15:   0.015533 0.000000 0.046885 0.002294 0.058235 
iteration  3
00:   0.013701 0.000000 0.047715 0.001326 0.032445 
01:   0.013430 0.000000 0.047618 0.001354 0.031061 
02:   0.014195 0.000000 0.047603 0.001359 0.029041 
03:   0.015596 0.000000 0.047655 0.001314 0.031462 
04:   0.012447 0.000000 0.047609 0.001342 0.030026 
05:   0.017528 0.000000 0.047531 0.001363 0.031061 
06:   0.020364 0.000000 0.047456 0.001342 0.008537 
07:   0.015814 0.000000 0.047654 0.001304 0.031200 
08:   0.013292 0.000000 0.042992 0.001334 0.020496 
09:   0.012092 0.000000 0.042957 0.001318 0.028404 
10:   0.014804 0.000000 0.043048 0.001295 0.030985 
11:   0.012769 0.000000 0.043019 0.001333 0.031263 
12:   0.016480 0.000000 0.042976 0.001309 0.028190 
13:   0.014886 0.000000 0.042999 0.001305 0.025274 
14:   0.012983 0.000000 0.042901 0.001305 0.025381 
15:   0.014454 0.000000 0.042884 0.001300 0.009757 
iteration  4
00:   0.020976 0.000000 0.047566 0.001223 0.012429 
01:   0.019438 0.000000 0.047561 0.001222 0.008950 
02:   0.014918 0.000000 0.047515 0.001226 0.000634 
03:   0.015725 0.000000 0.047547 0.001232 0.000633 
04:   0.014077 0.000000 0.047548 0.001216 0.042849 
05:   0.015984 0.000000 0.047541 0.001225 0.019717 
06:   0.004953 0.000000 0.047469 0.001223 0.001438 
07:   0.015541 0.000000 0.047536 0.001231 0.000638 
08:   0.011631 0.000000 0.042720 0.001212 0.000516 
09:   0.011756 0.000000 0.042750 0.001217 0.005431 
10:   0.018253 0.000000 0.042762 0.001230 0.010298 
11:   0.018554 0.000000 0.042743 0.001205 0.005053 
12:   0.013754 0.000000 0.042687 0.001201 0.000518 
13:   0.011945 0.000000 0.042716 0.001203 0.000518 
14:   0.009396 0.000000 0.042682 0.001197 0.000518 
15:   0.005133 0.000000 0.042730 0.001244 0.000534 
iteration  5
00:   0.021537 0.000000 0.047773 0.001114 0.000599 
01:   0.017641 0.000000 0.047763 0.001111 0.046285 
02:   0.001407 0.000000 0.047734 0.001111 0.000577 
03:   0.001382 0.000000 0.047733 0.001112 0.000577 
04:   0.122426 0.000000 0.047767 0.001114 0.000600 
05:   0.054143 0.000000 0.047690 0.001114 0.000580 
06:   0.003558 0.000000 0.047677 0.001089 0.000587 
07:   0.001495 0.000000 0.047761 0.001113 0.000578 
08:   0.001318 0.000000 0.043001 0.001012 0.000498 
09:   0.011397 0.000000 0.042990 0.001014 0.000477 
10:   0.015703 0.000000 0.042984 0.001017 0.000480 
11:   0.008620 0.000000 0.042976 0.001019 0.000475 
12:   0.001361 0.000000 0.042933 0.001020 0.000487 
13:   0.001352 0.000000 0.042926 0.001020 0.000486 
14:   0.001350 0.000000 0.042909 0.001013 0.000490 
15:   0.001383 0.000000 0.042885 0.001016 0.000496 
iteration  6
00:   0.001399 0.000000 0.047502 0.000490 0.000592 
01:   1.379426 0.000000 0.047504 0.000487 0.000580 
02:   0.001379 0.000000 0.047468 0.000489 0.000579 
03:   0.001358 0.000001 0.047504 0.000490 0.000573 
04:   0.001388 0.000000 0.047491 0.000490 0.000597 
05:   0.001355 0.000001 0.047503 0.000477 0.000579 
06:   0.001372 0.000000 0.047502 0.000475 0.000589 
07:   0.001444 0.000000 0.047518 0.000488 0.000580 
08:   0.001241 0.000000 0.042676 0.000419 0.000472 
09:   0.001209 0.000000 0.042651 0.000467 0.000456 
10:   0.001199 0.000001 0.042660 0.000468 0.000457 
11:   0.001181 0.000001 0.042647 0.000469 0.000457 
12:   0.001205 0.000000 0.042614 0.000467 0.000468 
13:   0.001218 0.000000 0.042566 0.000450 0.000463 
14:   0.001244 0.000000 0.042576 0.000467 0.000461 
15:   0.001244 0.000001 0.042618 0.000469 0.000476 
/nethome/kalgin/z/mst/run.xeon.sh: line 45: 58240 Killed                  ./turbobust_stub.out $i 16
/nethome/kalgin/z/mst/run.xeon.sh: line 45: 58258 Segmentation fault      (core dumped) ./turbobust_stub.out $i 16
/nethome/kalgin/z/mst/run.xeon.sh: line 60: kill: (58258) - No such process
