threadsCount = 16
loopsCount = 2164
7.570
3.773
threadsCount = 1
loopsCount = 2164
Done
iterationNumber = 0
iterationNumber = 1
iterationNumber = 2
iterationNumber = 3
iterationNumber = 4
iterationNumber = 5
iterationNumber = 6
1.793
22.068
iteration  0
00:   1.425287 0.660151 1.480669 0.016231 0.226720 2.491462 
iteration  1
00:   1.282835 0.168665 0.214356 0.032987 0.032900 1.883199 
iteration  2
00:   1.254923 0.079280 0.049630 0.023707 0.010054 1.881785 
iteration  3
00:   1.313902 0.074188 0.035803 0.019813 0.007904 1.861766 
iteration  4
00:   1.315580 0.075760 0.036982 0.019337 0.007733 1.878368 
iteration  5
00:   1.083885 0.074437 0.035084 0.018803 0.008063 0.779426 
iteration  6
00:   0.007375 0.074098 0.035453 0.006856 0.007987 0.019912 
threadsCount = 2
loopsCount = 2164
Done
iterationNumber = 0
iterationNumber = 1
iterationNumber = 2
iterationNumber = 3
iterationNumber = 4
iterationNumber = 5
iterationNumber = 6
1.186
13.317
iteration  0
00:   0.767243 0.353126 1.018759 0.026919 0.637108 1.322557 
01:   0.721508 0.342299 1.041086 0.026931 0.637073 1.322826 
iteration  1
00:   0.673316 0.090527 0.139891 0.028662 0.062981 1.012458 
01:   0.670433 0.090553 0.141346 0.028725 0.062977 1.011045 
iteration  2
00:   0.659095 0.044981 0.028745 0.021707 0.006667 0.958944 
01:   0.656377 0.044979 0.028332 0.021756 0.006665 0.964362 
iteration  3
00:   0.654135 0.040693 0.018967 0.018733 0.004326 0.936448 
01:   0.654926 0.040695 0.018714 0.018799 0.004323 0.889634 
iteration  4
00:   0.636089 0.040298 0.017533 0.018905 0.004106 0.405398 
01:   0.650878 0.040298 0.017584 0.019003 0.004103 0.719185 
iteration  5
00:   0.751166 0.040217 0.017716 0.014345 0.004019 0.654906 
01:   0.394685 0.040209 0.017703 0.014430 0.004022 0.205497 
iteration  6
00:   0.003479 0.040311 0.017954 0.003305 0.004134 0.013699 
01:   0.619642 0.040311 0.017955 0.003333 0.004132 0.013433 
/nethome/kalgin/z/mst/run.xeon.sh: line 45: 87405 Killed                  ./turbobust_stub.out $i 16
threadsCount = 4
loopsCount = 2164
Done
iterationNumber = 0
iterationNumber = 1
iterationNumber = 2
iterationNumber = 3
iterationNumber = 4
iterationNumber = 5
iterationNumber = 6
0.783
9.355
iteration  0
00:   0.418438 0.202125 0.722945 0.012775 0.934211 0.776975 
01:   0.412407 0.200788 0.730255 0.012788 0.934224 0.776825 
02:   0.404843 0.198571 0.732665 0.012787 0.934205 0.774414 
03:   0.379948 0.193879 0.731174 0.012810 0.934231 0.772609 
iteration  1
00:   0.368136 0.060291 0.095089 0.015598 0.104593 0.608360 
01:   0.366950 0.060252 0.095914 0.015615 0.104597 0.607981 
02:   0.365737 0.060246 0.095622 0.015651 0.104584 0.606753 
03:   0.364794 0.060256 0.095621 0.015665 0.104592 0.603652 
iteration  2
00:   0.360660 0.037293 0.016998 0.011813 0.007324 0.579030 
01:   0.359442 0.037282 0.017376 0.011796 0.007326 0.576390 
02:   0.358131 0.037287 0.017630 0.011827 0.007324 0.573614 
03:   0.356969 0.037293 0.017337 0.011811 0.007330 0.579783 
iteration  3
00:   0.359662 0.035271 0.010305 0.010089 0.002741 0.561903 
01:   0.357487 0.035270 0.010618 0.010104 0.002738 0.593899 
02:   0.355152 0.035271 0.010454 0.010117 0.002741 0.557354 
03:   0.358755 0.035269 0.010566 0.010165 0.002741 0.454730 
iteration  4
00:   0.353061 0.034978 0.009984 0.009451 0.002627 0.219546 
01:   0.373730 0.034978 0.009980 0.009548 0.002627 0.541672 
02:   0.345781 0.034976 0.009904 0.009548 0.002624 0.261477 
03:   0.333639 0.034977 0.009938 0.009542 0.002628 0.271780 
iteration  5
00:   0.202322 0.035415 0.010098 0.013003 0.002587 0.513087 
01:   0.311786 0.035408 0.010100 0.013019 0.002585 0.109145 
02:   0.592060 0.035417 0.010024 0.013030 0.002587 0.193788 
03:   0.036311 0.035385 0.009957 0.013075 0.002586 0.080378 
iteration  6
00:   0.002820 0.035260 0.009712 0.001650 0.002649 0.011684 
01:   0.002831 0.035228 0.009684 0.001687 0.002649 0.011660 
02:   0.602763 0.035262 0.009726 0.001686 0.002649 0.011693 
03:   0.002789 0.035227 0.009670 0.001694 0.002641 0.011380 
/nethome/kalgin/z/mst/run.xeon.sh: line 45: 87423 Killed                  ./turbobust_stub.out $i 16
threadsCount = 8
loopsCount = 2164
Done
iterationNumber = 0
iterationNumber = 1
iterationNumber = 2
iterationNumber = 3
iterationNumber = 4
iterationNumber = 5
iterationNumber = 6
0.657
7.139
iteration  0
00:   0.234821 0.133835 0.548362 0.006016 0.884502 0.582329 
01:   0.236696 0.133733 0.544963 0.006014 0.884498 0.582268 
02:   0.236996 0.133751 0.547272 0.006014 0.884516 0.582011 
03:   0.229888 0.132644 0.547001 0.006015 0.884458 0.581576 
04:   0.228855 0.132336 0.547185 0.006022 0.884477 0.581800 
05:   0.225079 0.131652 0.550992 0.006020 0.884472 0.581731 
06:   0.219970 0.130497 0.550364 0.006015 0.884408 0.581515 
07:   0.214912 0.128808 0.549982 0.006016 0.884432 0.580883 
iteration  1
00:   0.212838 0.049740 0.070489 0.008018 0.103469 0.495645 
01:   0.212132 0.049747 0.070842 0.008026 0.103482 0.494675 
02:   0.211201 0.049692 0.069351 0.008028 0.103461 0.494609 
03:   0.210861 0.049712 0.070308 0.008033 0.103461 0.493621 
04:   0.210570 0.049719 0.070557 0.008030 0.103469 0.492707 
05:   0.210648 0.049751 0.070220 0.008033 0.103474 0.492707 
06:   0.211475 0.049676 0.070341 0.008026 0.103463 0.493284 
07:   0.211831 0.049668 0.071129 0.008034 0.103467 0.491020 
iteration  2
00:   0.207441 0.037222 0.012323 0.006031 0.009293 0.479100 
01:   0.207266 0.037220 0.012314 0.006035 0.009291 0.483049 
02:   0.206578 0.037208 0.012280 0.006039 0.009293 0.481833 
03:   0.206134 0.037214 0.011921 0.006035 0.009295 0.478374 
04:   0.205628 0.037210 0.011950 0.006042 0.009293 0.473876 
05:   0.205977 0.037212 0.011688 0.006034 0.009294 0.469311 
06:   0.207068 0.037218 0.012042 0.006035 0.009291 0.479959 
07:   0.207410 0.037215 0.011537 0.006039 0.009272 0.474338 
iteration  3
00:   0.208915 0.036399 0.007588 0.005049 0.002605 0.463360 
01:   0.211110 0.036400 0.007651 0.005066 0.002608 0.424697 
02:   0.209815 0.036399 0.007687 0.005067 0.002604 0.474422 
03:   0.205808 0.036398 0.007579 0.005068 0.002605 0.459372 
04:   0.204589 0.036399 0.007601 0.005071 0.002606 0.348136 
05:   0.202843 0.036398 0.007433 0.005071 0.002610 0.443226 
06:   0.208746 0.036400 0.007528 0.005067 0.002604 0.487364 
07:   0.206187 0.036399 0.007548 0.005055 0.002605 0.310500 
iteration  4
00:   0.206869 0.036716 0.007445 0.004702 0.002623 0.150728 
01:   0.240623 0.036716 0.007339 0.004695 0.002617 0.163461 
02:   0.216599 0.036715 0.007364 0.004695 0.002613 0.271141 
03:   0.204698 0.036716 0.007367 0.004711 0.002624 0.170041 
04:   0.143792 0.036715 0.007357 0.004699 0.002625 0.238614 
05:   0.196128 0.036715 0.007264 0.004704 0.002620 0.314261 
06:   0.228378 0.036716 0.007234 0.004698 0.002625 0.219532 
07:   0.127650 0.036715 0.007348 0.004697 0.002623 0.321477 
iteration  5
00:   0.191917 0.036402 0.007264 0.006731 0.002698 0.489311 
01:   0.088057 0.036402 0.007306 0.006727 0.002701 0.147215 
02:   0.004916 0.036387 0.007306 0.006736 0.002703 0.106989 
03:   0.001946 0.036383 0.007270 0.006736 0.002707 0.139224 
04:   0.147911 0.036414 0.007249 0.006726 0.002705 0.017040 
05:   0.170806 0.036413 0.007296 0.006735 0.002705 0.108094 
06:   0.407180 0.036414 0.007222 0.006732 0.002703 0.200205 
07:   0.050419 0.036413 0.007225 0.006738 0.002703 0.077606 
iteration  6
00:   0.003542 0.036525 0.007776 0.000872 0.002693 0.009842 
01:   0.003520 0.036492 0.007775 0.000872 0.002691 0.010729 
02:   0.003533 0.036491 0.007692 0.000869 0.002691 0.010717 
03:   0.003542 0.036489 0.007586 0.000871 0.002692 0.010713 
04:   0.003494 0.036528 0.007655 0.000873 0.002690 0.010726 
05:   0.003504 0.036489 0.007495 0.000873 0.002691 0.010741 
06:   0.563565 0.036530 0.007489 0.000873 0.002697 0.010743 
07:   0.003484 0.036488 0.007569 0.000875 0.002697 0.010210 
/nethome/kalgin/z/mst/run.xeon.sh: line 45: 87441 Killed                  ./turbobust_stub.out $i 16
threadsCount = 16
loopsCount = 2164
Done
iterationNumber = 0
iterationNumber = 1
iterationNumber = 2
iterationNumber = 3
iterationNumber = 4
iterationNumber = 5
iterationNumber = 6
0.575
6.374
iteration  0
00:   0.164004 0.112069 0.529288 0.005753 1.057912 0.367020 
01:   0.146429 0.112348 0.470847 0.005795 1.057842 0.364252 
02:   0.145886 0.112504 0.464951 0.005760 1.057890 0.364246 
03:   0.164153 0.112322 0.532536 0.005767 1.057814 0.366612 
04:   0.144603 0.112571 0.471465 0.005753 1.057883 0.363521 
05:   0.143625 0.112497 0.472402 0.005778 1.057856 0.363994 
06:   0.140089 0.111732 0.471687 0.005767 1.057799 0.363296 
07:   0.140093 0.111383 0.474278 0.005745 1.057899 0.363385 
08:   0.120435 0.103363 0.427450 0.005736 1.056286 0.330036 
09:   0.118026 0.102963 0.425801 0.005739 1.056337 0.329922 
10:   0.117968 0.103193 0.430209 0.005740 1.056260 0.329825 
11:   0.115661 0.102922 0.426729 0.005765 1.056295 0.329860 
12:   0.115130 0.102696 0.430986 0.005763 1.056329 0.329786 
13:   0.113247 0.102448 0.426156 0.005751 1.056339 0.329720 
14:   0.110904 0.101903 0.429510 0.005750 1.056349 0.329072 
15:   0.111486 0.101446 0.428495 0.005750 1.056350 0.326727 
iteration  1
00:   0.123982 0.048446 0.069857 0.007692 0.111702 0.286909 
01:   0.123589 0.048473 0.061206 0.007714 0.111679 0.289024 
02:   0.123831 0.048452 0.060399 0.007699 0.111712 0.288139 
03:   0.124179 0.048464 0.069405 0.007731 0.111673 0.289534 
04:   0.123418 0.048422 0.060897 0.007736 0.111684 0.290622 
05:   0.123195 0.048443 0.061173 0.007697 0.111670 0.290043 
06:   0.122460 0.048447 0.060872 0.007693 0.111685 0.287884 
07:   0.122705 0.048437 0.061159 0.007680 0.111695 0.288489 
08:   0.107771 0.047936 0.055024 0.007721 0.111602 0.271271 
09:   0.107610 0.047951 0.055896 0.007757 0.111605 0.271096 
10:   0.106738 0.047955 0.055360 0.007723 0.111602 0.275365 
11:   0.106781 0.047972 0.055139 0.007766 0.111591 0.270892 
12:   0.107516 0.047960 0.056028 0.007690 0.111633 0.271813 
13:   0.107568 0.047959 0.055215 0.007685 0.111603 0.271107 
14:   0.107633 0.047797 0.055269 0.007726 0.111611 0.271581 
15:   0.107275 0.047945 0.054964 0.007720 0.111607 0.269349 
iteration  2
00:   0.120450 0.040386 0.012515 0.003894 0.009547 0.268249 
01:   0.120806 0.040380 0.011583 0.003865 0.009512 0.289923 
02:   0.120373 0.040383 0.011450 0.003853 0.009559 0.300193 
03:   0.120789 0.040382 0.012636 0.003881 0.009543 0.264393 
04:   0.121817 0.040383 0.011361 0.003862 0.009515 0.274164 
05:   0.121428 0.040382 0.011787 0.003883 0.009522 0.262248 
06:   0.119627 0.040385 0.011289 0.003842 0.009513 0.294889 
07:   0.119856 0.040377 0.011970 0.003850 0.009543 0.276083 
08:   0.106317 0.040365 0.008776 0.003847 0.009505 0.254796 
09:   0.105857 0.040365 0.008336 0.003836 0.009509 0.252839 
10:   0.108209 0.040369 0.008649 0.003842 0.009514 0.253227 
11:   0.105412 0.040367 0.008471 0.003825 0.009505 0.255233 
12:   0.105317 0.040366 0.008300 0.003815 0.009539 0.246648 
13:   0.105360 0.040366 0.008279 0.003841 0.009507 0.252090 
14:   0.105645 0.040367 0.008442 0.003854 0.009506 0.249701 
15:   0.105369 0.040370 0.008155 0.003872 0.009507 0.257865 
iteration  3
00:   0.116899 0.040133 0.009624 0.002718 0.003023 0.204708 
01:   0.132045 0.040132 0.009520 0.002746 0.003025 0.288491 
02:   0.139452 0.040133 0.009547 0.002690 0.003006 0.233996 
03:   0.114492 0.040132 0.009683 0.002675 0.002980 0.277598 
04:   0.121768 0.040132 0.009587 0.002700 0.002991 0.133739 
05:   0.113236 0.040132 0.009513 0.002696 0.003025 0.248962 
06:   0.135932 0.040132 0.009579 0.002673 0.003005 0.086575 
07:   0.121852 0.040131 0.009635 0.002740 0.003001 0.233575 
08:   0.101668 0.040132 0.005001 0.002674 0.002976 0.252519 
09:   0.101390 0.040132 0.004967 0.002670 0.002986 0.206917 
10:   0.100944 0.040132 0.004954 0.002711 0.002973 0.193439 
11:   0.101638 0.040132 0.005045 0.002675 0.003004 0.231673 
12:   0.097479 0.040132 0.005041 0.002713 0.002971 0.242129 
13:   0.100995 0.040131 0.004981 0.002779 0.003004 0.238794 
14:   0.098551 0.040131 0.004985 0.002763 0.003034 0.207509 
15:   0.104615 0.040132 0.004858 0.002743 0.002996 0.353742 
iteration  4
00:   0.090249 0.039872 0.009444 0.002404 0.003021 0.083380 
01:   0.142114 0.039872 0.009446 0.002407 0.003002 0.072915 
02:   0.105008 0.039871 0.009373 0.002441 0.003005 0.066573 
03:   0.133196 0.039872 0.009441 0.002394 0.003008 0.045934 
04:   0.055233 0.039872 0.009417 0.002420 0.003003 0.067459 
05:   0.113563 0.039872 0.009347 0.002384 0.003005 0.070650 
06:   0.032957 0.039871 0.009426 0.002385 0.003009 0.111130 
07:   0.102980 0.039872 0.009426 0.002409 0.003021 0.076702 
08:   0.114020 0.039871 0.004874 0.002438 0.002993 0.442363 
09:   0.088398 0.039871 0.004846 0.002435 0.003010 0.193880 
10:   0.079264 0.039871 0.004816 0.002400 0.003009 0.229151 
11:   0.101004 0.039871 0.004837 0.002427 0.003026 0.169805 
12:   0.108086 0.039871 0.004787 0.002446 0.003026 0.089000 
13:   0.103912 0.039871 0.004771 0.002458 0.003027 0.095572 
14:   0.135393 0.039871 0.004783 0.002422 0.003027 0.141304 
15:   0.180435 0.039872 0.004838 0.002421 0.003026 0.129620 
iteration  5
00:   0.081142 0.039742 0.009525 0.002090 0.003041 0.024318 
01:   0.001390 0.039667 0.009513 0.002075 0.003041 0.050699 
02:   0.001371 0.039665 0.009519 0.002133 0.003048 0.435959 
03:   0.001378 0.039665 0.009514 0.002084 0.003041 0.037587 
04:   0.001367 0.039659 0.009441 0.002057 0.003053 0.107406 
05:   0.001362 0.039603 0.009478 0.002072 0.003040 0.025094 
06:   0.171282 0.039602 0.009509 0.002069 0.003035 0.076408 
07:   0.001306 0.039601 0.009485 0.002084 0.003041 0.078801 
08:   0.221605 0.039726 0.004845 0.002100 0.003051 0.079030 
09:   0.073651 0.039664 0.004825 0.002120 0.003071 0.052954 
10:   0.056811 0.039667 0.004853 0.002070 0.003025 0.023535 
11:   0.043955 0.039666 0.004851 0.002085 0.003066 0.155990 
12:   0.001226 0.039777 0.004788 0.002073 0.003044 0.030651 
13:   0.001247 0.039734 0.004740 0.002073 0.003036 0.027374 
14:   0.446349 0.039779 0.004802 0.002113 0.002992 0.060314 
15:   0.073625 0.039735 0.004815 0.002141 0.003047 0.048485 
iteration  6
00:   0.001329 0.040518 0.009508 0.000508 0.003043 0.011341 
01:   0.001340 0.040436 0.009513 0.000501 0.003077 0.011943 
02:   0.001328 0.040435 0.009494 0.000510 0.003028 0.012166 
03:   0.001322 0.040434 0.009493 0.000509 0.003030 0.011928 
04:   0.001315 0.040428 0.009505 0.000510 0.003031 0.011947 
05:   0.001325 0.040373 0.009465 0.000510 0.003045 0.011928 
06:   0.001310 0.040371 0.009437 0.000497 0.003031 0.011824 
07:   0.001214 0.040371 0.009479 0.000498 0.003055 0.011762 
08:   0.001551 0.040542 0.004804 0.000481 0.003041 0.011960 
09:   0.611077 0.040542 0.004810 0.000500 0.003084 0.011495 
10:   0.001543 0.040510 0.004796 0.000487 0.003045 0.011943 
11:   0.001522 0.040511 0.004803 0.000483 0.003044 0.010762 
12:   0.001537 0.040495 0.004773 0.000499 0.003031 0.011540 
13:   0.001503 0.040425 0.004795 0.000493 0.003036 0.011961 
14:   0.001498 0.040434 0.004770 0.000491 0.003075 0.011558 
15:   0.001546 0.040432 0.004785 0.000499 0.003075 0.010964 
/nethome/kalgin/z/mst/run.xeon.sh: line 45: 87460 Killed                  ./turbobust_stub.out $i 16
/nethome/kalgin/z/mst/run.xeon.sh: line 45: 87478 Segmentation fault      (core dumped) ./turbobust_stub.out $i 16
/nethome/kalgin/z/mst/run.xeon.sh: line 60: kill: (87478) - No such process
