threadsCount = 16
loopsCount = 0
7.683
1.507
threadsCount = 1
loopsCount = 0
Done
iterationNumber = 0
iterationNumber = 1
iterationNumber = 2
iterationNumber = 3
iterationNumber = 4
iterationNumber = 5
iterationNumber = 6
iterationNumber = 7
4.824
7.323
iteration  0
00:   0.223950 0.663968 1.350165 0.017571 0.000000 0.227682 
iteration  1
00:   0.856980 0.299564 0.431028 0.042153 0.000000 0.075801 
iteration  2
00:   1.035860 0.126378 0.136655 0.040166 0.000000 0.029007 
iteration  3
00:   0.884273 0.085340 0.065538 0.040502 0.000000 0.013067 
iteration  4
00:   0.088169 0.071976 0.041384 0.037181 0.000000 0.007163 
iteration  5
00:   0.017654 0.068189 0.034946 0.024770 0.000000 0.005630 
iteration  6
00:   0.009821 0.067852 0.033814 0.019581 0.000000 0.005353 
iteration  7
00:   0.008537 0.067710 0.033740 0.010599 0.000000 0.005390 
threadsCount = 2
loopsCount = 0
Done
iterationNumber = 0
iterationNumber = 1
iterationNumber = 2
iterationNumber = 3
iterationNumber = 4
iterationNumber = 5
iterationNumber = 6
iterationNumber = 7
2.808
4.431
iteration  0
00:   0.120836 0.361509 1.054883 0.009920 0.000000 0.121395 
01:   0.114314 0.356445 1.037090 0.009004 0.000000 0.113427 
iteration  1
00:   0.457996 0.165686 0.317414 0.025545 0.000000 0.042028 
01:   0.438144 0.164576 0.305260 0.023166 0.000000 0.039909 
iteration  2
00:   0.557169 0.069655 0.091983 0.022394 0.000000 0.016030 
01:   0.526447 0.069540 0.089985 0.021463 0.000000 0.015040 
iteration  3
00:   0.480213 0.050316 0.041246 0.021928 0.000000 0.007248 
01:   0.454779 0.050085 0.039485 0.020899 0.000000 0.006772 
iteration  4
00:   0.048835 0.043208 0.024152 0.019895 0.000000 0.003958 
01:   0.044991 0.043216 0.022996 0.018914 0.000000 0.003683 
iteration  5
00:   0.009848 0.039993 0.019367 0.013214 0.000000 0.002961 
01:   0.009195 0.039993 0.018720 0.012735 0.000000 0.002950 
iteration  6
00:   0.005534 0.040242 0.018831 0.010711 0.000000 0.002741 
01:   0.005179 0.040243 0.017985 0.010044 0.000000 0.002728 
iteration  7
00:   0.004723 0.041150 0.018600 0.005834 0.000000 0.002772 
01:   0.004522 0.041150 0.017901 0.005557 0.000000 0.002764 
/nethome/kalgin/z/mst/run.xeon.sh: line 45: 63815 Killed                  ./turbobust_stub.out $i 16
threadsCount = 4
loopsCount = 0
Done
iterationNumber = 0
iterationNumber = 1
iterationNumber = 2
iterationNumber = 3
iterationNumber = 4
iterationNumber = 5
iterationNumber = 6
iterationNumber = 7
1.835
2.588
iteration  0
00:   0.063333 0.206486 0.675683 0.004586 0.000000 0.058072 
01:   0.060521 0.203546 0.695428 0.004582 0.000000 0.059230 
02:   0.060341 0.203554 0.698809 0.004584 0.000000 0.059142 
03:   0.062440 0.203503 0.698160 0.004585 0.000000 0.058823 
iteration  1
00:   0.229047 0.095460 0.195207 0.011881 0.000000 0.021439 
01:   0.229621 0.095487 0.198156 0.011888 0.000000 0.021561 
02:   0.233014 0.095470 0.199760 0.011917 0.000000 0.021768 
03:   0.234356 0.095471 0.198761 0.011897 0.000000 0.021396 
iteration  2
00:   0.277136 0.048711 0.051255 0.010986 0.000000 0.007850 
01:   0.274449 0.048657 0.053424 0.011030 0.000000 0.008086 
02:   0.275409 0.048709 0.053792 0.011025 0.000000 0.008060 
03:   0.272685 0.048673 0.053400 0.011009 0.000000 0.008006 
iteration  3
00:   0.248020 0.038416 0.023070 0.010651 0.000000 0.003568 
01:   0.250458 0.038426 0.023487 0.010700 0.000000 0.003644 
02:   0.246479 0.038412 0.023363 0.010687 0.000000 0.003607 
03:   0.247392 0.038433 0.023387 0.010712 0.000000 0.003621 
iteration  4
00:   0.025018 0.034923 0.013404 0.009606 0.000000 0.001914 
01:   0.024882 0.034921 0.013301 0.009636 0.000000 0.001906 
02:   0.024053 0.034919 0.013437 0.009664 0.000000 0.001899 
03:   0.024009 0.034915 0.013422 0.009694 0.000000 0.001922 
iteration  5
00:   0.005314 0.033996 0.010676 0.006465 0.000000 0.001486 
01:   0.005163 0.033994 0.010679 0.006511 0.000000 0.001482 
02:   0.005145 0.033996 0.010578 0.006511 0.000000 0.001485 
03:   0.005185 0.033996 0.010580 0.006491 0.000000 0.001486 
iteration  6
00:   0.003185 0.033823 0.010502 0.005356 0.000000 0.001433 
01:   0.003156 0.033824 0.010497 0.005389 0.000000 0.001426 
02:   0.003156 0.033824 0.010485 0.005410 0.000000 0.001412 
03:   0.003178 0.033824 0.010527 0.005331 0.000000 0.001419 
iteration  7
00:   0.002789 0.033991 0.010405 0.003019 0.000000 0.001433 
01:   0.002840 0.033991 0.010389 0.003017 0.000000 0.001436 
02:   0.002864 0.033991 0.010406 0.003016 0.000000 0.001434 
03:   0.002842 0.033991 0.010340 0.002888 0.000000 0.001425 
/nethome/kalgin/z/mst/run.xeon.sh: line 45: 63832 Killed                  ./turbobust_stub.out $i 16
threadsCount = 8
loopsCount = 0
Done
iterationNumber = 0
iterationNumber = 1
iterationNumber = 2
iterationNumber = 3
iterationNumber = 4
iterationNumber = 5
iterationNumber = 6
iterationNumber = 7
1.079
1.669
iteration  0
00:   0.036482 0.144831 0.428864 0.002406 0.000000 0.034091 
01:   0.034110 0.144889 0.436065 0.002403 0.000000 0.033896 
02:   0.033986 0.144694 0.434774 0.002410 0.000000 0.034188 
03:   0.033912 0.144874 0.438524 0.002406 0.000000 0.034502 
04:   0.034154 0.144823 0.440360 0.002405 0.000000 0.034040 
05:   0.034458 0.144787 0.441001 0.002412 0.000000 0.034138 
06:   0.035963 0.144767 0.439698 0.002402 0.000000 0.034179 
07:   0.034885 0.144681 0.440433 0.002405 0.000000 0.033874 
iteration  1
00:   0.125747 0.074437 0.122103 0.006083 0.000000 0.012569 
01:   0.122174 0.074463 0.122660 0.006079 0.000000 0.012494 
02:   0.119841 0.074385 0.122259 0.006081 0.000000 0.012572 
03:   0.120640 0.074442 0.122553 0.006082 0.000000 0.012512 
04:   0.123052 0.074416 0.123143 0.006081 0.000000 0.012571 
05:   0.126490 0.074405 0.123839 0.006081 0.000000 0.012668 
06:   0.130158 0.074222 0.123487 0.006062 0.000000 0.012468 
07:   0.120837 0.074353 0.123549 0.006077 0.000000 0.012452 
iteration  2
00:   0.152360 0.043340 0.030354 0.005636 0.000000 0.004510 
01:   0.150441 0.043332 0.030342 0.005638 0.000000 0.004535 
02:   0.149424 0.043311 0.030665 0.005644 0.000000 0.004583 
03:   0.148392 0.043337 0.030914 0.005634 0.000000 0.004582 
04:   0.149610 0.043345 0.030921 0.005642 0.000000 0.004568 
05:   0.151376 0.043355 0.031134 0.005642 0.000000 0.004600 
06:   0.149993 0.043125 0.030811 0.005636 0.000000 0.004590 
07:   0.149079 0.043298 0.030502 0.005642 0.000000 0.004532 
iteration  3
00:   0.137398 0.036450 0.014045 0.005443 0.000000 0.002018 
01:   0.135521 0.036428 0.014293 0.005436 0.000000 0.002078 
02:   0.137588 0.036433 0.014195 0.005444 0.000000 0.002063 
03:   0.137083 0.036456 0.014355 0.005443 0.000000 0.002078 
04:   0.134404 0.036442 0.014172 0.005441 0.000000 0.002047 
05:   0.136806 0.036449 0.014262 0.005445 0.000000 0.002056 
06:   0.138466 0.036396 0.014339 0.005432 0.000000 0.002071 
07:   0.135237 0.036447 0.014161 0.005434 0.000000 0.002067 
iteration  4
00:   0.014441 0.034354 0.008796 0.004920 0.000000 0.001010 
01:   0.014470 0.034357 0.009040 0.004922 0.000000 0.001042 
02:   0.013984 0.034352 0.008790 0.004926 0.000000 0.001031 
03:   0.014625 0.034351 0.008805 0.004925 0.000000 0.001009 
04:   0.013829 0.034350 0.008904 0.004920 0.000000 0.001036 
05:   0.014007 0.034353 0.008773 0.004920 0.000000 0.000996 
06:   0.013995 0.034347 0.008923 0.004919 0.000000 0.001042 
07:   0.014035 0.034352 0.008732 0.004919 0.000000 0.001046 
iteration  5
00:   0.003588 0.034458 0.007824 0.003344 0.000000 0.000779 
01:   0.003712 0.034461 0.007882 0.003345 0.000000 0.000803 
02:   0.003539 0.034459 0.007761 0.003342 0.000000 0.000795 
03:   0.003577 0.034460 0.007841 0.003344 0.000000 0.000785 
04:   0.003650 0.034462 0.007655 0.003342 0.000000 0.000799 
05:   0.003469 0.034459 0.007675 0.003342 0.000000 0.000798 
06:   0.003598 0.034458 0.007762 0.003333 0.000000 0.000794 
07:   0.003556 0.034460 0.007723 0.003339 0.000000 0.000809 
iteration  6
00:   0.002695 0.034755 0.007809 0.002794 0.000000 0.000765 
01:   0.002712 0.034756 0.007862 0.002803 0.000000 0.000780 
02:   0.002706 0.034756 0.007704 0.002792 0.000000 0.000787 
03:   0.002685 0.034755 0.007780 0.002796 0.000000 0.000761 
04:   0.002690 0.034756 0.007753 0.002795 0.000000 0.000769 
05:   0.002693 0.034755 0.007755 0.002791 0.000000 0.000768 
06:   0.002677 0.034755 0.007825 0.002795 0.000000 0.000778 
07:   0.002679 0.034756 0.007738 0.002793 0.000000 0.000776 
iteration  7
00:   0.002400 0.034609 0.007960 0.001593 0.000000 0.000762 
01:   0.002417 0.034609 0.007991 0.001593 0.000000 0.000785 
02:   0.002420 0.034609 0.007962 0.001597 0.000000 0.000773 
03:   0.002403 0.034609 0.007818 0.001594 0.000000 0.000758 
04:   0.002404 0.034609 0.007953 0.001594 0.000000 0.000767 
05:   0.002388 0.034609 0.007782 0.001596 0.000000 0.000782 
06:   0.002416 0.034609 0.007798 0.001596 0.000000 0.000783 
07:   0.002337 0.034609 0.007810 0.001594 0.000000 0.000785 
/nethome/kalgin/z/mst/run.xeon.sh: line 45: 63852 Killed                  ./turbobust_stub.out $i 16
threadsCount = 16
loopsCount = 0
Done
iterationNumber = 0
iterationNumber = 1
iterationNumber = 2
iterationNumber = 3
iterationNumber = 4
iterationNumber = 5
iterationNumber = 6
iterationNumber = 7
0.742
1.298
iteration  0
00:   0.019457 0.123299 0.330407 0.001978 0.000000 0.021443 
01:   0.019345 0.123090 0.306435 0.002007 0.000000 0.021820 
02:   0.019380 0.123191 0.338267 0.001963 0.000000 0.021618 
03:   0.019261 0.123322 0.338445 0.001981 0.000000 0.021575 
04:   0.019133 0.123119 0.339716 0.001960 0.000000 0.021665 
05:   0.019016 0.123156 0.340334 0.001969 0.000000 0.021418 
06:   0.019149 0.122728 0.308934 0.001958 0.000000 0.021814 
07:   0.019276 0.123225 0.340801 0.001954 0.000000 0.021776 
08:   0.017861 0.112506 0.270537 0.001952 0.000000 0.017153 
09:   0.018028 0.112347 0.296279 0.001996 0.000000 0.017427 
10:   0.017820 0.112385 0.294211 0.001985 0.000000 0.017180 
11:   0.017908 0.112447 0.295409 0.001996 0.000000 0.017320 
12:   0.018022 0.112513 0.270887 0.001966 0.000000 0.017286 
13:   0.018630 0.112392 0.295065 0.001951 0.000000 0.016902 
14:   0.018298 0.112128 0.294737 0.001974 0.000000 0.016914 
15:   0.018320 0.112273 0.269060 0.001997 0.000000 0.017072 
iteration  1
00:   0.075858 0.061447 0.092182 0.006083 0.000000 0.007550 
01:   0.076776 0.061502 0.083506 0.006070 0.000000 0.007570 
02:   0.078067 0.061518 0.092540 0.006082 0.000000 0.007536 
03:   0.076202 0.061516 0.092474 0.006033 0.000000 0.007570 
04:   0.075790 0.061427 0.092709 0.006083 0.000000 0.007569 
05:   0.074771 0.061505 0.092739 0.006063 0.000000 0.007539 
06:   0.075633 0.061041 0.083728 0.006087 0.000000 0.007510 
07:   0.076179 0.061572 0.092981 0.006088 0.000000 0.007555 
08:   0.068273 0.059181 0.073395 0.006057 0.000000 0.006390 
09:   0.071085 0.059138 0.079191 0.006046 0.000000 0.006422 
10:   0.071183 0.059158 0.078825 0.006037 0.000000 0.006458 
11:   0.070643 0.059188 0.079514 0.006046 0.000000 0.006389 
12:   0.071197 0.059107 0.072986 0.006057 0.000000 0.006279 
13:   0.075070 0.059176 0.079146 0.006043 0.000000 0.006210 
14:   0.071328 0.058713 0.079166 0.006043 0.000000 0.006310 
15:   0.064250 0.059072 0.072945 0.006053 0.000000 0.006296 
iteration  2
00:   0.095031 0.042113 0.022797 0.005007 0.000000 0.002756 
01:   0.094904 0.042105 0.020754 0.005001 0.000000 0.002772 
02:   0.095100 0.042103 0.022664 0.005022 0.000000 0.002776 
03:   0.094087 0.042107 0.022557 0.004987 0.000000 0.002730 
04:   0.093926 0.042108 0.022823 0.004992 0.000000 0.002796 
05:   0.094114 0.042116 0.022872 0.005009 0.000000 0.002821 
06:   0.093165 0.042025 0.020662 0.004976 0.000000 0.002795 
07:   0.094304 0.042101 0.023036 0.004970 0.000000 0.002794 
08:   0.087481 0.041716 0.017812 0.004999 0.000000 0.002386 
09:   0.087797 0.041726 0.018340 0.004969 0.000000 0.002290 
10:   0.088401 0.041738 0.018331 0.005001 0.000000 0.002337 
11:   0.087059 0.041731 0.018615 0.005022 0.000000 0.002344 
12:   0.086549 0.041705 0.017647 0.004990 0.000000 0.002347 
13:   0.087962 0.041743 0.018409 0.004998 0.000000 0.002340 
14:   0.087073 0.041579 0.018250 0.004973 0.000000 0.002345 
15:   0.085089 0.041711 0.017422 0.004989 0.000000 0.002330 
iteration  3
00:   0.085667 0.038090 0.012789 0.003941 0.000000 0.001148 
01:   0.085735 0.038096 0.011968 0.003969 0.000000 0.001189 
02:   0.085170 0.038093 0.012876 0.003983 0.000000 0.001218 
03:   0.084347 0.038094 0.012764 0.003988 0.000000 0.001171 
04:   0.085438 0.038093 0.012924 0.004007 0.000000 0.001208 
05:   0.086733 0.038095 0.012884 0.003949 0.000000 0.001194 
06:   0.086274 0.038085 0.012006 0.003967 0.000000 0.001193 
07:   0.085854 0.038097 0.012946 0.003965 0.000000 0.001215 
08:   0.081800 0.038036 0.008597 0.004017 0.000000 0.000992 
09:   0.078592 0.038036 0.008545 0.003968 0.000000 0.000970 
10:   0.081223 0.038044 0.008653 0.003970 0.000000 0.000992 
11:   0.080886 0.038041 0.008595 0.003983 0.000000 0.000961 
12:   0.082276 0.038035 0.008489 0.003949 0.000000 0.000989 
13:   0.081725 0.038045 0.008610 0.003998 0.000000 0.000985 
14:   0.080381 0.038030 0.008655 0.003935 0.000000 0.001000 
15:   0.078746 0.038032 0.008400 0.003976 0.000000 0.000967 
iteration  4
00:   0.008920 0.037219 0.010148 0.003117 0.000000 0.000602 
01:   0.009727 0.037218 0.009949 0.003108 0.000000 0.000621 
02:   0.009658 0.037224 0.010276 0.003132 0.000000 0.000634 
03:   0.009065 0.037221 0.010204 0.003159 0.000000 0.000625 
04:   0.009252 0.037220 0.010189 0.003177 0.000000 0.000625 
05:   0.008928 0.037220 0.010207 0.003112 0.000000 0.000614 
06:   0.009487 0.037220 0.009928 0.003175 0.000000 0.000611 
07:   0.009543 0.037221 0.010192 0.003135 0.000000 0.000619 
08:   0.007947 0.037212 0.005629 0.003129 0.000000 0.000495 
09:   0.008119 0.037211 0.005698 0.003145 0.000000 0.000498 
10:   0.008167 0.037212 0.005523 0.003141 0.000000 0.000484 
11:   0.007813 0.037210 0.005539 0.003153 0.000000 0.000477 
12:   0.008170 0.037212 0.005563 0.003155 0.000000 0.000495 
13:   0.007858 0.037213 0.005571 0.003176 0.000000 0.000501 
14:   0.008256 0.037214 0.005538 0.003143 0.000000 0.000501 
15:   0.007701 0.037211 0.005561 0.003109 0.000000 0.000484 
iteration  5
00:   0.002170 0.037332 0.009700 0.002229 0.000000 0.000481 
01:   0.002200 0.037332 0.009692 0.002231 0.000000 0.000475 
02:   0.002330 0.037332 0.009708 0.002259 0.000000 0.000488 
03:   0.002220 0.037332 0.009688 0.002252 0.000000 0.000492 
04:   0.002216 0.037333 0.009638 0.002242 0.000000 0.000492 
05:   0.002118 0.037331 0.009624 0.002233 0.000000 0.000485 
06:   0.002146 0.037331 0.009617 0.002246 0.000000 0.000478 
07:   0.002270 0.037333 0.009693 0.002225 0.000000 0.000488 
08:   0.001926 0.037331 0.005068 0.002223 0.000000 0.000383 
09:   0.001917 0.037331 0.005038 0.002200 0.000000 0.000375 
10:   0.001908 0.037331 0.004977 0.002197 0.000000 0.000379 
11:   0.001858 0.037331 0.005029 0.002214 0.000000 0.000375 
12:   0.001921 0.037331 0.005020 0.002218 0.000000 0.000372 
13:   0.001861 0.037331 0.004956 0.002197 0.000000 0.000377 
14:   0.001889 0.037331 0.005038 0.002196 0.000000 0.000388 
15:   0.001914 0.037331 0.005029 0.002205 0.000000 0.000378 
iteration  6
00:   0.001353 0.037463 0.009952 0.001756 0.000000 0.000477 
01:   0.001365 0.037464 0.009937 0.001753 0.000000 0.000475 
02:   0.001401 0.037464 0.009962 0.001752 0.000000 0.000479 
03:   0.001400 0.037464 0.009940 0.001745 0.000000 0.000485 
04:   0.001369 0.037464 0.009949 0.001728 0.000000 0.000481 
05:   0.001387 0.037464 0.009944 0.001750 0.000000 0.000485 
06:   0.001333 0.037464 0.009951 0.001766 0.000000 0.000476 
07:   0.001454 0.037464 0.009898 0.001759 0.000000 0.000474 
08:   0.001123 0.037464 0.004997 0.001769 0.000000 0.000376 
09:   0.001094 0.037464 0.005022 0.001781 0.000000 0.000374 
10:   0.001256 0.037464 0.004974 0.001759 0.000000 0.000378 
11:   0.001243 0.037464 0.005006 0.001795 0.000000 0.000378 
12:   0.001070 0.037464 0.005037 0.001805 0.000000 0.000368 
13:   0.001079 0.037464 0.004984 0.001744 0.000000 0.000383 
14:   0.001164 0.037464 0.004969 0.001753 0.000000 0.000380 
15:   0.001243 0.037464 0.004960 0.001796 0.000000 0.000381 
iteration  7
00:   0.001213 0.037249 0.009746 0.001138 0.000000 0.000473 
01:   0.001226 0.037250 0.009752 0.001138 0.000000 0.000473 
02:   0.001195 0.037250 0.009751 0.001149 0.000000 0.000477 
03:   0.001232 0.037250 0.009743 0.001126 0.000000 0.000485 
04:   0.001187 0.037250 0.009664 0.001136 0.000000 0.000482 
05:   0.001246 0.037250 0.009722 0.001138 0.000000 0.000486 
06:   0.001162 0.037250 0.009743 0.001125 0.000000 0.000479 
07:   0.001267 0.037250 0.009736 0.001139 0.000000 0.000469 
08:   0.000971 0.037250 0.005018 0.001153 0.000000 0.000374 
09:   0.000958 0.037250 0.005063 0.001156 0.000000 0.000371 
10:   0.001062 0.037250 0.005010 0.001159 0.000000 0.000378 
11:   0.001066 0.037250 0.004962 0.001154 0.000000 0.000373 
12:   0.000901 0.037250 0.004973 0.001128 0.000000 0.000374 
13:   0.000965 0.037250 0.005059 0.001152 0.000000 0.000380 
14:   0.000960 0.037250 0.004919 0.001153 0.000000 0.000379 
15:   0.001078 0.037250 0.004964 0.001157 0.000000 0.000370 
/nethome/kalgin/z/mst/run.xeon.sh: line 45: 63870 Killed                  ./turbobust_stub.out $i 16
/nethome/kalgin/z/mst/run.xeon.sh: line 45: 63888 Segmentation fault      (core dumped) ./turbobust_stub.out $i 16
/nethome/kalgin/z/mst/run.xeon.sh: line 60: kill: (63888) - No such process
