threadsCount = 16
loopsCount = 0
7.694
1.507
threadsCount = 1
loopsCount = 0
Done
iterationNumber = 0
iterationNumber = 1
iterationNumber = 2
iterationNumber = 3
iterationNumber = 4
iterationNumber = 5
iterationNumber = 6
iterationNumber = 7
1.796
10.629
iteration  0
00:   1.475002 0.717195 1.426846 0.019141 0.265779 2.203162 
iteration  1
00:   0.744482 0.321709 0.443423 0.046032 0.076778 1.061318 
iteration  2
00:   0.268874 0.131324 0.137655 0.043345 0.027849 0.246709 
iteration  3
00:   0.019643 0.088879 0.065116 0.043467 0.014049 0.037503 
iteration  4
00:   0.008347 0.075124 0.041229 0.040336 0.008996 0.021346 
iteration  5
00:   0.006963 0.071180 0.035183 0.026815 0.007725 0.018646 
iteration  6
00:   0.006801 0.070650 0.034106 0.020124 0.007560 0.018138 
iteration  7
00:   0.006780 0.070619 0.034052 0.010568 0.007580 0.018106 
threadsCount = 2
loopsCount = 0
Done
iterationNumber = 0
iterationNumber = 1
iterationNumber = 2
iterationNumber = 3
iterationNumber = 4
iterationNumber = 5
iterationNumber = 6
iterationNumber = 7
1.086
7.083
iteration  0
00:   0.799117 0.381199 1.079232 0.030018 0.730846 1.202802 
01:   0.775620 0.378346 1.084639 0.028864 0.730478 1.155332 
iteration  1
00:   0.404184 0.173126 0.332371 0.035719 0.183271 0.578534 
01:   0.387468 0.171478 0.321589 0.034548 0.183281 0.556531 
iteration  2
00:   0.145110 0.073015 0.093141 0.032519 0.040854 0.142121 
01:   0.138790 0.072802 0.090449 0.031594 0.040967 0.136049 
iteration  3
00:   0.010909 0.052126 0.041860 0.031053 0.012708 0.023858 
01:   0.010301 0.052012 0.040031 0.030372 0.012708 0.023155 
iteration  4
00:   0.004489 0.044483 0.023840 0.027899 0.005719 0.014544 
01:   0.004371 0.044477 0.022774 0.027172 0.005715 0.013868 
iteration  5
00:   0.003891 0.042152 0.019213 0.019392 0.004204 0.012547 
01:   0.003654 0.042151 0.018357 0.018820 0.004306 0.011863 
iteration  6
00:   0.003699 0.042177 0.018518 0.015690 0.003965 0.012754 
01:   0.003613 0.042178 0.017655 0.014896 0.003964 0.012582 
iteration  7
00:   0.003524 0.042346 0.018414 0.005771 0.004164 0.012290 
01:   0.003578 0.042346 0.017413 0.005636 0.004162 0.011555 
/nethome/kalgin/z/mst/run.xeon.sh: line 45: 62651 Killed                  ./turbobust_stub.out $i 16
threadsCount = 4
loopsCount = 0
Done
iterationNumber = 0
iterationNumber = 1
iterationNumber = 2
iterationNumber = 3
iterationNumber = 4
iterationNumber = 5
iterationNumber = 6
iterationNumber = 7
0.839
4.749
iteration  0
00:   0.435862 0.214258 0.708870 0.015555 0.842473 0.658188 
01:   0.420037 0.213914 0.723041 0.015605 0.842470 0.658723 
02:   0.418698 0.214106 0.725510 0.015605 0.842465 0.656739 
03:   0.419429 0.213944 0.725603 0.015565 0.842442 0.653765 
iteration  1
00:   0.214234 0.101102 0.206847 0.017828 0.214706 0.320820 
01:   0.214050 0.101022 0.209515 0.017891 0.214717 0.319342 
02:   0.212825 0.101051 0.209339 0.017869 0.214672 0.319089 
03:   0.212440 0.101057 0.210497 0.017895 0.214718 0.317895 
iteration  2
00:   0.076433 0.050979 0.054400 0.016526 0.048242 0.081757 
01:   0.075624 0.050978 0.054530 0.016528 0.048251 0.081932 
02:   0.075700 0.050958 0.054668 0.016539 0.048232 0.081771 
03:   0.075346 0.050985 0.054970 0.016550 0.048246 0.082442 
iteration  3
00:   0.005976 0.039882 0.023603 0.015904 0.014141 0.016875 
01:   0.005896 0.039891 0.023878 0.015946 0.014139 0.016437 
02:   0.005874 0.039878 0.023750 0.015966 0.014141 0.016723 
03:   0.005946 0.039902 0.023958 0.015976 0.014146 0.016255 
iteration  4
00:   0.002724 0.036329 0.013067 0.013904 0.003838 0.010523 
01:   0.002727 0.036331 0.013173 0.013940 0.003839 0.010987 
02:   0.002720 0.036331 0.013245 0.013968 0.003837 0.010952 
03:   0.002640 0.036316 0.012933 0.013965 0.003837 0.010656 
iteration  5
00:   0.002507 0.035547 0.010357 0.009546 0.002762 0.009608 
01:   0.002472 0.035549 0.010380 0.009567 0.002756 0.009901 
02:   0.002471 0.035545 0.010225 0.009585 0.002761 0.009906 
03:   0.002488 0.035545 0.010338 0.009573 0.002761 0.009203 
iteration  6
00:   0.002380 0.035193 0.010143 0.007591 0.002651 0.009391 
01:   0.002373 0.035193 0.010084 0.007710 0.002645 0.009708 
02:   0.002351 0.035193 0.010142 0.007712 0.002651 0.009374 
03:   0.002342 0.035192 0.010082 0.007620 0.002651 0.009381 
iteration  7
00:   0.002434 0.035328 0.009917 0.002859 0.002619 0.010601 
01:   0.002463 0.035328 0.009881 0.002938 0.002619 0.010570 
02:   0.002460 0.035328 0.009906 0.002929 0.002620 0.010564 
03:   0.002453 0.035328 0.009862 0.002832 0.002617 0.010179 
/nethome/kalgin/z/mst/run.xeon.sh: line 45: 62669 Killed                  ./turbobust_stub.out $i 16
threadsCount = 8
loopsCount = 0
Done
iterationNumber = 0
iterationNumber = 1
iterationNumber = 2
iterationNumber = 3
iterationNumber = 4
iterationNumber = 5
iterationNumber = 6
iterationNumber = 7
0.669
3.619
iteration  0
00:   0.241503 0.145080 0.450362 0.007746 0.813420 0.492828 
01:   0.240472 0.145175 0.457310 0.007746 0.813446 0.491856 
02:   0.241286 0.145027 0.459570 0.007748 0.813467 0.492138 
03:   0.240750 0.145027 0.461470 0.007747 0.813447 0.490847 
04:   0.240028 0.145099 0.462232 0.007736 0.813433 0.490829 
05:   0.240039 0.145092 0.459381 0.007746 0.813442 0.491450 
06:   0.240456 0.145063 0.464021 0.007748 0.813391 0.489141 
07:   0.242880 0.144993 0.464547 0.007750 0.813418 0.488958 
iteration  1
00:   0.129358 0.072980 0.128335 0.009336 0.208603 0.247153 
01:   0.128481 0.072948 0.129249 0.009332 0.208613 0.246744 
02:   0.128162 0.072956 0.129517 0.009333 0.208612 0.247096 
03:   0.128641 0.072951 0.130010 0.009330 0.208606 0.246792 
04:   0.128205 0.073013 0.130544 0.009342 0.208571 0.247078 
05:   0.129257 0.072967 0.129325 0.009338 0.208608 0.246353 
06:   0.127838 0.073040 0.131487 0.009340 0.208624 0.246577 
07:   0.128422 0.072930 0.130745 0.009338 0.208588 0.244847 
iteration  2
00:   0.047332 0.044127 0.031664 0.008575 0.048240 0.059854 
01:   0.047494 0.044149 0.031605 0.008574 0.048243 0.060117 
02:   0.047237 0.044155 0.031818 0.008580 0.048253 0.059545 
03:   0.047031 0.044149 0.032151 0.008569 0.048256 0.059972 
04:   0.047023 0.044154 0.032046 0.008586 0.048244 0.059392 
05:   0.046835 0.044160 0.031804 0.008576 0.048249 0.059832 
06:   0.046898 0.044159 0.031855 0.008585 0.048240 0.060442 
07:   0.046772 0.044109 0.032141 0.008561 0.048246 0.059854 
iteration  3
00:   0.004605 0.038589 0.014180 0.008174 0.014498 0.014430 
01:   0.004586 0.038595 0.014408 0.008177 0.014507 0.014483 
02:   0.004627 0.038598 0.014491 0.008187 0.014505 0.014792 
03:   0.004571 0.038593 0.014304 0.008180 0.014511 0.014523 
04:   0.004554 0.038579 0.014347 0.008188 0.014506 0.014549 
05:   0.004583 0.038596 0.014165 0.008177 0.014502 0.013937 
06:   0.004578 0.038593 0.014403 0.008184 0.014482 0.014491 
07:   0.004688 0.038575 0.014618 0.008179 0.014508 0.014066 
iteration  4
00:   0.002632 0.037503 0.008535 0.007148 0.003571 0.011080 
01:   0.002608 0.037490 0.008499 0.007147 0.003571 0.011372 
02:   0.002595 0.037495 0.008518 0.007157 0.003576 0.011355 
03:   0.002614 0.037499 0.008446 0.007151 0.003568 0.011414 
04:   0.002612 0.037497 0.008547 0.007160 0.003571 0.011389 
05:   0.002543 0.037493 0.008391 0.007155 0.003572 0.011385 
06:   0.002580 0.037495 0.008446 0.007160 0.003575 0.010889 
07:   0.002538 0.037493 0.008427 0.007141 0.003575 0.011037 
iteration  5
00:   0.002311 0.037161 0.007423 0.004880 0.002673 0.009915 
01:   0.002328 0.037162 0.007428 0.004876 0.002674 0.010198 
02:   0.002301 0.037160 0.007401 0.004879 0.002676 0.009901 
03:   0.002292 0.037160 0.007493 0.004881 0.002676 0.010258 
04:   0.002286 0.037160 0.007325 0.004884 0.002677 0.010227 
05:   0.002308 0.037161 0.007360 0.004878 0.002675 0.010239 
06:   0.002275 0.037163 0.007324 0.004887 0.002674 0.009880 
07:   0.002279 0.037161 0.007421 0.004874 0.002675 0.009850 
iteration  6
00:   0.002404 0.037181 0.007320 0.004002 0.002630 0.009128 
01:   0.002399 0.037181 0.007384 0.003994 0.002628 0.009537 
02:   0.002419 0.037181 0.007344 0.003992 0.002631 0.009090 
03:   0.002385 0.037181 0.007370 0.004000 0.002621 0.009538 
04:   0.002352 0.037181 0.007346 0.004000 0.002623 0.009549 
05:   0.002382 0.037180 0.007323 0.003996 0.002631 0.009540 
06:   0.002381 0.037180 0.007339 0.003997 0.002621 0.009494 
07:   0.002399 0.037180 0.007345 0.004000 0.002631 0.009151 
iteration  7
00:   0.002387 0.036597 0.007516 0.001564 0.002684 0.008824 
01:   0.002383 0.036597 0.007606 0.001562 0.002685 0.009241 
02:   0.002376 0.036597 0.007607 0.001561 0.002684 0.009235 
03:   0.002378 0.036597 0.007600 0.001564 0.002683 0.009224 
04:   0.002374 0.036597 0.007541 0.001566 0.002687 0.009249 
05:   0.002406 0.036597 0.007508 0.001563 0.002682 0.008791 
06:   0.002397 0.036597 0.007499 0.001565 0.002683 0.009245 
07:   0.002330 0.036597 0.007587 0.001570 0.002686 0.008844 
/nethome/kalgin/z/mst/run.xeon.sh: line 45: 62687 Killed                  ./turbobust_stub.out $i 16
threadsCount = 16
loopsCount = 0
Done
iterationNumber = 0
iterationNumber = 1
iterationNumber = 2
iterationNumber = 3
iterationNumber = 4
iterationNumber = 5
iterationNumber = 6
iterationNumber = 7
0.596
3.820
iteration  0
00:   0.164195 0.125379 0.346253 0.006937 1.405463 0.268999 
01:   0.145031 0.125031 0.324036 0.006926 1.405517 0.267165 
02:   0.164137 0.125412 0.355047 0.006945 1.405490 0.270019 
03:   0.163668 0.125546 0.355464 0.006920 1.405480 0.269301 
04:   0.144962 0.125257 0.326640 0.006915 1.405450 0.265916 
05:   0.144546 0.125297 0.325210 0.006955 1.405373 0.265077 
06:   0.144620 0.125228 0.327027 0.006948 1.405476 0.264593 
07:   0.144036 0.125258 0.327928 0.006921 1.405428 0.264573 
08:   0.116595 0.114429 0.282515 0.006923 1.401966 0.261799 
09:   0.134371 0.114334 0.308122 0.006925 1.401935 0.268246 
10:   0.136065 0.114482 0.309347 0.006935 1.401869 0.266248 
11:   0.133702 0.114466 0.308150 0.006926 1.401908 0.265051 
12:   0.117890 0.114571 0.282670 0.006925 1.401908 0.261965 
13:   0.134334 0.114413 0.308730 0.006924 1.401896 0.265027 
14:   0.134081 0.114220 0.308961 0.006922 1.401934 0.265152 
15:   0.135933 0.114296 0.307883 0.006926 1.401824 0.264333 
iteration  1
00:   0.071776 0.064705 0.098616 0.009789 0.357931 0.141923 
01:   0.072117 0.064720 0.091844 0.009757 0.357870 0.142698 
02:   0.071417 0.064763 0.100530 0.009801 0.357903 0.142195 
03:   0.071572 0.064736 0.100720 0.009826 0.357892 0.142087 
04:   0.071460 0.064662 0.092822 0.009778 0.357902 0.142598 
05:   0.071559 0.064814 0.092596 0.009794 0.357913 0.141568 
06:   0.071328 0.064717 0.092730 0.009764 0.357930 0.142174 
07:   0.071348 0.064766 0.093272 0.009772 0.357903 0.142225 
08:   0.068354 0.062303 0.080876 0.009735 0.356984 0.138569 
09:   0.068215 0.062342 0.087887 0.009752 0.356919 0.138005 
10:   0.067862 0.062448 0.087796 0.009773 0.356935 0.139093 
11:   0.067404 0.062375 0.087309 0.009784 0.356937 0.138863 
12:   0.068064 0.062441 0.081624 0.009768 0.356978 0.138765 
13:   0.067447 0.062421 0.087202 0.009788 0.356911 0.137510 
14:   0.067769 0.061953 0.087875 0.009769 0.356940 0.137554 
15:   0.067168 0.062353 0.087278 0.009782 0.356941 0.137936 
iteration  2
00:   0.027944 0.045229 0.023926 0.007575 0.092366 0.049601 
01:   0.028202 0.045255 0.022517 0.007575 0.092345 0.050431 
02:   0.028144 0.045253 0.024230 0.007589 0.092340 0.050438 
03:   0.028248 0.045274 0.024503 0.007596 0.092363 0.049972 
04:   0.028094 0.045212 0.022607 0.007582 0.092365 0.050295 
05:   0.027657 0.045232 0.022622 0.007564 0.092348 0.050164 
06:   0.028042 0.045259 0.022874 0.007573 0.092354 0.050357 
07:   0.028300 0.045294 0.022931 0.007554 0.092367 0.050173 
08:   0.026887 0.044857 0.019307 0.007551 0.092115 0.047865 
09:   0.026771 0.044869 0.020219 0.007558 0.092121 0.047708 
10:   0.026836 0.044892 0.020333 0.007550 0.092125 0.047448 
11:   0.027226 0.044848 0.020039 0.007566 0.092125 0.047324 
12:   0.026717 0.044879 0.019257 0.007562 0.092140 0.047666 
13:   0.026947 0.044854 0.020123 0.007547 0.092124 0.047105 
14:   0.026922 0.044732 0.020341 0.007561 0.092119 0.047583 
15:   0.026479 0.044846 0.020163 0.007557 0.092122 0.046698 
iteration  3
00:   0.002685 0.041177 0.012762 0.005925 0.026870 0.023561 
01:   0.002676 0.041185 0.012151 0.005911 0.026879 0.024368 
02:   0.002734 0.041185 0.012883 0.005920 0.026876 0.023624 
03:   0.002606 0.041187 0.012872 0.005968 0.026868 0.023849 
04:   0.002674 0.041184 0.011983 0.005913 0.026870 0.023791 
05:   0.002646 0.041179 0.011976 0.005935 0.026867 0.024128 
06:   0.002684 0.041187 0.012092 0.005981 0.026859 0.024168 
07:   0.002684 0.041171 0.012222 0.005972 0.026880 0.023967 
08:   0.002704 0.041124 0.008822 0.005996 0.026815 0.024154 
09:   0.002686 0.041123 0.008831 0.005926 0.026799 0.024064 
10:   0.002654 0.041128 0.008787 0.006012 0.026807 0.024107 
11:   0.002626 0.041124 0.008833 0.005943 0.026798 0.024145 
12:   0.002674 0.041124 0.008898 0.005951 0.026811 0.023920 
13:   0.002633 0.041128 0.008793 0.005988 0.026806 0.023913 
14:   0.002551 0.041115 0.008895 0.005957 0.026809 0.024123 
15:   0.002610 0.041118 0.008876 0.005928 0.026799 0.023094 
iteration  4
00:   0.001140 0.040305 0.009915 0.004616 0.005531 0.011942 
01:   0.001145 0.040311 0.009962 0.004602 0.005542 0.012383 
02:   0.001102 0.040308 0.010036 0.004657 0.005558 0.011549 
03:   0.001145 0.040310 0.010015 0.004695 0.005531 0.012299 
04:   0.001101 0.040308 0.009771 0.004576 0.005537 0.011895 
05:   0.001131 0.040309 0.009823 0.004581 0.005538 0.012348 
06:   0.001130 0.040311 0.009809 0.004601 0.005534 0.012357 
07:   0.001038 0.040312 0.009945 0.004602 0.005525 0.012363 
08:   0.001434 0.040305 0.005474 0.004580 0.005554 0.012004 
09:   0.001424 0.040304 0.005477 0.004585 0.005518 0.012004 
10:   0.001425 0.040304 0.005401 0.004600 0.005552 0.011731 
11:   0.001441 0.040305 0.005457 0.004567 0.005556 0.010891 
12:   0.001384 0.040301 0.005362 0.004634 0.005555 0.010907 
13:   0.001393 0.040301 0.005310 0.004581 0.005533 0.010865 
14:   0.001411 0.040305 0.005455 0.004630 0.005518 0.012006 
15:   0.001409 0.040304 0.005362 0.004578 0.005513 0.011675 
iteration  5
00:   0.001054 0.040226 0.009641 0.003150 0.003024 0.013003 
01:   0.001039 0.040227 0.009645 0.003154 0.003042 0.014347 
02:   0.001055 0.040226 0.009648 0.003175 0.003051 0.014341 
03:   0.001035 0.040226 0.009651 0.003162 0.003015 0.014329 
04:   0.001015 0.040226 0.009631 0.003120 0.003016 0.013802 
05:   0.001032 0.040227 0.009600 0.003194 0.003016 0.014329 
06:   0.001038 0.040226 0.009630 0.003167 0.003013 0.014372 
07:   0.001015 0.040226 0.009629 0.003141 0.003014 0.014361 
08:   0.001160 0.040226 0.004940 0.003119 0.003022 0.014470 
09:   0.001163 0.040226 0.004907 0.003109 0.003020 0.013893 
10:   0.001150 0.040226 0.004921 0.003125 0.003013 0.014432 
11:   0.001158 0.040225 0.004909 0.003129 0.003016 0.014426 
12:   0.001133 0.040226 0.004923 0.003116 0.003025 0.014414 
13:   0.001146 0.040225 0.004858 0.003107 0.003039 0.014446 
14:   0.001145 0.040226 0.004835 0.003121 0.003034 0.014448 
15:   0.001145 0.040226 0.004843 0.003109 0.003009 0.013993 
iteration  6
00:   0.001073 0.040155 0.009583 0.002363 0.003038 0.012541 
01:   0.001085 0.040154 0.009596 0.002367 0.002988 0.013838 
02:   0.001088 0.040155 0.009596 0.002352 0.002976 0.012549 
03:   0.001060 0.040154 0.009523 0.002356 0.003017 0.012640 
04:   0.001075 0.040154 0.009562 0.002342 0.002996 0.013853 
05:   0.001083 0.040154 0.009593 0.002345 0.002995 0.013847 
06:   0.001093 0.040154 0.009594 0.002358 0.003038 0.013844 
07:   0.000989 0.040154 0.009580 0.002349 0.002981 0.012666 
08:   0.001311 0.040154 0.004850 0.002410 0.002985 0.013911 
09:   0.001286 0.040154 0.004898 0.002315 0.002971 0.013917 
10:   0.001290 0.040154 0.004886 0.002360 0.002996 0.013915 
11:   0.001291 0.040154 0.004887 0.002349 0.002974 0.013908 
12:   0.001313 0.040154 0.004853 0.002366 0.002970 0.013898 
13:   0.001273 0.040154 0.004820 0.002326 0.002994 0.013324 
14:   0.001304 0.040154 0.004744 0.002317 0.003023 0.013894 
15:   0.001226 0.040154 0.004818 0.002309 0.002995 0.013486 
iteration  7
00:   0.001015 0.040575 0.009525 0.001096 0.003070 0.010249 
01:   0.001040 0.040575 0.009527 0.001105 0.003071 0.011912 
02:   0.001046 0.040575 0.009528 0.001104 0.003072 0.010469 
03:   0.001035 0.040575 0.009538 0.001104 0.003056 0.011872 
04:   0.001027 0.040575 0.009484 0.001104 0.003056 0.010937 
05:   0.001030 0.040574 0.009513 0.001108 0.003072 0.011932 
06:   0.001040 0.040574 0.009521 0.001104 0.003071 0.011907 
07:   0.000968 0.040575 0.009504 0.001104 0.003071 0.011958 
08:   0.001106 0.040574 0.004873 0.001072 0.003040 0.011235 
09:   0.001097 0.040574 0.004866 0.001072 0.003039 0.011709 
10:   0.001113 0.040575 0.004857 0.001072 0.003035 0.011740 
11:   0.001107 0.040575 0.004855 0.001071 0.003042 0.011722 
12:   0.001104 0.040574 0.004806 0.001067 0.003040 0.011691 
13:   0.001089 0.040575 0.004795 0.001071 0.003040 0.011719 
14:   0.001105 0.040574 0.004751 0.001072 0.003034 0.011733 
15:   0.001085 0.040574 0.004809 0.001073 0.003038 0.011314 
/nethome/kalgin/z/mst/run.xeon.sh: line 45: 62705 Killed                  ./turbobust_stub.out $i 16
/nethome/kalgin/z/mst/run.xeon.sh: line 45: 62723 Segmentation fault      (core dumped) ./turbobust_stub.out $i 16
/nethome/kalgin/z/mst/run.xeon.sh: line 60: kill: (62723) - No such process
