threadsCount = 16
loopsCount = 2164
7.570
3.784
threadsCount = 1
loopsCount = 2164
Done
iterationNumber = 0
iterationNumber = 1
iterationNumber = 2
iterationNumber = 3
iterationNumber = 4
iterationNumber = 5
iterationNumber = 6
1.788
21.499
iteration  0
00:   1.425836 0.657893 1.474451 0.016193 0.226033 2.491889 
iteration  1
00:   1.282338 0.168861 0.213672 0.033008 0.033173 1.881712 
iteration  2
00:   1.257489 0.079628 0.049581 0.023665 0.010132 1.800032 
iteration  3
00:   1.252885 0.070944 0.035001 0.019317 0.007796 1.787897 
iteration  4
00:   1.237632 0.070930 0.033994 0.018596 0.007614 1.764343 
iteration  5
00:   1.012013 0.070422 0.033782 0.016955 0.007576 0.729619 
iteration  6
00:   0.007000 0.070526 0.033780 0.006585 0.007594 0.019930 
threadsCount = 2
loopsCount = 2164
Done
iterationNumber = 0
iterationNumber = 1
iterationNumber = 2
iterationNumber = 3
iterationNumber = 4
iterationNumber = 5
iterationNumber = 6
1.101
13.015
iteration  0
00:   0.770708 0.352496 1.018732 0.026966 0.742122 1.327610 
01:   0.720413 0.341682 1.041246 0.026928 0.742061 1.318707 
iteration  1
00:   0.675734 0.090986 0.138293 0.028651 0.069747 1.009567 
01:   0.670433 0.091003 0.142804 0.028725 0.069744 1.005583 
iteration  2
00:   0.662557 0.044977 0.028063 0.021732 0.006723 0.961587 
01:   0.656901 0.044974 0.028788 0.021765 0.006728 0.956033 
iteration  3
00:   0.658914 0.040801 0.018500 0.018233 0.004339 0.966502 
01:   0.653364 0.040803 0.018471 0.018274 0.004337 0.934602 
iteration  4
00:   0.658710 0.040201 0.017829 0.016513 0.004085 0.882747 
01:   0.632175 0.040200 0.017732 0.016629 0.004087 0.529794 
iteration  5
00:   0.580137 0.040140 0.017991 0.016862 0.004085 0.359676 
01:   0.465334 0.040140 0.017978 0.016831 0.004087 0.406087 
iteration  6
00:   0.003481 0.040241 0.018052 0.003304 0.004004 0.013670 
01:   0.477589 0.040241 0.018046 0.003313 0.004006 0.013401 
/nethome/kalgin/z/mst/run.xeon.sh: line 45: 133188 Killed                  ./turbobust_stub.out $i 16
threadsCount = 4
loopsCount = 2164
Done
iterationNumber = 0
iterationNumber = 1
iterationNumber = 2
iterationNumber = 3
iterationNumber = 4
iterationNumber = 5
iterationNumber = 6
0.845
8.931
iteration  0
00:   0.417071 0.202712 0.723213 0.012760 0.846820 0.777848 
01:   0.412626 0.201001 0.728907 0.012800 0.846833 0.777762 
02:   0.400418 0.198627 0.732351 0.012832 0.846799 0.775605 
03:   0.380449 0.194209 0.731179 0.012847 0.846844 0.771476 
iteration  1
00:   0.368150 0.060689 0.095654 0.015573 0.095534 0.605432 
01:   0.366914 0.060633 0.095673 0.015604 0.095543 0.605252 
02:   0.365763 0.060630 0.096413 0.015631 0.095545 0.604394 
03:   0.364097 0.060589 0.094907 0.015652 0.095543 0.601844 
iteration  2
00:   0.361655 0.037275 0.017656 0.011782 0.006452 0.576028 
01:   0.360042 0.037266 0.017451 0.011800 0.006451 0.580979 
02:   0.359922 0.037266 0.017413 0.011803 0.006451 0.579556 
03:   0.356710 0.037263 0.016683 0.011839 0.006447 0.574799 
iteration  3
00:   0.357039 0.035212 0.010341 0.010110 0.002793 0.543141 
01:   0.359674 0.035211 0.010600 0.010116 0.002793 0.566064 
02:   0.358444 0.035208 0.010388 0.010112 0.002790 0.527207 
03:   0.355864 0.035209 0.010441 0.010132 0.002793 0.565918 
iteration  4
00:   0.381448 0.034922 0.009840 0.010008 0.002676 0.235194 
01:   0.348332 0.034921 0.009815 0.009974 0.002677 0.290918 
02:   0.319731 0.034920 0.009782 0.009989 0.002677 0.351649 
03:   0.347580 0.034920 0.009827 0.010015 0.002674 0.219733 
iteration  5
00:   0.103622 0.035419 0.010443 0.007863 0.002627 0.568734 
01:   0.183992 0.035390 0.010437 0.007858 0.002628 0.049274 
02:   0.735852 0.035421 0.010329 0.007849 0.002625 0.161898 
03:   0.083600 0.035389 0.010279 0.007896 0.002627 0.133518 
iteration  6
00:   0.003033 0.035440 0.009971 0.001783 0.002640 0.010230 
01:   0.003040 0.035439 0.009913 0.001784 0.002640 0.010922 
02:   0.379058 0.035440 0.009911 0.001786 0.002641 0.010917 
03:   0.003042 0.035439 0.009850 0.001771 0.002637 0.010637 
/nethome/kalgin/z/mst/run.xeon.sh: line 45: 133205 Killed                  ./turbobust_stub.out $i 16
threadsCount = 8
loopsCount = 2164
Done
iterationNumber = 0
iterationNumber = 1
iterationNumber = 2
iterationNumber = 3
iterationNumber = 4
iterationNumber = 5
iterationNumber = 6
0.628
7.472
iteration  0
00:   0.237602 0.133786 0.552341 0.006017 0.879308 0.578274 
01:   0.236940 0.133725 0.545804 0.006013 0.879316 0.578421 
02:   0.236446 0.133790 0.548514 0.006019 0.879317 0.578224 
03:   0.229870 0.132635 0.548926 0.006027 0.879295 0.578234 
04:   0.228455 0.132268 0.548832 0.006025 0.879273 0.578014 
05:   0.225775 0.131716 0.551146 0.006020 0.879292 0.577766 
06:   0.219948 0.130539 0.551502 0.006019 0.879266 0.578000 
07:   0.215413 0.128819 0.552762 0.006024 0.879209 0.577895 
iteration  1
00:   0.210875 0.049103 0.069822 0.008055 0.102355 0.495479 
01:   0.210811 0.049085 0.069896 0.008023 0.102353 0.496328 
02:   0.209773 0.049097 0.070415 0.008056 0.102363 0.495459 
03:   0.208939 0.049089 0.071027 0.008054 0.102366 0.494804 
04:   0.208983 0.049047 0.070447 0.008059 0.102343 0.495485 
05:   0.208977 0.049107 0.070444 0.008047 0.102347 0.492052 
06:   0.209465 0.049082 0.072077 0.008056 0.102354 0.496319 
07:   0.210912 0.049055 0.070697 0.008045 0.102358 0.493782 
iteration  2
00:   0.207341 0.037082 0.012275 0.006051 0.009429 0.471723 
01:   0.208344 0.037078 0.012389 0.006052 0.009420 0.473170 
02:   0.206235 0.037069 0.011915 0.006053 0.009428 0.479812 
03:   0.206079 0.037069 0.011824 0.006052 0.009429 0.476818 
04:   0.205559 0.037073 0.011699 0.006052 0.009429 0.485968 
05:   0.205766 0.037074 0.012019 0.006059 0.009432 0.483498 
06:   0.208833 0.037072 0.012252 0.006053 0.009423 0.458145 
07:   0.206339 0.037073 0.011959 0.006055 0.009432 0.488464 
iteration  3
00:   0.204582 0.036922 0.007429 0.005021 0.002648 0.433553 
01:   0.205035 0.036923 0.007482 0.005023 0.002647 0.405083 
02:   0.207398 0.036922 0.007484 0.005018 0.002636 0.420382 
03:   0.205679 0.036922 0.007429 0.005020 0.002647 0.431591 
04:   0.211119 0.036924 0.007398 0.005021 0.002633 0.497649 
05:   0.210108 0.036923 0.007378 0.005021 0.002652 0.545946 
06:   0.199276 0.036922 0.007271 0.005020 0.002648 0.336631 
07:   0.214808 0.036924 0.007434 0.005017 0.002648 0.451785 
iteration  4
00:   0.190328 0.035825 0.007482 0.004313 0.002731 0.105645 
01:   0.174216 0.035825 0.007490 0.004297 0.002736 0.201235 
02:   0.182730 0.035825 0.007502 0.004313 0.002734 0.126881 
03:   0.188887 0.035824 0.007463 0.004314 0.002737 0.240772 
04:   0.232848 0.035825 0.007405 0.004318 0.002734 0.148504 
05:   0.264408 0.035825 0.007378 0.004322 0.002736 0.761192 
06:   0.145203 0.035824 0.007333 0.004305 0.002733 0.106210 
07:   0.203921 0.035825 0.007328 0.004308 0.002734 0.152790 
iteration  5
00:   0.020415 0.036082 0.007400 0.004144 0.002664 0.068917 
01:   0.164906 0.036082 0.007439 0.004151 0.002652 0.246127 
02:   0.230518 0.036082 0.007409 0.004135 0.002663 0.170455 
03:   0.094810 0.036042 0.007387 0.004148 0.002661 0.126530 
04:   0.100348 0.036080 0.007397 0.004151 0.002658 0.110879 
05:   0.418167 0.036080 0.007377 0.004155 0.002662 0.142133 
06:   0.072055 0.036040 0.007307 0.004150 0.002660 0.212578 
07:   0.010734 0.036040 0.007338 0.004161 0.002655 0.288355 
iteration  6
00:   0.002988 0.036010 0.007470 0.000884 0.002580 0.010104 
01:   0.002960 0.035957 0.007454 0.000883 0.002567 0.010535 
02:   0.002997 0.036006 0.007415 0.000883 0.002580 0.010078 
03:   0.526375 0.036014 0.007439 0.000883 0.002580 0.010541 
04:   0.002987 0.035944 0.007402 0.000887 0.002580 0.010516 
05:   0.002920 0.035937 0.007409 0.000883 0.002571 0.010534 
06:   0.002955 0.035913 0.007407 0.000877 0.002585 0.010509 
07:   0.002929 0.035913 0.007409 0.000883 0.002582 0.010193 
/nethome/kalgin/z/mst/run.xeon.sh: line 45: 133223 Killed                  ./turbobust_stub.out $i 16
threadsCount = 16
loopsCount = 2164
Done
iterationNumber = 0
iterationNumber = 1
iterationNumber = 2
iterationNumber = 3
iterationNumber = 4
iterationNumber = 5
iterationNumber = 6
0.546
6.340
iteration  0
00:   0.163150 0.116065 0.530222 0.005790 1.039342 0.347926 
01:   0.146192 0.116334 0.473176 0.005793 1.039352 0.345450 
02:   0.145703 0.116420 0.470377 0.005791 1.039317 0.345317 
03:   0.142957 0.116244 0.475033 0.005797 1.039308 0.345557 
04:   0.164564 0.116336 0.535914 0.005794 1.039362 0.345231 
05:   0.143332 0.116312 0.476234 0.005795 1.039353 0.343489 
06:   0.140171 0.115640 0.475373 0.005797 1.039248 0.343821 
07:   0.158774 0.115300 0.537229 0.005800 1.039298 0.345070 
08:   0.116668 0.107158 0.422922 0.005746 1.037771 0.315072 
09:   0.124805 0.106884 0.458721 0.005739 1.037817 0.315020 
10:   0.114121 0.107115 0.425198 0.005744 1.037773 0.314971 
11:   0.111926 0.106853 0.436424 0.005751 1.037789 0.314954 
12:   0.121473 0.106620 0.463139 0.005747 1.037766 0.314570 
13:   0.119656 0.106138 0.459033 0.005744 1.037760 0.314877 
14:   0.107213 0.105777 0.423421 0.005744 1.037808 0.314692 
15:   0.107859 0.105410 0.423533 0.005744 1.037788 0.314384 
iteration  1
00:   0.125818 0.048473 0.067558 0.007690 0.107820 0.293324 
01:   0.125786 0.048477 0.059098 0.007747 0.107923 0.292332 
02:   0.125390 0.048499 0.060455 0.007729 0.107814 0.290911 
03:   0.125685 0.048466 0.060121 0.007731 0.107821 0.291345 
04:   0.125258 0.048433 0.068566 0.007702 0.107817 0.294888 
05:   0.124240 0.048443 0.059537 0.007737 0.107824 0.293828 
06:   0.124711 0.048469 0.059126 0.007694 0.107819 0.290352 
07:   0.124575 0.048392 0.068121 0.007697 0.107817 0.290443 
08:   0.109665 0.047945 0.053971 0.007673 0.107738 0.273078 
09:   0.108903 0.047977 0.058540 0.007710 0.107740 0.273112 
10:   0.108400 0.047993 0.053627 0.007714 0.107737 0.271093 
11:   0.108199 0.048003 0.055726 0.007684 0.107733 0.272386 
12:   0.107713 0.048013 0.059458 0.007723 0.107737 0.271918 
13:   0.108250 0.048009 0.058216 0.007713 0.107741 0.272823 
14:   0.108427 0.047812 0.053976 0.007688 0.107731 0.271095 
15:   0.108848 0.047986 0.053669 0.007732 0.107736 0.272199 
iteration  2
00:   0.124512 0.040505 0.012234 0.003831 0.009491 0.262391 
01:   0.123599 0.040501 0.011730 0.003904 0.009505 0.261970 
02:   0.122561 0.040501 0.011461 0.003874 0.009505 0.263949 
03:   0.122616 0.040500 0.011242 0.003851 0.009507 0.270246 
04:   0.125002 0.040510 0.012573 0.003875 0.009476 0.277832 
05:   0.124750 0.040512 0.011701 0.003870 0.009506 0.269438 
06:   0.123450 0.040505 0.011163 0.003870 0.009508 0.264767 
07:   0.122524 0.040501 0.012172 0.003865 0.009505 0.291945 
08:   0.108754 0.040484 0.008233 0.003914 0.009466 0.244514 
09:   0.108481 0.040485 0.008465 0.003888 0.009481 0.248882 
10:   0.107233 0.040483 0.008262 0.003852 0.009483 0.279252 
11:   0.107034 0.040485 0.008325 0.003832 0.009480 0.261056 
12:   0.107002 0.040483 0.008623 0.003877 0.009486 0.253261 
13:   0.107827 0.040484 0.008332 0.003865 0.009468 0.234136 
14:   0.106802 0.040483 0.008266 0.003867 0.009487 0.252551 
15:   0.107968 0.040486 0.008380 0.003831 0.009487 0.255026 
iteration  3
00:   0.117968 0.039792 0.009788 0.002675 0.003052 0.254063 
01:   0.116971 0.039791 0.009720 0.002672 0.003052 0.246634 
02:   0.118341 0.039792 0.009737 0.002677 0.003046 0.199281 
03:   0.121658 0.039791 0.009707 0.002687 0.003048 0.186147 
04:   0.128139 0.039792 0.009827 0.002701 0.003050 0.175713 
05:   0.121911 0.039791 0.009664 0.002719 0.003054 0.225812 
06:   0.118268 0.039791 0.009589 0.002728 0.003032 0.348957 
07:   0.139232 0.039792 0.009727 0.002643 0.003043 0.175787 
08:   0.102732 0.039791 0.005025 0.002632 0.003019 0.275490 
09:   0.105414 0.039791 0.004958 0.002647 0.003027 0.273072 
10:   0.124399 0.039791 0.005010 0.002676 0.003029 0.264061 
11:   0.111311 0.039791 0.004883 0.002641 0.003027 0.227596 
12:   0.106780 0.039791 0.004944 0.002662 0.003026 0.247322 
13:   0.097916 0.039790 0.004902 0.002702 0.003013 0.207498 
14:   0.106084 0.039791 0.004976 0.002668 0.003021 0.233077 
15:   0.108277 0.039791 0.004940 0.002628 0.003026 0.223087 
iteration  4
00:   0.117157 0.039880 0.009473 0.002376 0.003072 0.048632 
01:   0.111315 0.039880 0.009417 0.002430 0.003076 0.103822 
02:   0.086783 0.039880 0.009409 0.002415 0.003070 0.105065 
03:   0.082521 0.039880 0.009492 0.002409 0.003072 0.299400 
04:   0.075260 0.039880 0.009456 0.002383 0.003069 0.099716 
05:   0.098303 0.039880 0.009473 0.002407 0.003072 0.134526 
06:   0.180544 0.039881 0.009480 0.002376 0.003070 0.054310 
07:   0.075353 0.039880 0.009489 0.002373 0.003091 0.093273 
08:   0.128693 0.039880 0.004828 0.002350 0.003090 0.136599 
09:   0.125113 0.039880 0.004828 0.002365 0.003074 0.146464 
10:   0.116659 0.039879 0.004860 0.002414 0.003099 0.126532 
11:   0.096393 0.039880 0.004842 0.002349 0.003100 0.173366 
12:   0.108260 0.039880 0.004827 0.002358 0.003075 0.133052 
13:   0.086254 0.039880 0.004761 0.002407 0.003099 0.126839 
14:   0.145024 0.039881 0.004740 0.002357 0.003098 0.111902 
15:   0.091640 0.039879 0.004800 0.002357 0.003100 0.136637 
iteration  5
00:   0.001643 0.040489 0.009480 0.002353 0.002959 0.014196 
01:   0.001644 0.040442 0.009491 0.002313 0.002959 0.037633 
02:   0.110074 0.040441 0.009484 0.002352 0.002940 0.014625 
03:   0.278477 0.040441 0.009500 0.002323 0.002992 0.016999 
04:   0.011394 0.040427 0.009457 0.002335 0.002967 0.071188 
05:   0.001653 0.040382 0.009492 0.002326 0.002948 0.014623 
06:   0.001627 0.040382 0.009470 0.002377 0.002989 0.162393 
07:   0.001600 0.040381 0.009451 0.002360 0.002960 0.037617 
08:   0.001718 0.040437 0.004820 0.002314 0.002957 0.011580 
09:   0.059063 0.040371 0.004870 0.002346 0.002933 0.036351 
10:   0.001696 0.040373 0.004848 0.002377 0.002957 0.012532 
11:   0.040515 0.040369 0.004856 0.002357 0.002989 0.089005 
12:   0.001695 0.040503 0.004779 0.002356 0.002959 0.045560 
13:   0.039453 0.040447 0.004801 0.002358 0.002934 0.011627 
14:   0.523472 0.040504 0.004825 0.002360 0.002953 0.017323 
15:   0.001695 0.040452 0.004802 0.002349 0.002937 0.499219 
iteration  6
00:   0.001972 0.040730 0.009551 0.000530 0.003080 0.015601 
01:   0.001976 0.040657 0.009540 0.000503 0.003074 0.016098 
02:   0.001971 0.040656 0.009550 0.000517 0.003074 0.016102 
03:   0.001978 0.040655 0.009490 0.000526 0.003074 0.016110 
04:   0.001925 0.040649 0.009552 0.000539 0.003076 0.016128 
05:   0.001961 0.040587 0.009533 0.000508 0.003077 0.016112 
06:   0.001963 0.040588 0.009496 0.000534 0.003070 0.016120 
07:   0.001845 0.040587 0.009521 0.000503 0.003076 0.016065 
08:   0.002027 0.040712 0.004851 0.000501 0.003107 0.014354 
09:   0.002008 0.040656 0.004883 0.000524 0.003089 0.015292 
10:   0.002010 0.040656 0.004845 0.000513 0.003084 0.015002 
11:   0.002021 0.040656 0.004792 0.000500 0.003106 0.014955 
12:   0.002004 0.040760 0.004829 0.000510 0.003075 0.015048 
13:   0.625856 0.040760 0.004862 0.000502 0.003108 0.014354 
14:   0.001971 0.040724 0.004811 0.000500 0.003106 0.015332 
15:   0.001991 0.040723 0.004873 0.000502 0.003107 0.015034 
/nethome/kalgin/z/mst/run.xeon.sh: line 45: 133241 Killed                  ./turbobust_stub.out $i 16
/nethome/kalgin/z/mst/run.xeon.sh: line 45: 133259 Segmentation fault      (core dumped) ./turbobust_stub.out $i 16
/nethome/kalgin/z/mst/run.xeon.sh: line 60: kill: (133259) - No such process
