threadsCount = 16
loopsCount = 0
7.683
1.495
threadsCount = 1
loopsCount = 0
Done
iterationNumber = 0
iterationNumber = 1
iterationNumber = 2
iterationNumber = 3
iterationNumber = 4
iterationNumber = 5
iterationNumber = 6
iterationNumber = 7
5.032
6.635
iteration  0
00:   0.223111 0.000000 2.064458 0.017666 0.806402 
iteration  1
00:   0.321213 0.000000 0.736882 0.041547 0.290366 
iteration  2
00:   0.409437 0.000000 0.263861 0.039640 0.096962 
iteration  3
00:   0.471904 0.000000 0.152158 0.039974 0.020024 
iteration  4
00:   0.053794 0.000000 0.113642 0.037242 0.008474 
iteration  5
00:   0.013171 0.000000 0.103210 0.024967 0.005774 
iteration  6
00:   0.008313 0.000000 0.101569 0.019691 0.005344 
iteration  7
00:   0.007636 0.000000 0.101487 0.010640 0.005411 
threadsCount = 2
loopsCount = 0
Done
iterationNumber = 0
iterationNumber = 1
iterationNumber = 2
iterationNumber = 3
iterationNumber = 4
iterationNumber = 5
iterationNumber = 6
iterationNumber = 7
2.932
4.274
iteration  0
00:   0.124032 0.000000 1.437478 0.009157 0.510012 
01:   0.116258 0.000000 1.420942 0.009089 0.468239 
iteration  1
00:   0.179536 0.000000 0.484386 0.023147 0.218335 
01:   0.206066 0.000000 0.479430 0.022943 0.222704 
iteration  2
00:   0.226866 0.000000 0.164373 0.021798 0.077754 
01:   0.212542 0.000000 0.160603 0.021448 0.080686 
iteration  3
00:   0.263981 0.000000 0.089342 0.023730 0.010999 
01:   0.248878 0.000000 0.088442 0.020891 0.010997 
iteration  4
00:   0.029578 0.000000 0.065864 0.020978 0.004530 
01:   0.028095 0.000000 0.065440 0.019331 0.004361 
iteration  5
00:   0.007424 0.000000 0.059823 0.015037 0.003066 
01:   0.006978 0.000000 0.059309 0.013200 0.003008 
iteration  6
00:   0.004643 0.000000 0.058662 0.010537 0.002916 
01:   0.004462 0.000000 0.058245 0.010404 0.002759 
iteration  7
00:   0.005380 0.000000 0.059245 0.005643 0.002838 
01:   0.003996 0.000000 0.058868 0.005544 0.002744 
/nethome/kalgin/z/mst/run.xeon.sh: line 45: 63269 Killed                  ./turbobust_stub.out $i 16
threadsCount = 4
loopsCount = 0
Done
iterationNumber = 0
iterationNumber = 1
iterationNumber = 2
iterationNumber = 3
iterationNumber = 4
iterationNumber = 5
iterationNumber = 6
iterationNumber = 7
1.660
2.612
iteration  0
00:   0.066208 0.000000 0.930847 0.004715 0.295875 
01:   0.062023 0.000000 0.908731 0.004582 0.279860 
02:   0.061792 0.000000 0.913541 0.004575 0.272062 
03:   0.062340 0.000000 0.911742 0.004579 0.267567 
iteration  1
00:   0.091200 0.000000 0.291500 0.011517 0.142223 
01:   0.088290 0.000000 0.296379 0.011554 0.147372 
02:   0.085841 0.000000 0.299341 0.011572 0.146549 
03:   0.084627 0.000000 0.297266 0.011577 0.144429 
iteration  2
00:   0.116935 0.000000 0.101618 0.010779 0.056358 
01:   0.114845 0.000000 0.102054 0.010742 0.061445 
02:   0.115035 0.000000 0.102302 0.010757 0.061513 
03:   0.113128 0.000000 0.102084 0.010761 0.061222 
iteration  3
00:   0.138553 0.000000 0.061651 0.010389 0.005952 
01:   0.139505 0.000000 0.061957 0.010434 0.006097 
02:   0.137935 0.000000 0.061928 0.010449 0.005898 
03:   0.138295 0.000000 0.061835 0.010467 0.005973 
iteration  4
00:   0.015901 0.000000 0.047911 0.009532 0.002230 
01:   0.015852 0.000000 0.047947 0.009552 0.002210 
02:   0.015441 0.000000 0.047933 0.009574 0.002194 
03:   0.015385 0.000000 0.047961 0.009581 0.002219 
iteration  5
00:   0.004090 0.000000 0.044760 0.006508 0.001530 
01:   0.003996 0.000000 0.044770 0.006533 0.001518 
02:   0.003998 0.000000 0.044823 0.006545 0.001522 
03:   0.004022 0.000000 0.044820 0.006564 0.001505 
iteration  6
00:   0.002782 0.000000 0.044138 0.005166 0.001437 
01:   0.002780 0.000000 0.044166 0.005241 0.001425 
02:   0.002785 0.000000 0.044175 0.005184 0.001417 
03:   0.002779 0.000000 0.044137 0.005174 0.001433 
iteration  7
00:   0.002464 0.000000 0.044496 0.002970 0.001445 
01:   0.002486 0.000000 0.044539 0.002983 0.001448 
02:   0.002490 0.000000 0.044482 0.002923 0.001442 
03:   0.002488 0.000000 0.044462 0.002910 0.001442 
/nethome/kalgin/z/mst/run.xeon.sh: line 45: 63287 Killed                  ./turbobust_stub.out $i 16
threadsCount = 8
loopsCount = 0
Done
iterationNumber = 0
iterationNumber = 1
iterationNumber = 2
iterationNumber = 3
iterationNumber = 4
iterationNumber = 5
iterationNumber = 6
iterationNumber = 7
1.168
2.061
iteration  0
00:   0.037159 0.000000 0.579485 0.002392 0.172414 
01:   0.036983 0.000000 0.587240 0.002394 0.182881 
02:   0.036752 0.000000 0.589403 0.002393 0.178459 
03:   0.037131 0.000000 0.591487 0.002393 0.176952 
04:   0.037226 0.000000 0.593551 0.002393 0.176763 
05:   0.036840 0.000000 0.592808 0.002395 0.175709 
06:   0.037052 0.000000 0.593525 0.002393 0.175572 
07:   0.037461 0.000000 0.592877 0.002394 0.174147 
iteration  1
00:   0.054413 0.000000 0.196077 0.005997 0.280620 
01:   0.053189 0.000000 0.197153 0.005997 0.306980 
02:   0.052743 0.000000 0.196987 0.005995 0.306639 
03:   0.051951 0.000000 0.197997 0.005999 0.306986 
04:   0.051646 0.000000 0.198570 0.005998 0.307497 
05:   0.051165 0.000000 0.198724 0.005986 0.307987 
06:   0.050810 0.000000 0.197918 0.005996 0.306088 
07:   0.050713 0.000000 0.198355 0.005990 0.306454 
iteration  2
00:   0.073930 0.000000 0.076263 0.006296 0.123694 
01:   0.072895 0.000000 0.075949 0.006295 0.140929 
02:   0.072723 0.000000 0.076230 0.006290 0.142435 
03:   0.071518 0.000000 0.076269 0.006294 0.142187 
04:   0.072031 0.000000 0.076318 0.006294 0.140808 
05:   0.072188 0.000000 0.076538 0.006286 0.142120 
06:   0.070976 0.000000 0.076318 0.006298 0.142336 
07:   0.071580 0.000000 0.076142 0.006295 0.141631 
iteration  3
00:   0.087851 0.000000 0.051807 0.006052 0.003652 
01:   0.086756 0.000000 0.052019 0.006059 0.003904 
02:   0.087920 0.000000 0.052065 0.006057 0.003826 
03:   0.087728 0.000000 0.052140 0.006061 0.003894 
04:   0.085996 0.000000 0.051970 0.006065 0.003727 
05:   0.087386 0.000000 0.052033 0.006063 0.003896 
06:   0.087959 0.000000 0.051917 0.006063 0.003864 
07:   0.086327 0.000000 0.051976 0.006064 0.003870 
iteration  4
00:   0.010325 0.000000 0.044263 0.005519 0.001266 
01:   0.010319 0.000000 0.044286 0.005524 0.001307 
02:   0.010105 0.000000 0.044202 0.005523 0.001273 
03:   0.010404 0.000000 0.044221 0.005536 0.001255 
04:   0.009994 0.000000 0.044313 0.005522 0.001286 
05:   0.010019 0.000000 0.044168 0.005527 0.001242 
06:   0.009986 0.000000 0.044280 0.005525 0.001292 
07:   0.010039 0.000000 0.044277 0.005531 0.001302 
iteration  5
00:   0.003154 0.000000 0.042491 0.003769 0.000888 
01:   0.003216 0.000000 0.042512 0.003774 0.000894 
02:   0.003143 0.000000 0.042547 0.003775 0.000886 
03:   0.003114 0.000000 0.042518 0.003773 0.000881 
04:   0.003173 0.000000 0.042506 0.003768 0.000891 
05:   0.003026 0.000000 0.042418 0.003774 0.000880 
06:   0.003153 0.000000 0.042325 0.003778 0.000871 
07:   0.003137 0.000000 0.042455 0.003776 0.000904 
iteration  6
00:   0.002401 0.000000 0.042861 0.003062 0.000808 
01:   0.002464 0.000000 0.042941 0.003064 0.000828 
02:   0.002451 0.000000 0.042938 0.003060 0.000839 
03:   0.002448 0.000000 0.042917 0.003063 0.000828 
04:   0.002442 0.000000 0.042804 0.003062 0.000823 
05:   0.002436 0.000000 0.042846 0.003062 0.000834 
06:   0.002385 0.000000 0.042836 0.003066 0.000833 
07:   0.002457 0.000000 0.042882 0.003053 0.000823 
iteration  7
00:   0.002064 0.000000 0.042482 0.001613 0.000742 
01:   0.002141 0.000000 0.042591 0.001614 0.000780 
02:   0.002126 0.000000 0.042533 0.001614 0.000776 
03:   0.002101 0.000000 0.042453 0.001608 0.000760 
04:   0.002119 0.000000 0.042557 0.001614 0.000762 
05:   0.002117 0.000000 0.042499 0.001610 0.000766 
06:   0.002100 0.000000 0.042506 0.001609 0.000774 
07:   0.002117 0.000000 0.042503 0.001610 0.000784 
/nethome/kalgin/z/mst/run.xeon.sh: line 45: 63305 Killed                  ./turbobust_stub.out $i 16
threadsCount = 16
loopsCount = 0
Done
iterationNumber = 0
iterationNumber = 1
iterationNumber = 2
iterationNumber = 3
iterationNumber = 4
iterationNumber = 5
iterationNumber = 6
iterationNumber = 7
0.897
2.391
iteration  0
00:   0.022362 0.000000 0.467942 0.001966 0.385532 
01:   0.022519 0.000000 0.474459 0.001965 0.515134 
02:   0.022524 0.000000 0.475334 0.001962 0.521473 
03:   0.022494 0.000000 0.475596 0.001961 0.523980 
04:   0.022535 0.000000 0.477518 0.001961 0.527701 
05:   0.022474 0.000000 0.477325 0.001960 0.528152 
06:   0.022388 0.000000 0.477599 0.001961 0.530865 
07:   0.022288 0.000000 0.479414 0.001963 0.535373 
08:   0.019802 0.000000 0.409944 0.001974 0.548532 
09:   0.019785 0.000000 0.409883 0.001972 0.550070 
10:   0.019693 0.000000 0.410303 0.001974 0.549948 
11:   0.019503 0.000000 0.409705 0.001974 0.551679 
12:   0.019734 0.000000 0.410160 0.001965 0.552273 
13:   0.019771 0.000000 0.409834 0.001972 0.552342 
14:   0.019586 0.000000 0.408117 0.001969 0.551507 
15:   0.020224 0.000001 0.407753 0.001972 0.552257 
iteration  1
00:   0.035211 0.000000 0.160027 0.006413 0.374330 
01:   0.035473 0.000000 0.159311 0.006420 0.430127 
02:   0.034990 0.000000 0.160704 0.006404 0.438575 
03:   0.034694 0.000000 0.160224 0.006440 0.440131 
04:   0.034626 0.000000 0.160171 0.006394 0.439573 
05:   0.034388 0.000000 0.162247 0.006434 0.445439 
06:   0.034013 0.000000 0.161476 0.006401 0.440841 
07:   0.033922 0.000000 0.161691 0.006419 0.444178 
08:   0.029537 0.000001 0.144705 0.006411 0.452761 
09:   0.029463 0.000001 0.144077 0.006402 0.452951 
10:   0.029053 0.000001 0.144199 0.006443 0.453320 
11:   0.028996 0.000000 0.144492 0.006449 0.455099 
12:   0.028942 0.000000 0.144129 0.006463 0.450607 
13:   0.028787 0.000000 0.144202 0.006426 0.452461 
14:   0.028683 0.000000 0.143659 0.006444 0.452381 
15:   0.028704 0.000000 0.143806 0.006411 0.453243 
iteration  2
00:   0.045940 0.000000 0.067341 0.005329 0.168072 
01:   0.045022 0.000000 0.067215 0.005333 0.198501 
02:   0.044967 0.000000 0.067128 0.005330 0.196162 
03:   0.044197 0.000000 0.066991 0.005341 0.198175 
04:   0.044277 0.000000 0.067216 0.005329 0.197431 
05:   0.044757 0.000000 0.067275 0.005336 0.201893 
06:   0.043719 0.000000 0.067080 0.005339 0.198364 
07:   0.044054 0.000000 0.067387 0.005347 0.202537 
08:   0.039747 0.000001 0.062461 0.005330 0.201756 
09:   0.039720 0.000000 0.062143 0.005316 0.200836 
10:   0.039775 0.000000 0.062384 0.005316 0.202236 
11:   0.039591 0.000000 0.062425 0.005312 0.203028 
12:   0.038530 0.000000 0.062401 0.005343 0.203675 
13:   0.039243 0.000001 0.062361 0.005312 0.203296 
14:   0.039341 0.000000 0.061991 0.005338 0.200801 
15:   0.039002 0.000000 0.062119 0.005326 0.201759 
iteration  3
00:   0.055766 0.000000 0.051975 0.004282 0.002989 
01:   0.055533 0.000000 0.052133 0.004271 0.004099 
02:   0.055206 0.000000 0.052107 0.004271 0.003874 
03:   0.054636 0.000000 0.051977 0.004274 0.003831 
04:   0.055094 0.000000 0.052174 0.004273 0.003462 
05:   0.056007 0.000000 0.052128 0.004299 0.003820 
06:   0.055617 0.000000 0.052151 0.004280 0.003952 
07:   0.055309 0.000000 0.052227 0.004302 0.004009 
08:   0.051694 0.000000 0.047970 0.004280 0.003612 
09:   0.050050 0.000000 0.047688 0.004266 0.003485 
10:   0.051347 0.000000 0.047855 0.004258 0.003808 
11:   0.051457 0.000000 0.047805 0.004320 0.003725 
12:   0.051860 0.000000 0.047884 0.004260 0.003797 
13:   0.051395 0.000000 0.047817 0.004294 0.003751 
14:   0.050888 0.000000 0.047775 0.004268 0.003869 
15:   0.050191 0.000000 0.047783 0.004258 0.003783 
iteration  4
00:   0.006641 0.000000 0.048344 0.003496 0.000752 
01:   0.007139 0.000000 0.048444 0.003483 0.000775 
02:   0.007097 0.000000 0.048516 0.003486 0.000809 
03:   0.006760 0.000000 0.048438 0.003534 0.000785 
04:   0.006837 0.000000 0.048398 0.003469 0.000790 
05:   0.006753 0.000000 0.048355 0.003473 0.000762 
06:   0.006973 0.000000 0.048399 0.003469 0.000771 
07:   0.007047 0.000000 0.048429 0.003466 0.000768 
08:   0.005537 0.000000 0.043832 0.003470 0.000651 
09:   0.005594 0.000000 0.043911 0.003476 0.000642 
10:   0.005640 0.000000 0.043696 0.003553 0.000633 
11:   0.005469 0.000000 0.043683 0.003492 0.000613 
12:   0.005601 0.000000 0.043724 0.003488 0.000651 
13:   0.005412 0.000000 0.043737 0.003540 0.000646 
14:   0.005651 0.000000 0.043750 0.003489 0.000646 
15:   0.005425 0.000000 0.043755 0.003489 0.000633 
iteration  5
00:   0.001771 0.000000 0.048004 0.002498 0.000534 
01:   0.001805 0.000000 0.047997 0.002464 0.000528 
02:   0.001870 0.000000 0.048007 0.002452 0.000550 
03:   0.001805 0.000000 0.047984 0.002494 0.000544 
04:   0.001791 0.000000 0.047952 0.002432 0.000539 
05:   0.001742 0.000000 0.047948 0.002495 0.000534 
06:   0.001754 0.000000 0.047947 0.002447 0.000530 
07:   0.001859 0.000000 0.047993 0.002479 0.000544 
08:   0.001659 0.000000 0.043284 0.002470 0.000440 
09:   0.001674 0.000000 0.043293 0.002453 0.000420 
10:   0.001599 0.000000 0.043245 0.002439 0.000423 
11:   0.001557 0.000000 0.043215 0.002494 0.000418 
12:   0.001671 0.000000 0.043208 0.002455 0.000414 
13:   0.001648 0.000000 0.043224 0.002467 0.000420 
14:   0.001649 0.000000 0.043278 0.002470 0.000432 
15:   0.001630 0.000000 0.043182 0.002467 0.000433 
iteration  6
00:   0.001141 0.000000 0.048233 0.001930 0.000518 
01:   0.001135 0.000000 0.048194 0.001903 0.000509 
02:   0.001168 0.000000 0.048203 0.001890 0.000520 
03:   0.001149 0.000000 0.048182 0.001907 0.000513 
04:   0.001148 0.000000 0.048154 0.001911 0.000521 
05:   0.001141 0.000000 0.048172 0.001932 0.000518 
06:   0.001127 0.000000 0.048174 0.001895 0.000517 
07:   0.001201 0.000000 0.048169 0.001928 0.000507 
08:   0.001115 0.000000 0.043368 0.001938 0.000409 
09:   0.001102 0.000000 0.043348 0.001913 0.000400 
10:   0.001080 0.000000 0.043290 0.001948 0.000409 
11:   0.001067 0.000000 0.043325 0.001950 0.000399 
12:   0.001072 0.000000 0.043315 0.001928 0.000404 
13:   0.001069 0.000000 0.043330 0.001896 0.000410 
14:   0.001127 0.000000 0.043301 0.001912 0.000409 
15:   0.001078 0.000000 0.043324 0.001948 0.000408 
iteration  7
00:   0.000938 0.000000 0.047701 0.001144 0.000473 
01:   0.000954 0.000000 0.047684 0.001153 0.000478 
02:   0.000952 0.000000 0.047708 0.001156 0.000490 
03:   0.000963 0.000000 0.047675 0.001159 0.000495 
04:   0.000954 0.000000 0.047605 0.001157 0.000489 
05:   0.000956 0.000000 0.047630 0.001156 0.000497 
06:   0.000920 0.000000 0.047694 0.001155 0.000485 
07:   0.001004 0.000000 0.047661 0.001149 0.000474 
08:   0.000910 0.000000 0.043007 0.001081 0.000413 
09:   0.000886 0.000000 0.043003 0.001083 0.000407 
10:   0.000888 0.000000 0.042949 0.001082 0.000412 
11:   0.000899 0.000000 0.042899 0.001083 0.000412 
12:   0.000894 0.000000 0.042921 0.001082 0.000409 
13:   0.000894 0.000000 0.042947 0.001084 0.000415 
14:   0.000813 0.000000 0.042909 0.001092 0.000415 
15:   0.000911 0.000000 0.042954 0.001083 0.000409 
/nethome/kalgin/z/mst/run.xeon.sh: line 45: 63323 Killed                  ./turbobust_stub.out $i 16
/nethome/kalgin/z/mst/run.xeon.sh: line 45: 63341 Segmentation fault      (core dumped) ./turbobust_stub.out $i 16
/nethome/kalgin/z/mst/run.xeon.sh: line 60: kill: (63341) - No such process
