threadsCount = 16
loopsCount = 62
15.818
3.280
threadsCount = 1
loopsCount = 62
Done
iterationNumber = 0
iterationNumber = 1
iterationNumber = 2
iterationNumber = 3
iterationNumber = 4
iterationNumber = 5
iterationNumber = 6
iterationNumber = 7
iterationNumber = 8
iterationNumber = 9
3.197
59.741
iteration  0
00:   2.875866 0.717500 1.482723 0.019021 0.271519 4.659468 
iteration  1
00:   2.854052 0.329229 0.464200 0.046071 0.075987 4.219294 
iteration  2
00:   2.809809 0.126552 0.126538 0.034351 0.022735 3.951828 
iteration  3
00:   2.792502 0.083684 0.052237 0.029291 0.010682 3.788045 
iteration  4
00:   2.661336 0.071640 0.036361 0.022909 0.007964 3.732924 
iteration  5
00:   2.652631 0.070372 0.034312 0.020140 0.007562 3.681466 
iteration  6
00:   2.606425 0.070316 0.033975 0.021721 0.007564 3.304039 
iteration  7
00:   2.400945 0.070229 0.033844 0.017526 0.007567 3.171744 
iteration  8
00:   1.216824 0.070279 0.033855 0.028485 0.007580 0.824908 
iteration  9
00:   0.715092 0.070436 0.033851 0.005642 0.007551 0.012849 
threadsCount = 2
loopsCount = 62
Done
iterationNumber = 0
iterationNumber = 1
iterationNumber = 2
iterationNumber = 3
iterationNumber = 4
iterationNumber = 5
iterationNumber = 6
iterationNumber = 7
iterationNumber = 8
1.796
30.308
iteration  0
00:   1.504494 0.376547 1.054145 0.028679 0.681908 2.415606 
01:   1.498094 0.375991 1.084050 0.028661 0.681892 2.412624 
iteration  1
00:   1.435984 0.167381 0.314864 0.033100 0.169962 2.140193 
01:   1.430920 0.167257 0.319023 0.033135 0.169974 2.140316 
iteration  2
00:   1.412661 0.066059 0.080643 0.028140 0.031131 2.038911 
01:   1.408975 0.065942 0.080359 0.028163 0.031126 2.038760 
iteration  3
00:   1.403963 0.045010 0.029281 0.023710 0.006925 2.005955 
01:   1.400308 0.045017 0.028984 0.023758 0.006923 2.007097 
iteration  4
00:   1.403569 0.040744 0.019493 0.019701 0.004551 1.991894 
01:   1.394845 0.040733 0.019455 0.019717 0.004547 1.996101 
iteration  5
00:   1.396235 0.040314 0.017748 0.017769 0.004166 1.837749 
01:   1.394859 0.040315 0.017781 0.017813 0.004169 1.646647 
iteration  6
00:   1.400109 0.040204 0.017950 0.018395 0.004084 0.985454 
01:   1.290438 0.040203 0.017913 0.018438 0.004087 1.133406 
iteration  7
00:   0.820080 0.040336 0.017899 0.008332 0.004013 0.007811 
01:   1.593077 0.040337 0.017888 0.008290 0.004016 1.360081 
iteration  8
00:   0.003684 0.040447 0.017683 0.002865 0.003940 0.008098 
01:   0.003691 0.040447 0.017671 0.002864 0.003943 0.009124 
/nethome/kalgin/z/mst/run.rand.sh: line 47: 34949 Killed                  ./turbobust_stub.out $i 16
threadsCount = 4
loopsCount = 62
Done
iterationNumber = 0
iterationNumber = 1
iterationNumber = 2
iterationNumber = 3
iterationNumber = 4
iterationNumber = 5
iterationNumber = 6
iterationNumber = 7
iterationNumber = 8
1.304
20.884
iteration  0
00:   0.820535 0.213952 0.714154 0.015529 1.020377 1.445664 
01:   0.818945 0.213839 0.729538 0.015525 1.020329 1.444321 
02:   0.816590 0.213815 0.733160 0.015536 1.020368 1.440658 
03:   0.816719 0.213594 0.732407 0.015504 1.020349 1.435467 
iteration  1
00:   0.785714 0.100398 0.211630 0.017498 0.263574 1.293878 
01:   0.782014 0.100285 0.213235 0.017515 0.263563 1.293681 
02:   0.779959 0.100372 0.212459 0.017560 0.263564 1.292347 
03:   0.777523 0.100211 0.212590 0.017529 0.263558 1.292024 
iteration  2
00:   0.773137 0.048221 0.052863 0.015329 0.052950 1.237154 
01:   0.771988 0.048240 0.053060 0.015387 0.052952 1.236929 
02:   0.768111 0.048198 0.052899 0.015411 0.052951 1.233849 
03:   0.766437 0.048196 0.053109 0.015370 0.052944 1.230267 
iteration  3
00:   0.768536 0.037433 0.017729 0.013092 0.007642 1.222139 
01:   0.766330 0.037408 0.017598 0.013098 0.007640 1.222814 
02:   0.765462 0.037418 0.017814 0.013127 0.007640 1.220357 
03:   0.762065 0.037424 0.017898 0.013165 0.007637 1.218596 
iteration  4
00:   0.768534 0.035789 0.011234 0.010785 0.002934 1.219814 
01:   0.767487 0.035794 0.011083 0.010777 0.002937 1.217391 
02:   0.764185 0.035791 0.011115 0.010768 0.002937 1.210224 
03:   0.761772 0.035788 0.011020 0.010762 0.002936 1.209555 
iteration  5
00:   0.767830 0.035166 0.010064 0.009940 0.002687 0.940465 
01:   0.763520 0.035165 0.010019 0.009930 0.002687 0.710389 
02:   0.760327 0.035166 0.010078 0.009933 0.002686 0.954660 
03:   0.756801 0.035165 0.010067 0.009954 0.002685 1.135187 
iteration  6
00:   0.703304 0.035110 0.010335 0.009448 0.002685 0.524078 
01:   0.711403 0.035109 0.010184 0.009466 0.002688 0.581033 
02:   0.672648 0.035109 0.010174 0.009483 0.002688 0.356232 
03:   0.753887 0.035110 0.010129 0.009495 0.002688 0.494866 
iteration  7
00:   0.097475 0.035058 0.009946 0.009118 0.002612 1.319929 
01:   1.419573 0.035059 0.009784 0.009133 0.002613 0.056215 
02:   0.145927 0.035031 0.009869 0.009137 0.002612 0.177884 
03:   0.342275 0.035030 0.009874 0.009122 0.002609 0.233546 
iteration  8
00:   0.002768 0.035298 0.010025 0.001473 0.002622 0.006151 
01:   1.263640 0.035298 0.010040 0.001481 0.002622 0.006520 
02:   0.002747 0.035267 0.010013 0.001481 0.002622 0.006155 
03:   0.002762 0.035267 0.010005 0.001472 0.002619 0.006195 
/nethome/kalgin/z/mst/run.rand.sh: line 47: 34968 Killed                  ./turbobust_stub.out $i 16
threadsCount = 8
loopsCount = 62
Done
iterationNumber = 0
iterationNumber = 1
iterationNumber = 2
iterationNumber = 3
iterationNumber = 4
iterationNumber = 5
iterationNumber = 6
iterationNumber = 7
iterationNumber = 8
0.921
16.566
iteration  0
00:   0.471381 0.140332 0.458207 0.007660 0.861205 1.132847 
01:   0.471438 0.140190 0.461295 0.007658 0.861198 1.132740 
02:   0.469437 0.140304 0.466873 0.007657 0.861159 1.132650 
03:   0.468353 0.140117 0.467197 0.007659 0.861149 1.132697 
04:   0.469073 0.140149 0.466862 0.007658 0.861190 1.130727 
05:   0.467974 0.140215 0.466072 0.007658 0.861119 1.126194 
06:   0.469520 0.140158 0.470651 0.007642 0.861085 1.127998 
07:   0.472151 0.140210 0.472247 0.007669 0.861030 1.122853 
iteration  1
00:   0.452555 0.071061 0.137020 0.009171 0.219272 1.045787 
01:   0.453437 0.071087 0.136939 0.009174 0.219268 1.045666 
02:   0.451013 0.071007 0.138223 0.009182 0.219290 1.045712 
03:   0.451178 0.071014 0.138718 0.009158 0.219272 1.045617 
04:   0.449782 0.071034 0.139036 0.009179 0.219285 1.045782 
05:   0.451444 0.071055 0.138201 0.009184 0.219269 1.043526 
06:   0.450514 0.071054 0.138791 0.009180 0.219247 1.043245 
07:   0.450674 0.070988 0.138371 0.009172 0.219253 1.042788 
iteration  2
00:   0.446777 0.043523 0.035376 0.008010 0.045977 1.017156 
01:   0.445424 0.043541 0.034669 0.007997 0.045965 1.015986 
02:   0.444572 0.043515 0.035183 0.008001 0.045976 1.017177 
03:   0.443184 0.043521 0.035399 0.008003 0.045976 1.017066 
04:   0.442872 0.043520 0.034954 0.008006 0.045968 1.015955 
05:   0.444237 0.043492 0.035156 0.008002 0.045965 1.015985 
06:   0.443815 0.043535 0.035610 0.007999 0.045975 1.016052 
07:   0.443495 0.043517 0.035416 0.007999 0.045978 1.013275 
iteration  3
00:   0.446658 0.037595 0.011869 0.008587 0.008564 1.007866 
01:   0.444863 0.037595 0.011803 0.008582 0.008563 1.010454 
02:   0.444665 0.037588 0.011796 0.008585 0.008563 1.013843 
03:   0.443217 0.037592 0.011814 0.008587 0.008564 1.015788 
04:   0.442201 0.037598 0.011585 0.008586 0.008562 1.007775 
05:   0.442765 0.037598 0.011414 0.008255 0.008565 1.007915 
06:   0.443214 0.037595 0.011587 0.008561 0.008556 1.000497 
07:   0.441635 0.037593 0.011898 0.008595 0.008569 1.002159 
iteration  4
00:   0.443130 0.036804 0.007882 0.005603 0.002709 1.039513 
01:   0.444136 0.036805 0.007809 0.005605 0.002706 0.988457 
02:   0.445580 0.036806 0.007845 0.005599 0.002708 0.999548 
03:   0.446840 0.036807 0.007949 0.005590 0.002707 0.996585 
04:   0.441117 0.036807 0.007790 0.005604 0.002709 1.017414 
05:   0.440917 0.036803 0.007541 0.005606 0.002710 0.992927 
06:   0.440014 0.036802 0.007881 0.005613 0.002703 0.983643 
07:   0.441839 0.036804 0.007711 0.005600 0.002711 0.993996 
iteration  5
00:   0.468839 0.036345 0.007340 0.005041 0.002575 0.656520 
01:   0.432369 0.036344 0.007400 0.005052 0.002582 0.782468 
02:   0.438799 0.036344 0.007329 0.005055 0.002580 0.802062 
03:   0.436161 0.036344 0.007357 0.005055 0.002581 0.709438 
04:   0.451106 0.036344 0.007312 0.005045 0.002585 0.763081 
05:   0.437278 0.036343 0.007208 0.005050 0.002580 0.776006 
06:   0.430787 0.036343 0.007244 0.005050 0.002582 0.647629 
07:   0.439436 0.036344 0.007239 0.005044 0.002581 0.842120 
iteration  6
00:   0.364589 0.036440 0.007360 0.002083 0.002724 0.583273 
01:   0.372498 0.036439 0.007418 0.002088 0.002722 0.371538 
02:   0.375093 0.036439 0.007388 0.002077 0.002719 0.531248 
03:   0.451170 0.036440 0.007349 0.002080 0.002722 0.538775 
04:   0.309375 0.036440 0.007381 0.002087 0.002720 0.515072 
05:   0.374623 0.036439 0.007284 0.002089 0.002722 0.651883 
06:   0.513716 0.036440 0.007343 0.002085 0.002723 0.504778 
07:   0.411606 0.036440 0.007334 0.002082 0.002724 0.559437 
iteration  7
00:   0.126358 0.036354 0.007588 0.003031 0.002710 0.007329 
01:   0.002613 0.036305 0.007579 0.003030 0.002710 0.037995 
02:   1.170444 0.036356 0.007494 0.003030 0.002711 0.007852 
03:   0.002603 0.036303 0.007514 0.003030 0.002714 1.540045 
04:   0.051155 0.036294 0.007642 0.003022 0.002710 0.057528 
05:   0.021582 0.036242 0.007476 0.003027 0.002711 0.007682 
06:   0.002602 0.036241 0.007428 0.003034 0.002714 0.020875 
07:   0.002581 0.036240 0.007480 0.003034 0.002709 0.031890 
iteration  8
00:   0.003568 0.036262 0.007561 0.000763 0.002658 0.007959 
01:   0.003583 0.036208 0.007563 0.000761 0.002659 0.009093 
02:   0.003576 0.036207 0.007487 0.000763 0.002672 0.008681 
03:   0.003583 0.036205 0.007482 0.000762 0.002671 0.009122 
04:   1.230282 0.036263 0.007546 0.000753 0.002671 0.009063 
05:   0.003575 0.036204 0.007413 0.000761 0.002654 0.008586 
06:   0.003526 0.036204 0.007461 0.000764 0.002662 0.009101 
07:   0.003556 0.036203 0.007323 0.000762 0.002671 0.008207 
/nethome/kalgin/z/mst/run.rand.sh: line 47: 34986 Killed                  ./turbobust_stub.out $i 16
threadsCount = 16
loopsCount = 62
Done
iterationNumber = 0
iterationNumber = 1
iterationNumber = 2
iterationNumber = 3
iterationNumber = 4
iterationNumber = 5
iterationNumber = 6
iterationNumber = 7
iterationNumber = 8
0.681
13.183
iteration  0
00:   0.335281 0.126110 0.357442 0.006924 1.396985 0.673846 
01:   0.294728 0.125875 0.331748 0.006921 1.396913 0.662806 
02:   0.296750 0.126155 0.333314 0.006917 1.396989 0.665224 
03:   0.294156 0.125991 0.335358 0.006938 1.396975 0.662115 
04:   0.334451 0.126153 0.367883 0.006914 1.397001 0.672213 
05:   0.293498 0.125988 0.335688 0.006919 1.396978 0.660339 
06:   0.333264 0.125906 0.367329 0.006919 1.396993 0.672195 
07:   0.332959 0.125906 0.369062 0.006918 1.396974 0.672183 
08:   0.234991 0.115229 0.290997 0.006897 1.393502 0.606291 
09:   0.255718 0.115162 0.316478 0.006916 1.393555 0.606170 
10:   0.256196 0.115269 0.315812 0.006906 1.393439 0.603451 
11:   0.255414 0.115403 0.314861 0.006929 1.393468 0.605904 
12:   0.254338 0.115302 0.316497 0.006908 1.393517 0.605942 
13:   0.233236 0.115264 0.289111 0.006915 1.393442 0.606202 
14:   0.233174 0.115146 0.291619 0.006900 1.393483 0.606243 
15:   0.237680 0.115200 0.289079 0.006920 1.393514 0.605704 
iteration  1
00:   0.267735 0.064157 0.110521 0.009732 0.336314 0.614102 
01:   0.267458 0.064036 0.101443 0.009700 0.336316 0.614429 
02:   0.268111 0.064037 0.101830 0.009720 0.336299 0.614910 
03:   0.266593 0.064102 0.101724 0.009713 0.336280 0.614342 
04:   0.267147 0.063955 0.112645 0.009722 0.336270 0.614174 
05:   0.266365 0.064079 0.102333 0.009739 0.336299 0.612979 
06:   0.266048 0.063981 0.112377 0.009741 0.336303 0.611580 
07:   0.265958 0.064066 0.112721 0.009762 0.336296 0.610003 
08:   0.230321 0.061830 0.089666 0.009772 0.335574 0.578038 
09:   0.230359 0.061843 0.096165 0.009777 0.335585 0.575686 
10:   0.230230 0.061926 0.096786 0.009739 0.335591 0.577987 
11:   0.228713 0.061894 0.096469 0.009713 0.335573 0.577969 
12:   0.228714 0.061899 0.096930 0.009733 0.335585 0.578077 
13:   0.228144 0.061904 0.089458 0.009724 0.335576 0.578064 
14:   0.228731 0.061530 0.089912 0.009775 0.335583 0.577875 
15:   0.228677 0.061830 0.090115 0.009716 0.335653 0.575477 
iteration  2
00:   0.262981 0.044200 0.029100 0.007114 0.063829 0.589669 
01:   0.263662 0.044201 0.026362 0.007048 0.063820 0.589726 
02:   0.264392 0.044248 0.026111 0.007001 0.063822 0.589774 
03:   0.263518 0.044191 0.026002 0.007031 0.063855 0.591198 
04:   0.263791 0.044179 0.029426 0.007007 0.063832 0.589871 
05:   0.262689 0.044190 0.026687 0.007090 0.063831 0.586826 
06:   0.262468 0.044203 0.029179 0.007037 0.063838 0.588771 
07:   0.261649 0.044220 0.029049 0.007088 0.063864 0.585933 
08:   0.227506 0.043939 0.023112 0.007027 0.063756 0.547805 
09:   0.224758 0.043962 0.024105 0.007032 0.063790 0.547883 
10:   0.226059 0.043960 0.023986 0.007021 0.063764 0.547818 
11:   0.225511 0.043971 0.024470 0.007026 0.063773 0.548030 
12:   0.225566 0.043964 0.023974 0.007021 0.063807 0.548073 
13:   0.225883 0.043960 0.022846 0.007028 0.063740 0.548517 
14:   0.225386 0.043902 0.022853 0.007013 0.063767 0.547811 
15:   0.226310 0.043951 0.022785 0.007009 0.063765 0.545179 
iteration  3
00:   0.261926 0.040502 0.011922 0.004352 0.011081 0.578579 
01:   0.262294 0.040510 0.011037 0.004321 0.011099 0.579224 
02:   0.263055 0.040500 0.011132 0.004281 0.011102 0.579868 
03:   0.262336 0.040509 0.011187 0.004305 0.011066 0.580941 
04:   0.263114 0.040505 0.011903 0.004271 0.011090 0.578035 
05:   0.260790 0.040505 0.011101 0.004312 0.011106 0.575496 
06:   0.261865 0.040505 0.011915 0.004319 0.011102 0.572956 
07:   0.260849 0.040498 0.012040 0.004322 0.011092 0.577567 
08:   0.226137 0.040487 0.007812 0.004307 0.011059 0.536901 
09:   0.225665 0.040488 0.007760 0.004310 0.011080 0.542448 
10:   0.226207 0.040488 0.007705 0.004306 0.011083 0.530901 
11:   0.224464 0.040487 0.007754 0.004368 0.011094 0.538760 
12:   0.224673 0.040489 0.007623 0.004320 0.011095 0.539273 
13:   0.226266 0.040489 0.007519 0.004332 0.011056 0.541612 
14:   0.226159 0.040487 0.007401 0.004305 0.011070 0.540249 
15:   0.225419 0.040489 0.007606 0.004329 0.011093 0.541204 
iteration  4
00:   0.263701 0.040078 0.009808 0.003100 0.003070 0.561898 
01:   0.263821 0.040078 0.009712 0.003086 0.003065 0.622164 
02:   0.264073 0.040078 0.009657 0.003056 0.003069 0.580285 
03:   0.265524 0.040079 0.009594 0.003116 0.003068 0.549426 
04:   0.264667 0.040077 0.009817 0.003072 0.003068 0.602596 
05:   0.262051 0.040076 0.009684 0.003117 0.003107 0.497753 
06:   0.260075 0.040077 0.009786 0.003054 0.003074 0.541976 
07:   0.264202 0.040077 0.009780 0.003064 0.003065 0.607055 
08:   0.224640 0.040076 0.005238 0.003117 0.003079 0.489436 
09:   0.228333 0.040076 0.005158 0.003060 0.003073 0.522639 
10:   0.221815 0.040075 0.005118 0.003072 0.003075 0.456678 
11:   0.225758 0.040077 0.005164 0.003054 0.003066 0.516129 
12:   0.225459 0.040075 0.005090 0.003051 0.003097 0.539893 
13:   0.225668 0.040076 0.005160 0.003056 0.003112 0.498564 
14:   0.226766 0.040076 0.005087 0.003107 0.003070 0.512727 
15:   0.226534 0.040076 0.005175 0.003091 0.003103 0.535586 
iteration  5
00:   0.259957 0.039917 0.009449 0.002567 0.003012 0.486760 
01:   0.303786 0.039917 0.009407 0.002608 0.002993 0.305792 
02:   0.273107 0.039917 0.009369 0.002563 0.002983 0.352933 
03:   0.250485 0.039917 0.009427 0.002585 0.002971 0.476957 
04:   0.289445 0.039917 0.009447 0.002560 0.002974 0.216869 
05:   0.219469 0.039916 0.009344 0.002612 0.002982 0.399573 
06:   0.244782 0.039916 0.009432 0.002554 0.002970 0.229007 
07:   0.292564 0.039916 0.009456 0.002566 0.002986 0.363764 
08:   0.205098 0.039916 0.004882 0.002579 0.002967 0.267173 
09:   0.221119 0.039916 0.004874 0.002568 0.003024 0.430723 
10:   0.189246 0.039916 0.004872 0.002543 0.002979 0.278035 
11:   0.217150 0.039916 0.004887 0.002545 0.003008 0.234133 
12:   0.232093 0.039916 0.004854 0.002567 0.002988 0.315000 
13:   0.208769 0.039916 0.004841 0.002580 0.002970 0.372115 
14:   0.215665 0.039915 0.004838 0.002573 0.002970 0.586367 
15:   0.229695 0.039917 0.004791 0.002553 0.002969 0.491647 
iteration  6
00:   0.273832 0.039810 0.009494 0.002278 0.003001 0.139102 
01:   0.133987 0.039810 0.009490 0.002281 0.003059 0.186320 
02:   0.213768 0.039810 0.009408 0.002283 0.002992 0.286560 
03:   0.241938 0.039810 0.009464 0.002257 0.003027 0.158224 
04:   0.176894 0.039811 0.009493 0.002247 0.003013 0.213455 
05:   0.280839 0.039810 0.009504 0.002317 0.003059 0.285995 
06:   0.196670 0.039809 0.009489 0.002256 0.003007 0.251812 
07:   0.160245 0.039810 0.009460 0.002258 0.003057 0.155995 
08:   0.201128 0.039796 0.004836 0.002277 0.003035 0.318444 
09:   0.250299 0.039796 0.004848 0.002276 0.003011 0.201020 
10:   0.246760 0.039796 0.004813 0.002240 0.003012 0.281267 
11:   0.054972 0.039757 0.004866 0.002283 0.003012 0.270363 
12:   0.118359 0.039809 0.004829 0.002250 0.003013 0.131742 
13:   0.179493 0.039809 0.004801 0.002285 0.002998 0.176750 
14:   0.371571 0.039811 0.004777 0.002309 0.003010 0.223414 
15:   0.251945 0.039809 0.004787 0.002260 0.003032 0.416540 
iteration  7
00:   0.001818 0.040856 0.009593 0.001888 0.003048 0.012041 
01:   0.001827 0.040817 0.009597 0.001899 0.003021 0.012560 
02:   0.001793 0.040816 0.009574 0.001870 0.003074 0.124951 
03:   0.001818 0.040814 0.009554 0.001919 0.003024 0.012596 
04:   0.001820 0.040792 0.009543 0.001883 0.003030 0.099441 
05:   0.206328 0.040739 0.009593 0.001887 0.003031 0.012589 
06:   0.001810 0.040735 0.009552 0.001907 0.003029 0.166848 
07:   0.001709 0.040735 0.009593 0.001893 0.003033 0.012575 
08:   0.022010 0.040756 0.004853 0.001930 0.003051 0.012285 
09:   0.001739 0.040702 0.004830 0.001903 0.003064 1.394584 
10:   0.001734 0.040699 0.004781 0.001867 0.003023 0.012267 
11:   0.001723 0.040702 0.004810 0.001930 0.003018 0.052993 
12:   1.062353 0.040885 0.004797 0.001865 0.003021 0.011933 
13:   0.001730 0.040768 0.004810 0.001870 0.003021 0.024920 
14:   0.240155 0.040768 0.004765 0.001869 0.003023 0.011969 
15:   0.001698 0.040767 0.004791 0.001909 0.003057 0.050311 
iteration  8
00:   0.001547 0.040956 0.009678 0.000512 0.003091 0.006432 
01:   0.001508 0.040910 0.009637 0.000512 0.003094 0.007169 
02:   0.001522 0.040909 0.009700 0.000499 0.003076 0.007173 
03:   0.001548 0.040910 0.009687 0.000513 0.003088 0.006412 
04:   0.001483 0.040958 0.009701 0.000514 0.003092 0.007149 
05:   1.322153 0.040959 0.009691 0.000516 0.003080 0.007188 
06:   0.001456 0.040907 0.009702 0.000498 0.003094 0.007184 
07:   0.001375 0.040909 0.009681 0.000514 0.003092 0.007164 
08:   0.001744 0.040900 0.004935 0.000447 0.003024 0.007473 
09:   0.001684 0.040805 0.004909 0.000443 0.003024 0.007477 
10:   0.001734 0.040804 0.004869 0.000439 0.003026 0.007477 
11:   0.001694 0.040803 0.004904 0.000443 0.003027 0.007473 
12:   0.001744 0.040899 0.004884 0.000442 0.003026 0.007507 
13:   0.001749 0.040802 0.004876 0.000444 0.003026 0.006976 
14:   0.001739 0.040801 0.004829 0.000448 0.003029 0.007491 
15:   0.001706 0.040800 0.004871 0.000443 0.003024 0.007307 
/nethome/kalgin/z/mst/run.rand.sh: line 47: 35004 Killed                  ./turbobust_stub.out $i 16
/nethome/kalgin/z/mst/run.rand.sh: line 47: 35024 Segmentation fault      (core dumped) ./turbobust_stub.out $i 16
/nethome/kalgin/z/mst/run.rand.sh: line 62: kill: (35024) - No such process
ls: cannot access /tmp/data.bin: No such file or directory
ls: cannot access /tmp/data.bin: No such file or directory
