threadsCount = 16
loopsCount = 0
7.686
1.511
threadsCount = 1
loopsCount = 0
Done
iterationNumber = 0
iterationNumber = 1
iterationNumber = 2
iterationNumber = 3
iterationNumber = 4
iterationNumber = 5
iterationNumber = 6
iterationNumber = 7
5.030
3.090
iteration  0
00:   0.343587 0.000000 0.088701 0.081806 0.348639 
iteration  1
00:   0.356720 0.000000 0.054356 0.066040 0.244575 
iteration  2
00:   0.421616 0.000000 0.029690 0.061722 0.095481 
iteration  3
00:   0.474734 0.000000 0.018676 0.062181 0.023669 
iteration  4
00:   0.055266 0.000000 0.010385 0.056612 0.012704 
iteration  5
00:   0.014979 0.000000 0.007569 0.033276 0.010507 
iteration  6
00:   0.009852 0.000000 0.007170 0.027794 0.010028 
iteration  7
00:   0.009090 0.000000 0.007138 0.010327 0.010043 
threadsCount = 2
loopsCount = 0
Done
iterationNumber = 0
iterationNumber = 1
iterationNumber = 2
iterationNumber = 3
iterationNumber = 4
iterationNumber = 5
iterationNumber = 6
iterationNumber = 7
2.733
1.852
iteration  0
00:   0.180733 0.000000 0.047227 0.044582 0.157971 
01:   0.185084 0.000000 0.047314 0.044558 0.159075 
iteration  1
00:   0.190283 0.000000 0.029694 0.038208 0.188000 
01:   0.183610 0.000000 0.027885 0.037308 0.198612 
iteration  2
00:   0.225152 0.000000 0.015932 0.034244 0.090363 
01:   0.218998 0.000000 0.015466 0.033632 0.091005 
iteration  3
00:   0.257699 0.000000 0.010169 0.033146 0.031356 
01:   0.248694 0.000000 0.009913 0.032639 0.030703 
iteration  4
00:   0.029761 0.000000 0.005696 0.029745 0.026569 
01:   0.029547 0.000000 0.005435 0.029169 0.025566 
iteration  5
00:   0.008039 0.000000 0.004205 0.017396 0.025560 
01:   0.007915 0.000000 0.003930 0.017128 0.024617 
iteration  6
00:   0.005392 0.000000 0.003914 0.014805 0.024709 
01:   0.005239 0.000000 0.003751 0.014631 0.024514 
iteration  7
00:   0.004910 0.000000 0.003731 0.005653 0.025372 
01:   0.004909 0.000000 0.003732 0.005651 0.024526 
/nethome/kalgin/z/mst/run.xeon.sh: line 45: 61062 Killed                  ./turbobust_stub.out $i 16
threadsCount = 4
loopsCount = 0
Done
iterationNumber = 0
iterationNumber = 1
iterationNumber = 2
iterationNumber = 3
iterationNumber = 4
iterationNumber = 5
iterationNumber = 6
iterationNumber = 7
1.585
1.200
iteration  0
00:   0.111619 0.000000 0.030201 0.022889 0.094488 
01:   0.107380 0.000001 0.027162 0.022642 0.094259 
02:   0.107223 0.000000 0.026580 0.022696 0.094299 
03:   0.108463 0.000000 0.026285 0.022721 0.094202 
iteration  1
00:   0.105687 0.000000 0.015249 0.019563 0.143215 
01:   0.099815 0.000000 0.014803 0.019059 0.145987 
02:   0.099922 0.000000 0.014821 0.019068 0.151463 
03:   0.099706 0.000000 0.014724 0.019084 0.143292 
iteration  2
00:   0.121032 0.000000 0.008408 0.017539 0.068380 
01:   0.117206 0.000000 0.008185 0.017101 0.075376 
02:   0.119766 0.000000 0.008230 0.017115 0.079392 
03:   0.118345 0.000000 0.008200 0.017149 0.071963 
iteration  3
00:   0.145134 0.000000 0.005770 0.016898 0.022514 
01:   0.139127 0.000000 0.005264 0.016539 0.028990 
02:   0.139731 0.000000 0.005268 0.016569 0.033668 
03:   0.141260 0.000000 0.005253 0.016616 0.022261 
iteration  4
00:   0.016721 0.000000 0.003018 0.015207 0.019189 
01:   0.015778 0.000000 0.002999 0.014753 0.025799 
02:   0.016292 0.000000 0.003033 0.014797 0.030811 
03:   0.017548 0.000000 0.003009 0.014818 0.018716 
iteration  5
00:   0.004742 0.000000 0.002463 0.008685 0.018250 
01:   0.004267 0.000000 0.002284 0.008727 0.025103 
02:   0.004426 0.000000 0.002324 0.008735 0.030431 
03:   0.004381 0.000000 0.002290 0.008716 0.018223 
iteration  6
00:   0.003075 0.000000 0.002503 0.007472 0.017981 
01:   0.002993 0.000000 0.002271 0.007418 0.025012 
02:   0.003061 0.000000 0.002266 0.007431 0.030379 
03:   0.003064 0.000000 0.002244 0.007331 0.018208 
iteration  7
00:   0.003097 0.000000 0.002327 0.003011 0.018571 
01:   0.002801 0.000000 0.002222 0.003012 0.025022 
02:   0.002833 0.000000 0.002199 0.003001 0.030371 
03:   0.002832 0.000000 0.002231 0.002857 0.018223 
/nethome/kalgin/z/mst/run.xeon.sh: line 45: 61079 Killed                  ./turbobust_stub.out $i 16
threadsCount = 8
loopsCount = 0
Done
iterationNumber = 0
iterationNumber = 1
iterationNumber = 2
iterationNumber = 3
iterationNumber = 4
iterationNumber = 5
iterationNumber = 6
iterationNumber = 7
1.901
1.069
iteration  0
00:   0.084805 0.000000 0.019387 0.013116 0.077416 
01:   0.083335 0.000000 0.018793 0.013860 0.072672 
02:   0.082967 0.000000 0.018931 0.013862 0.072686 
03:   0.082655 0.000000 0.018874 0.013855 0.072752 
04:   0.082460 0.000000 0.018867 0.013867 0.072929 
05:   0.082725 0.000000 0.018739 0.013854 0.072707 
06:   0.082579 0.000000 0.018705 0.013862 0.072662 
07:   0.084607 0.000000 0.018595 0.013850 0.072622 
iteration  1
00:   0.067664 0.000000 0.010110 0.011634 0.220338 
01:   0.062652 0.000000 0.009707 0.011635 0.232461 
02:   0.062698 0.000000 0.009752 0.011640 0.237428 
03:   0.062248 0.000000 0.009742 0.011634 0.238006 
04:   0.062683 0.000000 0.009745 0.011626 0.242194 
05:   0.062452 0.000000 0.009642 0.011628 0.240427 
06:   0.062643 0.000000 0.009561 0.011644 0.237329 
07:   0.062600 0.000000 0.009572 0.011611 0.230495 
iteration  2
00:   0.078121 0.000000 0.005966 0.010592 0.085894 
01:   0.074057 0.000000 0.005664 0.010602 0.088919 
02:   0.074033 0.000000 0.005729 0.010599 0.092449 
03:   0.071976 0.000000 0.005750 0.010600 0.096059 
04:   0.074580 0.000000 0.005701 0.010591 0.098080 
05:   0.074439 0.000000 0.005734 0.010600 0.095322 
06:   0.072818 0.000000 0.005715 0.010608 0.091854 
07:   0.074253 0.000000 0.005660 0.010575 0.087683 
iteration  3
00:   0.094427 0.000000 0.003761 0.010156 0.021573 
01:   0.087397 0.000000 0.003631 0.010169 0.021706 
02:   0.087542 0.000000 0.003638 0.010163 0.028101 
03:   0.086965 0.000000 0.003630 0.010157 0.030847 
04:   0.088283 0.000000 0.003588 0.010157 0.034194 
05:   0.087481 0.000000 0.003625 0.010159 0.030826 
06:   0.086423 0.000000 0.003555 0.010166 0.025519 
07:   0.087164 0.000000 0.003494 0.010153 0.021562 
iteration  4
00:   0.010457 0.000000 0.002303 0.010809 0.019505 
01:   0.010420 0.000000 0.002224 0.011403 0.019550 
02:   0.010273 0.000000 0.002248 0.011396 0.025648 
03:   0.010181 0.000000 0.002233 0.011401 0.028739 
04:   0.010575 0.000000 0.002228 0.011415 0.032191 
05:   0.010449 0.000000 0.002183 0.011394 0.028713 
06:   0.010426 0.000000 0.002150 0.011412 0.023348 
07:   0.010379 0.000000 0.002166 0.011402 0.019503 
iteration  5
00:   0.003388 0.000000 0.001944 0.005347 0.019088 
01:   0.003162 0.000000 0.001996 0.005343 0.019095 
02:   0.002941 0.000000 0.001956 0.005339 0.023317 
03:   0.003105 0.000000 0.001971 0.005345 0.028308 
04:   0.003159 0.000000 0.001962 0.005339 0.031801 
05:   0.003129 0.000000 0.001952 0.005335 0.028308 
06:   0.003081 0.000000 0.001930 0.005342 0.022956 
07:   0.003035 0.000000 0.001929 0.005341 0.019086 
iteration  6
00:   0.002611 0.000000 0.001970 0.004572 0.019276 
01:   0.002391 0.000000 0.001985 0.004553 0.019239 
02:   0.002375 0.000000 0.001996 0.004566 0.023286 
03:   0.002384 0.000000 0.001989 0.004563 0.028436 
04:   0.002398 0.000000 0.001977 0.004566 0.031767 
05:   0.002397 0.000000 0.001984 0.004560 0.028435 
06:   0.002357 0.000000 0.001962 0.004568 0.023275 
07:   0.002263 0.000000 0.001980 0.004572 0.019226 
iteration  7
00:   0.002519 0.000000 0.001971 0.002041 0.019002 
01:   0.002430 0.000000 0.002017 0.002034 0.018991 
02:   0.002440 0.000000 0.002030 0.002040 0.023295 
03:   0.002414 0.000000 0.002030 0.002040 0.028402 
04:   0.002437 0.000000 0.002026 0.002030 0.031751 
05:   0.002442 0.000000 0.001972 0.002033 0.028399 
06:   0.002433 0.000000 0.001977 0.002040 0.023296 
07:   0.002182 0.000000 0.001973 0.002035 0.019007 
/nethome/kalgin/z/mst/run.xeon.sh: line 45: 61097 Killed                  ./turbobust_stub.out $i 16
threadsCount = 16
loopsCount = 0
Done
iterationNumber = 0
iterationNumber = 1
iterationNumber = 2
iterationNumber = 3
iterationNumber = 4
iterationNumber = 5
iterationNumber = 6
iterationNumber = 7
4.633
1.172
iteration  0
00:   0.042582 0.000000 0.010459 0.010879 0.051323 
01:   0.044006 0.000001 0.010434 0.010803 0.051653 
02:   0.044228 0.000001 0.010469 0.010818 0.051895 
03:   0.044073 0.000001 0.010490 0.010887 0.051937 
04:   0.043869 0.000001 0.010501 0.010861 0.052017 
05:   0.043657 0.000000 0.010520 0.010900 0.052127 
06:   0.043661 0.000001 0.010489 0.010778 0.052326 
07:   0.043667 0.000001 0.010759 0.010787 0.052538 
08:   0.044361 0.000000 0.011221 0.010785 0.057517 
09:   0.044307 0.000000 0.011288 0.010787 0.057026 
10:   0.044861 0.000000 0.011200 0.010839 0.056330 
11:   0.044767 0.000000 0.011257 0.010832 0.056116 
12:   0.044451 0.000000 0.011228 0.010793 0.055586 
13:   0.044966 0.000000 0.011128 0.010762 0.055395 
14:   0.045124 0.000000 0.011087 0.010799 0.055303 
15:   0.045377 0.000000 0.011087 0.010812 0.055236 
iteration  1
00:   0.034592 0.000000 0.005585 0.010593 0.328704 
01:   0.034744 0.000000 0.005574 0.010550 0.393278 
02:   0.034779 0.000000 0.005558 0.010555 0.404763 
03:   0.034727 0.000000 0.005552 0.010605 0.407553 
04:   0.034833 0.000000 0.005583 0.010631 0.416566 
05:   0.034520 0.000000 0.005560 0.010573 0.418063 
06:   0.034749 0.000000 0.005539 0.010594 0.419054 
07:   0.034616 0.000000 0.005806 0.010546 0.419734 
08:   0.033224 0.000000 0.005587 0.010560 0.442434 
09:   0.033032 0.000000 0.005589 0.010544 0.441183 
10:   0.032877 0.000000 0.005579 0.010571 0.438969 
11:   0.033199 0.000000 0.005596 0.010554 0.440195 
12:   0.032974 0.000000 0.005610 0.010609 0.434757 
13:   0.032771 0.000000 0.005524 0.010549 0.434071 
14:   0.032980 0.000000 0.005577 0.010601 0.432651 
15:   0.032896 0.000000 0.005460 0.010622 0.430525 
iteration  2
00:   0.044643 0.000000 0.002882 0.008304 0.153841 
01:   0.043880 0.000000 0.002856 0.008249 0.190771 
02:   0.043933 0.000000 0.002853 0.008237 0.192030 
03:   0.044184 0.000000 0.002834 0.008303 0.196990 
04:   0.044583 0.000000 0.002873 0.008283 0.201116 
05:   0.043338 0.000000 0.002841 0.008291 0.205735 
06:   0.043031 0.000000 0.002830 0.008254 0.209904 
07:   0.042847 0.000000 0.003128 0.008253 0.212522 
08:   0.041879 0.000000 0.003241 0.008293 0.223065 
09:   0.041334 0.000000 0.003268 0.008278 0.221243 
10:   0.040878 0.000000 0.003216 0.008264 0.218844 
11:   0.042280 0.000000 0.003257 0.008251 0.218236 
12:   0.040106 0.000000 0.003244 0.008248 0.217024 
13:   0.040722 0.000000 0.003263 0.008272 0.216973 
14:   0.041391 0.000000 0.003236 0.008308 0.215743 
15:   0.040780 0.000000 0.003184 0.008256 0.215559 
iteration  3
00:   0.055653 0.000000 0.001676 0.006756 0.020640 
01:   0.055757 0.000000 0.001689 0.006790 0.020640 
02:   0.055136 0.000000 0.001667 0.006781 0.020658 
03:   0.055011 0.000000 0.001681 0.006798 0.021348 
04:   0.055611 0.000000 0.001668 0.006729 0.025140 
05:   0.054454 0.000000 0.001661 0.006760 0.026736 
06:   0.054945 0.000000 0.001654 0.006725 0.029329 
07:   0.054682 0.000000 0.001812 0.006726 0.030496 
08:   0.053333 0.000000 0.001949 0.006816 0.032898 
09:   0.051657 0.000000 0.001932 0.006759 0.032230 
10:   0.050507 0.000000 0.001914 0.006894 0.029718 
11:   0.052675 0.000000 0.001902 0.006783 0.028538 
12:   0.050892 0.000000 0.001932 0.006816 0.025480 
13:   0.051346 0.000000 0.001944 0.006766 0.022003 
14:   0.051950 0.000000 0.001943 0.006815 0.021486 
15:   0.050921 0.000000 0.001888 0.006781 0.021452 
iteration  4
00:   0.006280 0.000000 0.000912 0.005329 0.019497 
01:   0.006308 0.000000 0.000902 0.005311 0.019531 
02:   0.006596 0.000000 0.000900 0.005346 0.019503 
03:   0.006430 0.000000 0.000909 0.005293 0.019553 
04:   0.006465 0.000000 0.000913 0.005318 0.022573 
05:   0.006323 0.000000 0.000894 0.005301 0.025460 
06:   0.006398 0.000000 0.000909 0.005324 0.028003 
07:   0.006322 0.000000 0.001003 0.005297 0.029023 
08:   0.005928 0.000000 0.001030 0.005342 0.030528 
09:   0.005755 0.000000 0.000995 0.005318 0.029544 
10:   0.005582 0.000000 0.001015 0.005283 0.028679 
11:   0.005856 0.000000 0.001024 0.005357 0.027011 
12:   0.005735 0.000000 0.001031 0.005319 0.021098 
13:   0.005668 0.000000 0.001010 0.005349 0.019668 
14:   0.005763 0.000000 0.001016 0.005334 0.019654 
15:   0.005503 0.000000 0.001005 0.005297 0.019651 
iteration  5
00:   0.001600 0.000000 0.000679 0.003226 0.019354 
01:   0.001679 0.000000 0.000680 0.003160 0.019357 
02:   0.001657 0.000000 0.000673 0.003132 0.019348 
03:   0.001624 0.000000 0.000676 0.003174 0.019360 
04:   0.001511 0.000000 0.000694 0.003204 0.021808 
05:   0.001479 0.000000 0.000691 0.003171 0.025106 
06:   0.001633 0.000000 0.000677 0.003152 0.027523 
07:   0.001617 0.000000 0.000758 0.003255 0.028638 
08:   0.001659 0.000000 0.000785 0.003174 0.029819 
09:   0.001668 0.000000 0.000785 0.003183 0.029563 
10:   0.001639 0.000000 0.000754 0.003157 0.028388 
11:   0.001634 0.000000 0.000778 0.003144 0.026706 
12:   0.001624 0.000000 0.000755 0.003169 0.020832 
13:   0.001594 0.000000 0.000770 0.003152 0.019398 
14:   0.001572 0.000000 0.000757 0.003182 0.019401 
15:   0.001498 0.000000 0.000773 0.003258 0.019398 
iteration  6
00:   0.000962 0.000000 0.000564 0.002618 0.019377 
01:   0.000972 0.000000 0.000570 0.002580 0.019411 
02:   0.000921 0.000000 0.000584 0.002561 0.019395 
03:   0.000982 0.000000 0.000567 0.002600 0.019400 
04:   0.000932 0.000000 0.000575 0.002606 0.021564 
05:   0.000910 0.000000 0.000585 0.002659 0.025155 
06:   0.000954 0.000000 0.000579 0.002545 0.027448 
07:   0.001019 0.000000 0.000598 0.002540 0.028616 
08:   0.001156 0.000000 0.000582 0.002526 0.029772 
09:   0.001170 0.000000 0.000581 0.002559 0.029432 
10:   0.001142 0.000000 0.000589 0.002534 0.028402 
11:   0.001142 0.000000 0.000603 0.002539 0.026834 
12:   0.001098 0.000000 0.000598 0.002552 0.020532 
13:   0.001140 0.000000 0.000594 0.002525 0.019443 
14:   0.001076 0.000000 0.000611 0.002552 0.019430 
15:   0.000956 0.000000 0.000622 0.002525 0.019419 
iteration  7
00:   0.000907 0.000000 0.000589 0.001197 0.019405 
01:   0.000885 0.000000 0.000607 0.001198 0.019396 
02:   0.000865 0.000000 0.000611 0.001198 0.019420 
03:   0.000894 0.000000 0.000577 0.001166 0.019393 
04:   0.000892 0.000000 0.000597 0.001176 0.021423 
05:   0.000892 0.000000 0.000598 0.001152 0.025159 
06:   0.000891 0.000000 0.000594 0.001145 0.027432 
07:   0.000967 0.000000 0.000586 0.001197 0.028602 
08:   0.001081 0.000000 0.000588 0.001163 0.029812 
09:   0.001094 0.000000 0.000591 0.001168 0.029429 
10:   0.001065 0.000000 0.000607 0.001175 0.028431 
11:   0.001093 0.000000 0.000559 0.001147 0.026787 
12:   0.001070 0.000000 0.000588 0.001144 0.020419 
13:   0.001075 0.000000 0.000580 0.001146 0.019483 
14:   0.000977 0.000000 0.000614 0.001144 0.019459 
15:   0.000883 0.000000 0.000610 0.001145 0.019468 
/nethome/kalgin/z/mst/run.xeon.sh: line 45: 61115 Killed                  ./turbobust_stub.out $i 16
/nethome/kalgin/z/mst/run.xeon.sh: line 45: 61133 Segmentation fault      (core dumped) ./turbobust_stub.out $i 16
/nethome/kalgin/z/mst/run.xeon.sh: line 60: kill: (61133) - No such process
