threadsCount = 16
loopsCount = 64
15.763
3.285
threadsCount = 1
loopsCount = 64
Done
iterationNumber = 0
iterationNumber = 1
iterationNumber = 2
iterationNumber = 3
iterationNumber = 4
iterationNumber = 5
iterationNumber = 6
iterationNumber = 7
iterationNumber = 8
10.837
13.407
iteration  0
00:   0.217966 0.666512 1.376543 0.017562 0.000000 0.228288 
iteration  1
00:   0.890797 0.297542 0.433743 0.040546 0.000000 0.071652 
iteration  2
00:   1.035921 0.116801 0.122910 0.031112 0.000000 0.019093 
iteration  3
00:   0.958754 0.076883 0.050358 0.026144 0.000000 0.005831 
iteration  4
00:   0.931059 0.069215 0.036593 0.019851 0.000000 0.003114 
iteration  5
00:   0.926651 0.067870 0.034272 0.016671 0.000000 0.002685 
iteration  6
00:   0.927819 0.067644 0.033856 0.017544 0.000000 0.002617 
iteration  7
00:   0.943625 0.067653 0.033774 0.013842 0.000000 0.002621 
iteration  8
00:   2.373994 0.067608 0.033723 0.004802 0.000000 0.002649 
threadsCount = 2
loopsCount = 64
Done
iterationNumber = 0
iterationNumber = 1
iterationNumber = 2
iterationNumber = 3
iterationNumber = 4
iterationNumber = 5
iterationNumber = 6
iterationNumber = 7
iterationNumber = 8
5.602
8.741
iteration  0
00:   0.117842 0.354960 1.015856 0.008936 0.000000 0.118807 
01:   0.113251 0.354360 1.045821 0.008938 0.000000 0.118543 
iteration  1
00:   0.493441 0.156794 0.301276 0.022295 0.000000 0.039780 
01:   0.448796 0.156554 0.305672 0.022295 0.000000 0.039493 
iteration  2
00:   0.539630 0.064443 0.079273 0.016756 0.000000 0.010767 
01:   0.526926 0.064415 0.078941 0.016798 0.000000 0.010525 
iteration  3
00:   0.509287 0.043946 0.029041 0.013447 0.000000 0.003121 
01:   0.501538 0.043972 0.029247 0.013489 0.000000 0.003115 
iteration  4
00:   0.490571 0.040121 0.019534 0.010028 0.000000 0.001590 
01:   0.501102 0.040127 0.019646 0.010117 0.000000 0.001607 
iteration  5
00:   0.463836 0.038900 0.018155 0.008347 0.000000 0.001344 
01:   0.524757 0.038900 0.018143 0.008337 0.000000 0.001343 
iteration  6
00:   0.495032 0.039429 0.017706 0.008754 0.000000 0.001317 
01:   0.494417 0.039429 0.017696 0.008768 0.000000 0.001314 
iteration  7
00:   0.505780 0.038907 0.018475 0.006948 0.000000 0.001302 
01:   0.491931 0.038906 0.018467 0.006900 0.000000 0.001306 
iteration  8
00:   0.002563 0.038829 0.017737 0.002428 0.000000 0.001307 
01:   2.387058 0.038830 0.017703 0.002427 0.000000 0.001306 
/nethome/kalgin/z/mst/run.rand.sh: line 47: 36070 Killed                  ./turbobust_stub.out $i 16
threadsCount = 4
loopsCount = 64
Done
iterationNumber = 0
iterationNumber = 1
iterationNumber = 2
iterationNumber = 3
iterationNumber = 4
iterationNumber = 5
iterationNumber = 6
iterationNumber = 7
iterationNumber = 8
3.308
6.248
iteration  0
00:   0.061085 0.201760 0.683233 0.004513 0.000000 0.059093 
01:   0.059298 0.201399 0.702000 0.004506 0.000000 0.059874 
02:   0.060676 0.201375 0.704010 0.004516 0.000000 0.059920 
03:   0.067099 0.201280 0.704600 0.004510 0.000000 0.059066 
iteration  1
00:   0.245452 0.094754 0.201041 0.011387 0.000000 0.020904 
01:   0.238576 0.094730 0.202440 0.011438 0.000000 0.021023 
02:   0.251366 0.094548 0.202938 0.011450 0.000000 0.021009 
03:   0.241431 0.094670 0.202237 0.011439 0.000000 0.020636 
iteration  2
00:   0.275452 0.046532 0.051425 0.008553 0.000000 0.005810 
01:   0.274618 0.046533 0.050976 0.008572 0.000000 0.005700 
02:   0.276368 0.046549 0.051356 0.008619 0.000000 0.005753 
03:   0.270005 0.046499 0.050753 0.008569 0.000000 0.005545 
iteration  3
00:   0.264444 0.035793 0.017989 0.006806 0.000000 0.001667 
01:   0.257648 0.035807 0.017689 0.006843 0.000000 0.001617 
02:   0.260886 0.035813 0.017922 0.006850 0.000000 0.001644 
03:   0.253839 0.035806 0.017690 0.006868 0.000000 0.001648 
iteration  4
00:   0.260612 0.034201 0.011349 0.005152 0.000000 0.000804 
01:   0.242598 0.034198 0.011245 0.005159 0.000000 0.000787 
02:   0.257404 0.034203 0.011285 0.005161 0.000000 0.000808 
03:   0.256306 0.034203 0.011318 0.005137 0.000000 0.000814 
iteration  5
00:   0.256680 0.033666 0.010560 0.004139 0.000000 0.000694 
01:   0.218836 0.033665 0.010338 0.004114 0.000000 0.000675 
02:   0.261775 0.033665 0.010522 0.004213 0.000000 0.000685 
03:   0.275211 0.033666 0.010445 0.004181 0.000000 0.000682 
iteration  6
00:   0.363795 0.033877 0.010296 0.004414 0.000000 0.000655 
01:   0.138379 0.033876 0.010207 0.004423 0.000000 0.000653 
02:   0.292367 0.033876 0.010284 0.004372 0.000000 0.000655 
03:   0.210829 0.033876 0.010179 0.004418 0.000000 0.000657 
iteration  7
00:   0.368976 0.033643 0.010437 0.003501 0.000000 0.000655 
01:   0.144710 0.033642 0.010360 0.003439 0.000000 0.000654 
02:   0.370163 0.033643 0.010331 0.003635 0.000000 0.000654 
03:   0.129245 0.033642 0.010287 0.003411 0.000000 0.000659 
iteration  8
00:   0.001989 0.033913 0.010391 0.001247 0.000000 0.000657 
01:   0.001979 0.033886 0.010451 0.001263 0.000000 0.000657 
02:   0.001935 0.033885 0.010480 0.001260 0.000000 0.000655 
03:   2.377984 0.033919 0.010383 0.001260 0.000000 0.000661 
/nethome/kalgin/z/mst/run.rand.sh: line 47: 36087 Killed                  ./turbobust_stub.out $i 16
threadsCount = 8
loopsCount = 64
Done
iterationNumber = 0
iterationNumber = 1
iterationNumber = 2
iterationNumber = 3
iterationNumber = 4
iterationNumber = 5
iterationNumber = 6
iterationNumber = 7
iterationNumber = 8
2.128
4.896
iteration  0
00:   0.035767 0.146971 0.433192 0.002376 0.000000 0.034072 
01:   0.035422 0.146862 0.481427 0.002380 0.000000 0.033766 
02:   0.035462 0.146773 0.444206 0.002378 0.000000 0.033967 
03:   0.035766 0.146809 0.444655 0.002378 0.000000 0.034033 
04:   0.035827 0.146863 0.445474 0.002377 0.000000 0.033928 
05:   0.036072 0.146594 0.447763 0.002376 0.000000 0.034191 
06:   0.035811 0.146599 0.448011 0.002376 0.000000 0.034039 
07:   0.036647 0.146772 0.446351 0.002365 0.000000 0.033444 
iteration  1
00:   0.132643 0.073980 0.130523 0.005858 0.000000 0.012204 
01:   0.126334 0.073996 0.141151 0.005850 0.000000 0.012033 
02:   0.125467 0.073989 0.131287 0.005855 0.000000 0.012245 
03:   0.130084 0.073969 0.130334 0.005850 0.000000 0.012048 
04:   0.130256 0.073905 0.131250 0.005847 0.000000 0.012187 
05:   0.136064 0.073965 0.131388 0.005855 0.000000 0.012126 
06:   0.130751 0.073822 0.130940 0.005842 0.000000 0.012087 
07:   0.119529 0.073861 0.131119 0.005856 0.000000 0.012117 
iteration  2
00:   0.148907 0.041474 0.033656 0.004424 0.000000 0.003383 
01:   0.145175 0.041443 0.036191 0.004438 0.000000 0.003467 
02:   0.146966 0.041473 0.033695 0.004424 0.000000 0.003395 
03:   0.144046 0.041464 0.033212 0.004426 0.000000 0.003288 
04:   0.145894 0.041473 0.033387 0.004426 0.000000 0.003309 
05:   0.146915 0.041478 0.033858 0.004424 0.000000 0.003444 
06:   0.144450 0.041315 0.033503 0.004424 0.000000 0.003378 
07:   0.140628 0.041455 0.033285 0.004425 0.000000 0.003254 
iteration  3
00:   0.135053 0.035053 0.011744 0.003491 0.000000 0.000993 
01:   0.140749 0.035059 0.012129 0.003483 0.000000 0.000980 
02:   0.136179 0.035061 0.011747 0.003493 0.000000 0.000957 
03:   0.130746 0.035058 0.011492 0.003490 0.000000 0.000928 
04:   0.130803 0.035054 0.011631 0.003493 0.000000 0.000964 
05:   0.140761 0.035074 0.011717 0.003465 0.000000 0.000978 
06:   0.135522 0.035048 0.011755 0.003500 0.000000 0.000980 
07:   0.129500 0.035060 0.011660 0.003494 0.000000 0.000975 
iteration  4
00:   0.136164 0.034623 0.008092 0.002646 0.000000 0.000409 
01:   0.133167 0.034620 0.008022 0.002647 0.000000 0.000416 
02:   0.129361 0.034623 0.008014 0.002643 0.000000 0.000403 
03:   0.120462 0.034623 0.008070 0.002633 0.000000 0.000408 
04:   0.131727 0.034623 0.007928 0.002644 0.000000 0.000409 
05:   0.134388 0.034623 0.008028 0.002645 0.000000 0.000427 
06:   0.133444 0.034623 0.008011 0.002643 0.000000 0.000414 
07:   0.132367 0.034626 0.008075 0.002646 0.000000 0.000434 
iteration  5
00:   0.123498 0.034183 0.007770 0.002128 0.000000 0.000346 
01:   0.140395 0.034183 0.007713 0.002130 0.000000 0.000338 
02:   0.107596 0.034182 0.007686 0.002129 0.000000 0.000337 
03:   0.117197 0.034182 0.007599 0.002123 0.000000 0.000332 
04:   0.129094 0.034182 0.007651 0.002127 0.000000 0.000340 
05:   0.140535 0.034182 0.007699 0.002132 0.000000 0.000341 
06:   0.129259 0.034181 0.007663 0.002125 0.000000 0.000336 
07:   0.154520 0.034184 0.007658 0.002125 0.000000 0.000346 
iteration  6
00:   0.228638 0.034152 0.007733 0.002249 0.000000 0.000333 
01:   0.142191 0.034151 0.007710 0.002244 0.000000 0.000330 
02:   0.110272 0.034151 0.007653 0.002256 0.000000 0.000331 
03:   0.031360 0.034151 0.007682 0.002247 0.000000 0.000330 
04:   0.121491 0.034150 0.007731 0.002247 0.000000 0.000332 
05:   0.177664 0.034151 0.007714 0.002246 0.000000 0.000331 
06:   0.102436 0.034150 0.007701 0.002246 0.000000 0.000330 
07:   0.115618 0.034151 0.007679 0.002247 0.000000 0.000335 
iteration  7
00:   0.264442 0.034268 0.008030 0.001792 0.000000 0.000330 
01:   0.112358 0.034267 0.007954 0.001794 0.000000 0.000330 
02:   0.103880 0.034267 0.007845 0.001792 0.000000 0.000330 
03:   0.045392 0.034267 0.008017 0.001793 0.000000 0.000330 
04:   0.246520 0.034267 0.007954 0.001791 0.000000 0.000329 
05:   0.132299 0.034267 0.007889 0.001796 0.000000 0.000330 
06:   0.053080 0.034267 0.007834 0.001786 0.000000 0.000333 
07:   0.081407 0.034267 0.007926 0.001789 0.000000 0.000333 
iteration  8
00:   0.002108 0.033748 0.007819 0.000659 0.000000 0.000327 
01:   0.002128 0.033670 0.007866 0.000657 0.000000 0.000329 
02:   0.002114 0.033669 0.007772 0.000658 0.000000 0.000328 
03:   0.002056 0.033668 0.007810 0.000659 0.000000 0.000329 
04:   0.002128 0.033762 0.007650 0.000655 0.000000 0.000329 
05:   0.002100 0.033667 0.007747 0.000657 0.000000 0.000330 
06:   2.372145 0.033764 0.007684 0.000659 0.000000 0.000328 
07:   0.002093 0.033666 0.007698 0.000657 0.000000 0.000334 
/nethome/kalgin/z/mst/run.rand.sh: line 47: 36105 Killed                  ./turbobust_stub.out $i 16
threadsCount = 16
loopsCount = 64
Done
iterationNumber = 0
iterationNumber = 1
iterationNumber = 2
iterationNumber = 3
iterationNumber = 4
iterationNumber = 5
iterationNumber = 6
iterationNumber = 7
iterationNumber = 8
1.230
5.116
iteration  0
00:   0.019410 0.122230 0.335031 0.001968 0.000000 0.020585 
01:   0.020025 0.122333 0.313093 0.001949 0.000000 0.020753 
02:   0.019194 0.122168 0.312840 0.001946 0.000000 0.020343 
03:   0.019189 0.122345 0.315783 0.001945 0.000000 0.020583 
04:   0.019003 0.122132 0.316215 0.001949 0.000000 0.020573 
05:   0.019072 0.122157 0.315795 0.001969 0.000000 0.020566 
06:   0.019258 0.121756 0.315223 0.001962 0.000000 0.020862 
07:   0.019517 0.122207 0.317393 0.001973 0.000000 0.020543 
08:   0.018480 0.111439 0.282018 0.001951 0.000000 0.017429 
09:   0.018449 0.111210 0.283003 0.001965 0.000000 0.017626 
10:   0.018427 0.111338 0.284406 0.001953 0.000000 0.017403 
11:   0.018200 0.111438 0.281495 0.001955 0.000000 0.017671 
12:   0.018871 0.111461 0.284449 0.001944 0.000000 0.017431 
13:   0.018422 0.111312 0.282585 0.001950 0.000000 0.017173 
14:   0.018309 0.111224 0.282124 0.001949 0.000000 0.017119 
15:   0.018539 0.111249 0.281146 0.001952 0.000000 0.017095 
iteration  1
00:   0.087566 0.060861 0.101935 0.005957 0.000000 0.007599 
01:   0.088331 0.060899 0.092362 0.005951 0.000000 0.007663 
02:   0.084080 0.060925 0.091592 0.005957 0.000000 0.007500 
03:   0.084101 0.060919 0.092242 0.005944 0.000000 0.007612 
04:   0.084246 0.060889 0.093080 0.005951 0.000000 0.007732 
05:   0.084168 0.060910 0.092660 0.005969 0.000000 0.007600 
06:   0.084802 0.060456 0.092674 0.005969 0.000000 0.007672 
07:   0.085065 0.060867 0.091816 0.005954 0.000000 0.007481 
08:   0.077667 0.058673 0.082201 0.005953 0.000000 0.006385 
09:   0.077947 0.058606 0.082028 0.005944 0.000000 0.006454 
10:   0.078123 0.058684 0.082309 0.005937 0.000000 0.006322 
11:   0.078344 0.058679 0.081538 0.005959 0.000000 0.006368 
12:   0.080253 0.058628 0.082033 0.005960 0.000000 0.006284 
13:   0.078057 0.058706 0.081744 0.005962 0.000000 0.006171 
14:   0.072881 0.058210 0.081896 0.005937 0.000000 0.006316 
15:   0.067932 0.058589 0.081701 0.005973 0.000000 0.006308 
iteration  2
00:   0.096933 0.041288 0.027478 0.004273 0.000000 0.002058 
01:   0.097489 0.041295 0.025068 0.004204 0.000000 0.002109 
02:   0.095207 0.041284 0.025127 0.004190 0.000000 0.002128 
03:   0.096445 0.041309 0.025302 0.004201 0.000000 0.002150 
04:   0.098519 0.041306 0.025279 0.004195 0.000000 0.002124 
05:   0.097356 0.041299 0.024907 0.004216 0.000000 0.002081 
06:   0.097131 0.041238 0.024800 0.004241 0.000000 0.002076 
07:   0.094963 0.041270 0.024613 0.004217 0.000000 0.002043 
08:   0.087031 0.041046 0.021461 0.004230 0.000000 0.001691 
09:   0.086874 0.041047 0.021470 0.004218 0.000000 0.001711 
10:   0.086386 0.041059 0.022020 0.004174 0.000000 0.001793 
11:   0.087251 0.041055 0.021347 0.004213 0.000000 0.001746 
12:   0.086936 0.041024 0.021379 0.004182 0.000000 0.001674 
13:   0.085607 0.041048 0.021525 0.004214 0.000000 0.001719 
14:   0.085490 0.040973 0.021216 0.004210 0.000000 0.001653 
15:   0.083930 0.041024 0.021424 0.004191 0.000000 0.001669 
iteration  3
00:   0.090649 0.037581 0.012064 0.002372 0.000000 0.000477 
01:   0.093270 0.037581 0.011279 0.002383 0.000000 0.000466 
02:   0.096429 0.037585 0.011220 0.002373 0.000000 0.000449 
03:   0.097080 0.037583 0.011390 0.002414 0.000000 0.000483 
04:   0.094882 0.037584 0.011428 0.002394 0.000000 0.000484 
05:   0.093349 0.037581 0.011182 0.002370 0.000000 0.000443 
06:   0.091631 0.037582 0.011177 0.002379 0.000000 0.000449 
07:   0.089374 0.037572 0.011180 0.002373 0.000000 0.000442 
08:   0.081508 0.037563 0.007609 0.002406 0.000000 0.000407 
09:   0.081022 0.037565 0.007660 0.002444 0.000000 0.000407 
10:   0.090461 0.037571 0.007705 0.002420 0.000000 0.000412 
11:   0.084216 0.037569 0.007666 0.002368 0.000000 0.000422 
12:   0.082864 0.037565 0.007593 0.002390 0.000000 0.000404 
13:   0.085209 0.037567 0.007703 0.002449 0.000000 0.000414 
14:   0.080211 0.037563 0.007545 0.002395 0.000000 0.000410 
15:   0.081280 0.037568 0.007535 0.002386 0.000000 0.000405 
iteration  4
00:   0.096637 0.037286 0.009977 0.001559 0.000000 0.000211 
01:   0.089446 0.037284 0.009889 0.001539 0.000000 0.000213 
02:   0.084637 0.037284 0.009821 0.001557 0.000000 0.000205 
03:   0.098697 0.037286 0.009864 0.001560 0.000000 0.000219 
04:   0.099556 0.037285 0.009872 0.001562 0.000000 0.000208 
05:   0.078787 0.037285 0.009776 0.001547 0.000000 0.000200 
06:   0.086351 0.037285 0.009846 0.001542 0.000000 0.000216 
07:   0.080227 0.037283 0.009749 0.001538 0.000000 0.000201 
08:   0.083492 0.037283 0.005340 0.001516 0.000000 0.000203 
09:   0.080937 0.037284 0.005243 0.001539 0.000000 0.000196 
10:   0.082010 0.037284 0.005359 0.001518 0.000000 0.000208 
11:   0.085389 0.037284 0.005277 0.001516 0.000000 0.000206 
12:   0.079597 0.037283 0.005243 0.001517 0.000000 0.000193 
13:   0.086488 0.037283 0.005283 0.001516 0.000000 0.000205 
14:   0.085273 0.037284 0.005297 0.001531 0.000000 0.000199 
15:   0.080238 0.037283 0.005347 0.001520 0.000000 0.000207 
iteration  5
00:   0.076286 0.037168 0.009611 0.001184 0.000000 0.000177 
01:   0.088361 0.037167 0.009771 0.001161 0.000000 0.000173 
02:   0.092825 0.037168 0.010094 0.001145 0.000000 0.000170 
03:   0.096624 0.037168 0.009632 0.001157 0.000000 0.000169 
04:   0.077926 0.037167 0.009573 0.001187 0.000000 0.000168 
05:   0.066212 0.037167 0.009633 0.001151 0.000000 0.000170 
06:   0.100567 0.037168 0.009544 0.001142 0.000000 0.000165 
07:   0.056661 0.037167 0.009582 0.001137 0.000000 0.000165 
08:   0.095875 0.037167 0.005040 0.001141 0.000000 0.000165 
09:   0.059590 0.037167 0.005007 0.001138 0.000000 0.000170 
10:   0.082486 0.037165 0.005080 0.001135 0.000000 0.000170 
11:   0.087701 0.037167 0.004952 0.001180 0.000000 0.000167 
12:   0.062326 0.037167 0.004984 0.001193 0.000000 0.000166 
13:   0.093019 0.037167 0.005047 0.001191 0.000000 0.000167 
14:   0.076468 0.037167 0.004969 0.001151 0.000000 0.000167 
15:   0.111809 0.037167 0.004990 0.001137 0.000000 0.000167 
iteration  6
00:   0.187231 0.037211 0.009677 0.001149 0.000000 0.000166 
01:   0.128216 0.037211 0.009672 0.001200 0.000000 0.000163 
02:   0.097824 0.037211 0.009617 0.001178 0.000000 0.000162 
03:   0.099051 0.037211 0.009670 0.001191 0.000000 0.000164 
04:   0.090272 0.037210 0.009658 0.001172 0.000000 0.000162 
05:   0.061758 0.037210 0.009650 0.001151 0.000000 0.000165 
06:   0.014097 0.037209 0.009629 0.001233 0.000000 0.000165 
07:   0.027468 0.037209 0.009582 0.001159 0.000000 0.000162 
08:   0.057716 0.037210 0.004991 0.001166 0.000000 0.000162 
09:   0.092303 0.037210 0.005033 0.001183 0.000000 0.000164 
10:   0.126327 0.037211 0.005076 0.001156 0.000000 0.000163 
11:   0.094359 0.037210 0.005028 0.001197 0.000000 0.000163 
12:   0.044583 0.037209 0.004986 0.001148 0.000000 0.000162 
13:   0.080939 0.037210 0.004965 0.001146 0.000000 0.000163 
14:   0.073977 0.037210 0.005023 0.001179 0.000000 0.000163 
15:   0.069024 0.037210 0.005003 0.001183 0.000000 0.000164 
iteration  7
00:   0.355538 0.037103 0.009732 0.000951 0.000000 0.000162 
01:   0.000293 0.037101 0.009726 0.000945 0.000000 0.000162 
02:   0.000298 0.037101 0.009717 0.000948 0.000000 0.000162 
03:   0.151134 0.037101 0.009722 0.000958 0.000000 0.000162 
04:   0.000296 0.037101 0.009720 0.000936 0.000000 0.000162 
05:   0.139581 0.037101 0.009671 0.000920 0.000000 0.000162 
06:   0.060375 0.037100 0.009648 0.000938 0.000000 0.000162 
07:   0.000384 0.037101 0.009713 0.000955 0.000000 0.000163 
08:   0.000383 0.037102 0.004973 0.000937 0.000000 0.000162 
09:   0.295927 0.037102 0.005008 0.000957 0.000000 0.000162 
10:   0.031807 0.037101 0.005001 0.000965 0.000000 0.000162 
11:   0.128254 0.037103 0.004952 0.000963 0.000000 0.000162 
12:   0.000387 0.037102 0.004892 0.000973 0.000000 0.000162 
13:   0.063186 0.037102 0.005010 0.000926 0.000000 0.000164 
14:   0.005638 0.037102 0.004961 0.000945 0.000000 0.000162 
15:   0.092490 0.037102 0.004929 0.000942 0.000000 0.000163 
iteration  8
00:   0.000479 0.038136 0.009889 0.000493 0.000000 0.000197 
01:   0.000538 0.038075 0.009880 0.000494 0.000000 0.000196 
02:   0.000549 0.038075 0.009875 0.000491 0.000000 0.000194 
03:   0.000534 0.038096 0.009881 0.000492 0.000000 0.000194 
04:   0.000564 0.038085 0.009823 0.000493 0.000000 0.000193 
05:   0.000523 0.038013 0.009868 0.000491 0.000000 0.000194 
06:   0.000448 0.038015 0.009850 0.000492 0.000000 0.000194 
07:   0.000701 0.038036 0.009881 0.000495 0.000000 0.000193 
08:   0.000731 0.038096 0.005079 0.000561 0.000000 0.000162 
09:   0.000781 0.038033 0.005107 0.000556 0.000000 0.000162 
10:   0.000774 0.038031 0.005073 0.000556 0.000000 0.000162 
11:   0.000769 0.038032 0.005025 0.000560 0.000000 0.000162 
12:   0.000758 0.038139 0.004961 0.000557 0.000000 0.000162 
13:   3.008386 0.038140 0.005017 0.000561 0.000000 0.000162 
14:   0.000748 0.038097 0.004942 0.000558 0.000000 0.000162 
15:   0.000719 0.038096 0.004927 0.000558 0.000000 0.000162 
/nethome/kalgin/z/mst/run.rand.sh: line 47: 36123 Killed                  ./turbobust_stub.out $i 16
/nethome/kalgin/z/mst/run.rand.sh: line 47: 36141 Segmentation fault      (core dumped) ./turbobust_stub.out $i 16
/nethome/kalgin/z/mst/run.rand.sh: line 62: kill: (36141) - No such process
ls: cannot access /tmp/data.bin: No such file or directory
ls: cannot access /tmp/data.bin: No such file or directory
