threadsCount = 16
loopsCount = 0
7.684
1.506
threadsCount = 1
loopsCount = 0
Done
iterationNumber = 0
iterationNumber = 1
iterationNumber = 2
iterationNumber = 3
iterationNumber = 4
iterationNumber = 5
iterationNumber = 6
iterationNumber = 7
4.812
7.335
iteration  0
00:   0.219419 0.663902 1.356743 0.017613 0.000000 0.232723 
iteration  1
00:   0.856920 0.299927 0.430876 0.042107 0.000000 0.077525 
iteration  2
00:   1.037552 0.126264 0.136672 0.040145 0.000000 0.029474 
iteration  3
00:   0.884596 0.085306 0.065553 0.040457 0.000000 0.013239 
iteration  4
00:   0.088179 0.071963 0.041323 0.037124 0.000000 0.007184 
iteration  5
00:   0.017675 0.068113 0.034901 0.024742 0.000000 0.005616 
iteration  6
00:   0.009830 0.067688 0.033850 0.019558 0.000000 0.005349 
iteration  7
00:   0.008552 0.067674 0.033726 0.010601 0.000000 0.005388 
threadsCount = 2
loopsCount = 0
Done
iterationNumber = 0
iterationNumber = 1
iterationNumber = 2
iterationNumber = 3
iterationNumber = 4
iterationNumber = 5
iterationNumber = 6
iterationNumber = 7
2.584
4.333
iteration  0
00:   0.113044 0.355114 1.007778 0.009015 0.000000 0.116012 
01:   0.116360 0.354757 1.044730 0.009011 0.000000 0.118641 
iteration  1
00:   0.436818 0.158553 0.300654 0.023296 0.000000 0.041285 
01:   0.455811 0.158482 0.308170 0.023329 0.000000 0.041906 
iteration  2
00:   0.537936 0.069496 0.088249 0.021624 0.000000 0.015440 
01:   0.536088 0.069491 0.090669 0.021665 0.000000 0.015465 
iteration  3
00:   0.467878 0.047999 0.039564 0.021057 0.000000 0.006963 
01:   0.464555 0.048003 0.039820 0.021104 0.000000 0.006910 
iteration  4
00:   0.047134 0.041381 0.022772 0.019072 0.000000 0.003710 
01:   0.045462 0.041364 0.022906 0.019127 0.000000 0.003699 
iteration  5
00:   0.009370 0.039126 0.018981 0.012784 0.000000 0.002874 
01:   0.009280 0.039127 0.018995 0.012843 0.000000 0.002876 
iteration  6
00:   0.005272 0.039056 0.018383 0.010266 0.000000 0.002745 
01:   0.005298 0.039057 0.018383 0.010306 0.000000 0.002734 
iteration  7
00:   0.004652 0.039564 0.018227 0.005701 0.000000 0.002776 
01:   0.004677 0.039564 0.018227 0.005704 0.000000 0.002779 
/nethome/kalgin/z/mst/run.xeon.sh: line 45: 189450 Killed                  ./turbobust_stub.out $i 16
threadsCount = 4
loopsCount = 0
Done
iterationNumber = 0
iterationNumber = 1
iterationNumber = 2
iterationNumber = 3
iterationNumber = 4
iterationNumber = 5
iterationNumber = 6
iterationNumber = 7
1.843
2.593
iteration  0
00:   0.061274 0.202530 0.676305 0.004574 0.000000 0.057779 
01:   0.059993 0.202185 0.696346 0.004563 0.000000 0.059208 
02:   0.060959 0.202498 0.700242 0.004579 0.000000 0.059381 
03:   0.062722 0.202151 0.698198 0.004569 0.000000 0.058925 
iteration  1
00:   0.230552 0.095600 0.195701 0.011842 0.000000 0.021433 
01:   0.228593 0.095582 0.198522 0.011883 0.000000 0.021546 
02:   0.240469 0.095684 0.199898 0.011877 0.000000 0.021782 
03:   0.236208 0.095584 0.198847 0.011868 0.000000 0.021563 
iteration  2
00:   0.277477 0.048985 0.051421 0.010942 0.000000 0.007844 
01:   0.274457 0.048927 0.053556 0.010964 0.000000 0.008107 
02:   0.277333 0.049001 0.053779 0.010995 0.000000 0.008062 
03:   0.272140 0.048926 0.053458 0.010981 0.000000 0.008030 
iteration  3
00:   0.248454 0.038244 0.023053 0.010653 0.000000 0.003580 
01:   0.250657 0.038242 0.023508 0.010709 0.000000 0.003646 
02:   0.246940 0.038246 0.023343 0.010731 0.000000 0.003611 
03:   0.247441 0.038262 0.023360 0.010746 0.000000 0.003608 
iteration  4
00:   0.025028 0.034857 0.013243 0.009627 0.000000 0.001912 
01:   0.024963 0.034851 0.013121 0.009667 0.000000 0.001902 
02:   0.024100 0.034854 0.013156 0.009670 0.000000 0.001895 
03:   0.023999 0.034853 0.013295 0.009690 0.000000 0.001910 
iteration  5
00:   0.005333 0.034209 0.010845 0.006526 0.000000 0.001492 
01:   0.005172 0.034211 0.010763 0.006551 0.000000 0.001475 
02:   0.005172 0.034211 0.010771 0.006547 0.000000 0.001481 
03:   0.005213 0.034212 0.010724 0.006537 0.000000 0.001490 
iteration  6
00:   0.003233 0.034122 0.010250 0.005317 0.000000 0.001446 
01:   0.003218 0.034122 0.010290 0.005347 0.000000 0.001442 
02:   0.003205 0.034123 0.010357 0.005306 0.000000 0.001439 
03:   0.003234 0.034122 0.010220 0.005221 0.000000 0.001435 
iteration  7
00:   0.002781 0.034256 0.010327 0.002984 0.000000 0.001462 
01:   0.002858 0.034256 0.010314 0.002996 0.000000 0.001446 
02:   0.002863 0.034256 0.010296 0.002934 0.000000 0.001455 
03:   0.002825 0.034256 0.010277 0.002972 0.000000 0.001460 
/nethome/kalgin/z/mst/run.xeon.sh: line 45: 189467 Killed                  ./turbobust_stub.out $i 16
threadsCount = 8
loopsCount = 0
Done
iterationNumber = 0
iterationNumber = 1
iterationNumber = 2
iterationNumber = 3
iterationNumber = 4
iterationNumber = 5
iterationNumber = 6
iterationNumber = 7
1.076
1.665
iteration  0
00:   0.034647 0.143788 0.430095 0.002402 0.000000 0.033330 
01:   0.034182 0.143720 0.437723 0.002399 0.000000 0.032820 
02:   0.033951 0.143572 0.439374 0.002401 0.000000 0.032449 
03:   0.034125 0.143638 0.440576 0.002401 0.000000 0.033056 
04:   0.034557 0.143673 0.439351 0.002399 0.000000 0.032959 
05:   0.034801 0.143670 0.443174 0.002398 0.000000 0.032986 
06:   0.034857 0.143539 0.443393 0.002399 0.000000 0.032938 
07:   0.034788 0.143572 0.442806 0.002401 0.000000 0.032835 
iteration  1
00:   0.125089 0.074848 0.122820 0.006100 0.000000 0.012330 
01:   0.121905 0.074875 0.122973 0.006108 0.000000 0.012164 
02:   0.120441 0.074825 0.123293 0.006112 0.000000 0.012051 
03:   0.123165 0.074831 0.122995 0.006105 0.000000 0.012077 
04:   0.127139 0.074852 0.123036 0.006107 0.000000 0.012162 
05:   0.127825 0.074838 0.124226 0.006105 0.000000 0.012238 
06:   0.127752 0.074617 0.124015 0.006106 0.000000 0.012133 
07:   0.117613 0.074756 0.124069 0.006094 0.000000 0.012244 
iteration  2
00:   0.153719 0.043144 0.030544 0.005657 0.000000 0.004497 
01:   0.150872 0.043124 0.030510 0.005659 0.000000 0.004471 
02:   0.150057 0.043088 0.030992 0.005651 0.000000 0.004498 
03:   0.149143 0.043124 0.031081 0.005658 0.000000 0.004497 
04:   0.150587 0.043152 0.030949 0.005663 0.000000 0.004499 
05:   0.151919 0.043150 0.031240 0.005646 0.000000 0.004490 
06:   0.149941 0.042918 0.031027 0.005658 0.000000 0.004523 
07:   0.149556 0.043109 0.030693 0.005653 0.000000 0.004458 
iteration  3
00:   0.138006 0.036342 0.014304 0.005414 0.000000 0.002014 
01:   0.135422 0.036322 0.014258 0.005416 0.000000 0.002043 
02:   0.137437 0.036327 0.014286 0.005417 0.000000 0.002035 
03:   0.137013 0.036356 0.014365 0.005418 0.000000 0.002031 
04:   0.134385 0.036336 0.014118 0.005418 0.000000 0.002010 
05:   0.136578 0.036348 0.014266 0.005419 0.000000 0.002019 
06:   0.137767 0.036297 0.014188 0.005418 0.000000 0.002048 
07:   0.135133 0.036342 0.014180 0.005413 0.000000 0.002032 
iteration  4
00:   0.014529 0.034535 0.008929 0.004902 0.000000 0.001027 
01:   0.014447 0.034537 0.008987 0.004900 0.000000 0.001039 
02:   0.013970 0.034535 0.008795 0.004903 0.000000 0.001029 
03:   0.014631 0.034535 0.008874 0.004903 0.000000 0.000998 
04:   0.013900 0.034532 0.008882 0.004901 0.000000 0.001032 
05:   0.013979 0.034536 0.008741 0.004906 0.000000 0.001000 
06:   0.013876 0.034532 0.008866 0.004901 0.000000 0.001043 
07:   0.014021 0.034535 0.008842 0.004903 0.000000 0.001037 
iteration  5
00:   0.003623 0.034334 0.007825 0.003303 0.000000 0.000796 
01:   0.003701 0.034335 0.007918 0.003293 0.000000 0.000806 
02:   0.003540 0.034334 0.007860 0.003301 0.000000 0.000803 
03:   0.003591 0.034335 0.007879 0.003305 0.000000 0.000777 
04:   0.003662 0.034336 0.007728 0.003302 0.000000 0.000796 
05:   0.003477 0.034332 0.007727 0.003296 0.000000 0.000792 
06:   0.003601 0.034334 0.007690 0.003306 0.000000 0.000787 
07:   0.003593 0.034334 0.007710 0.003304 0.000000 0.000815 
iteration  6
00:   0.002569 0.034606 0.007669 0.002712 0.000000 0.000765 
01:   0.002734 0.034606 0.007730 0.002709 0.000000 0.000760 
02:   0.002705 0.034606 0.007657 0.002711 0.000000 0.000775 
03:   0.002712 0.034606 0.007734 0.002711 0.000000 0.000746 
04:   0.002702 0.034606 0.007647 0.002711 0.000000 0.000765 
05:   0.002703 0.034606 0.007709 0.002711 0.000000 0.000763 
06:   0.002620 0.034606 0.007579 0.002713 0.000000 0.000772 
07:   0.002652 0.034606 0.007530 0.002710 0.000000 0.000772 
iteration  7
00:   0.002395 0.034497 0.007661 0.001553 0.000000 0.000777 
01:   0.002561 0.034497 0.007733 0.001552 0.000000 0.000775 
02:   0.002563 0.034497 0.007656 0.001544 0.000000 0.000772 
03:   0.002555 0.034497 0.007580 0.001553 0.000000 0.000766 
04:   0.002553 0.034497 0.007638 0.001554 0.000000 0.000765 
05:   0.002563 0.034496 0.007655 0.001552 0.000000 0.000759 
06:   0.002565 0.034497 0.007650 0.001545 0.000000 0.000758 
07:   0.002426 0.034496 0.007635 0.001554 0.000000 0.000781 
/nethome/kalgin/z/mst/run.xeon.sh: line 45: 189486 Killed                  ./turbobust_stub.out $i 16
threadsCount = 16
loopsCount = 0
Done
iterationNumber = 0
iterationNumber = 1
iterationNumber = 2
iterationNumber = 3
iterationNumber = 4
iterationNumber = 5
iterationNumber = 6
iterationNumber = 7
0.749
1.295
iteration  0
00:   0.019216 0.121602 0.328542 0.001972 0.000000 0.020363 
01:   0.019258 0.121332 0.305728 0.001944 0.000000 0.020625 
02:   0.019282 0.121466 0.306672 0.001946 0.000000 0.020389 
03:   0.018696 0.121645 0.337359 0.001946 0.000000 0.020306 
04:   0.018994 0.121388 0.308236 0.001944 0.000000 0.020464 
05:   0.019036 0.121445 0.339023 0.001944 0.000000 0.020386 
06:   0.018973 0.120994 0.337458 0.001949 0.000000 0.020640 
07:   0.019164 0.121345 0.340778 0.001944 0.000000 0.020671 
08:   0.017671 0.110740 0.271893 0.001950 0.000000 0.017782 
09:   0.017469 0.110503 0.271737 0.001966 0.000000 0.017921 
10:   0.017619 0.110801 0.295858 0.001961 0.000000 0.017742 
11:   0.017663 0.110683 0.271735 0.001956 0.000000 0.017936 
12:   0.017642 0.110740 0.272484 0.001949 0.000000 0.018300 
13:   0.018420 0.110621 0.271446 0.001970 0.000000 0.018078 
14:   0.018462 0.110476 0.295645 0.001970 0.000000 0.018190 
15:   0.018248 0.110560 0.294059 0.001957 0.000000 0.018167 
iteration  1
00:   0.076295 0.061230 0.091684 0.006043 0.000000 0.007269 
01:   0.077884 0.061309 0.083356 0.006051 0.000000 0.007300 
02:   0.079791 0.061327 0.083693 0.006016 0.000000 0.007225 
03:   0.074959 0.061313 0.092150 0.006024 0.000000 0.007239 
04:   0.074809 0.061207 0.083853 0.006014 0.000000 0.007276 
05:   0.074748 0.061305 0.092434 0.006050 0.000000 0.007267 
06:   0.074850 0.060876 0.091816 0.006061 0.000000 0.007250 
07:   0.075568 0.061305 0.092728 0.006036 0.000000 0.007258 
08:   0.066599 0.058969 0.073711 0.006009 0.000000 0.006433 
09:   0.067027 0.058931 0.073262 0.006009 0.000000 0.006463 
10:   0.066790 0.058950 0.079226 0.006007 0.000000 0.006544 
11:   0.068697 0.059010 0.073690 0.006059 0.000000 0.006472 
12:   0.069815 0.058884 0.073249 0.006067 0.000000 0.006480 
13:   0.074616 0.058968 0.073375 0.006075 0.000000 0.006470 
14:   0.072260 0.058510 0.079485 0.006018 0.000000 0.006550 
15:   0.064865 0.058895 0.078993 0.006007 0.000000 0.006540 
iteration  2
00:   0.094662 0.042114 0.022954 0.004923 0.000000 0.002653 
01:   0.093319 0.042101 0.020995 0.004981 0.000000 0.002696 
02:   0.094489 0.042128 0.020847 0.004978 0.000000 0.002682 
03:   0.092460 0.042120 0.022779 0.004978 0.000000 0.002650 
04:   0.093224 0.042092 0.021017 0.004973 0.000000 0.002701 
05:   0.094739 0.042088 0.023095 0.004978 0.000000 0.002742 
06:   0.093096 0.042018 0.022878 0.004982 0.000000 0.002701 
07:   0.093894 0.042086 0.023328 0.004974 0.000000 0.002713 
08:   0.086307 0.041716 0.018039 0.004984 0.000000 0.002413 
09:   0.086221 0.041720 0.017604 0.004971 0.000000 0.002316 
10:   0.087378 0.041724 0.018731 0.004985 0.000000 0.002376 
11:   0.086615 0.041737 0.017916 0.004986 0.000000 0.002382 
12:   0.085524 0.041689 0.017853 0.004955 0.000000 0.002417 
13:   0.087544 0.041723 0.017715 0.004960 0.000000 0.002417 
14:   0.087900 0.041581 0.018525 0.004977 0.000000 0.002377 
15:   0.085790 0.041713 0.018541 0.004945 0.000000 0.002392 
iteration  3
00:   0.085531 0.038011 0.012774 0.003916 0.000000 0.001131 
01:   0.085084 0.038023 0.012019 0.003935 0.000000 0.001172 
02:   0.084759 0.038010 0.012052 0.003963 0.000000 0.001196 
03:   0.083704 0.038011 0.012793 0.003933 0.000000 0.001148 
04:   0.085315 0.038009 0.012137 0.003939 0.000000 0.001199 
05:   0.086985 0.038014 0.012881 0.003961 0.000000 0.001184 
06:   0.086356 0.038004 0.012881 0.003947 0.000000 0.001183 
07:   0.085914 0.038017 0.012967 0.003925 0.000000 0.001197 
08:   0.081154 0.037955 0.008645 0.003962 0.000000 0.001022 
09:   0.077995 0.037944 0.008370 0.003928 0.000000 0.000990 
10:   0.080883 0.037956 0.008788 0.003963 0.000000 0.001024 
11:   0.080592 0.037954 0.008509 0.003952 0.000000 0.000993 
12:   0.081698 0.037947 0.008548 0.003927 0.000000 0.001031 
13:   0.081383 0.037952 0.008517 0.003909 0.000000 0.001038 
14:   0.080401 0.037944 0.008708 0.003964 0.000000 0.001034 
15:   0.079125 0.037949 0.008602 0.003911 0.000000 0.001017 
iteration  4
00:   0.008785 0.037154 0.010199 0.003099 0.000000 0.000598 
01:   0.009448 0.037153 0.010023 0.003140 0.000000 0.000611 
02:   0.009346 0.037157 0.010099 0.003141 0.000000 0.000631 
03:   0.008724 0.037151 0.010251 0.003085 0.000000 0.000615 
04:   0.009073 0.037154 0.010011 0.003131 0.000000 0.000630 
05:   0.008936 0.037153 0.010219 0.003112 0.000000 0.000607 
06:   0.009485 0.037152 0.010177 0.003104 0.000000 0.000604 
07:   0.009536 0.037156 0.010230 0.003076 0.000000 0.000613 
08:   0.007789 0.037149 0.005697 0.003089 0.000000 0.000499 
09:   0.007927 0.037147 0.005761 0.003080 0.000000 0.000495 
10:   0.008083 0.037151 0.005600 0.003070 0.000000 0.000489 
11:   0.007769 0.037147 0.005541 0.003091 0.000000 0.000480 
12:   0.008141 0.037149 0.005659 0.003087 0.000000 0.000501 
13:   0.007808 0.037149 0.005620 0.003090 0.000000 0.000509 
14:   0.008225 0.037149 0.005549 0.003094 0.000000 0.000511 
15:   0.007823 0.037147 0.005622 0.003091 0.000000 0.000494 
iteration  5
00:   0.001961 0.037268 0.009790 0.002202 0.000000 0.000479 
01:   0.001812 0.037268 0.009761 0.002211 0.000000 0.000472 
02:   0.001972 0.037268 0.009786 0.002186 0.000000 0.000487 
03:   0.001850 0.037268 0.009790 0.002183 0.000000 0.000491 
04:   0.002033 0.037268 0.009753 0.002209 0.000000 0.000489 
05:   0.002100 0.037267 0.009710 0.002195 0.000000 0.000483 
06:   0.002134 0.037268 0.009700 0.002202 0.000000 0.000479 
07:   0.002246 0.037268 0.009773 0.002236 0.000000 0.000482 
08:   0.001970 0.037267 0.005074 0.002208 0.000000 0.000384 
09:   0.001961 0.037268 0.005067 0.002234 0.000000 0.000374 
10:   0.001908 0.037267 0.005020 0.002188 0.000000 0.000374 
11:   0.001830 0.037267 0.005043 0.002196 0.000000 0.000376 
12:   0.001917 0.037267 0.005044 0.002246 0.000000 0.000373 
13:   0.001862 0.037268 0.005057 0.002237 0.000000 0.000376 
14:   0.001892 0.037267 0.005021 0.002279 0.000000 0.000384 
15:   0.001834 0.037267 0.005018 0.002203 0.000000 0.000381 
iteration  6
00:   0.001052 0.037305 0.009741 0.001719 0.000000 0.000458 
01:   0.000806 0.037305 0.009705 0.001714 0.000000 0.000458 
02:   0.000902 0.037305 0.009654 0.001707 0.000000 0.000467 
03:   0.000867 0.037304 0.009706 0.001728 0.000000 0.000477 
04:   0.001207 0.037305 0.009713 0.001709 0.000000 0.000468 
05:   0.001323 0.037305 0.009686 0.001714 0.000000 0.000469 
06:   0.001271 0.037305 0.009716 0.001716 0.000000 0.000465 
07:   0.001388 0.037305 0.009662 0.001728 0.000000 0.000456 
08:   0.001226 0.037305 0.005062 0.001712 0.000000 0.000368 
09:   0.001205 0.037305 0.005017 0.001728 0.000000 0.000362 
10:   0.001237 0.037305 0.005038 0.001686 0.000000 0.000365 
11:   0.001197 0.037305 0.005025 0.001697 0.000000 0.000361 
12:   0.001068 0.037305 0.005057 0.001713 0.000000 0.000357 
13:   0.001069 0.037305 0.004999 0.001720 0.000000 0.000368 
14:   0.001138 0.037305 0.004964 0.001725 0.000000 0.000363 
15:   0.001064 0.037305 0.004994 0.001717 0.000000 0.000363 
iteration  7
00:   0.000844 0.037323 0.009787 0.001111 0.000000 0.000465 
01:   0.000676 0.037322 0.009781 0.001102 0.000000 0.000460 
02:   0.000700 0.037323 0.009761 0.001095 0.000000 0.000467 
03:   0.000703 0.037322 0.009794 0.001121 0.000000 0.000479 
04:   0.001012 0.037322 0.009732 0.001098 0.000000 0.000475 
05:   0.001109 0.037323 0.009794 0.001119 0.000000 0.000474 
06:   0.001082 0.037323 0.009767 0.001095 0.000000 0.000465 
07:   0.001122 0.037323 0.009777 0.001106 0.000000 0.000463 
08:   0.001037 0.037322 0.005037 0.001094 0.000000 0.000372 
09:   0.001015 0.037323 0.005070 0.001121 0.000000 0.000364 
10:   0.001019 0.037323 0.005014 0.001094 0.000000 0.000367 
11:   0.001020 0.037323 0.004993 0.001101 0.000000 0.000368 
12:   0.000890 0.037322 0.004970 0.001093 0.000000 0.000366 
13:   0.000963 0.037323 0.004974 0.001105 0.000000 0.000370 
14:   0.000959 0.037323 0.004917 0.001097 0.000000 0.000371 
15:   0.000956 0.037322 0.004970 0.001100 0.000000 0.000370 
/nethome/kalgin/z/mst/run.xeon.sh: line 45: 189504 Killed                  ./turbobust_stub.out $i 16
/nethome/kalgin/z/mst/run.xeon.sh: line 45: 189522 Segmentation fault      (core dumped) ./turbobust_stub.out $i 16
/nethome/kalgin/z/mst/run.xeon.sh: line 60: kill: (189522) - No such process
