threadsCount = 16
loopsCount = 0
30.297
47.030
threadsCount = 1
loopsCount = 0
Done
iterationNumber = 0
iterationNumber = 1
iterationNumber = 2
iterationNumber = 3
iterationNumber = 4
iterationNumber = 5
iterationNumber = 6
iterationNumber = 7
iterationNumber = 8
iterationNumber = 9
iterationNumber = 10
iterationNumber = 11
iterationNumber = 12
iterationNumber = 13
iterationNumber = 14
14.146
84.004
iteration  0
00:   1.155161 6.129187 14.079388 0.239818 0.000000 0.935207 
iteration  1
00:   3.394544 4.029035 6.414344 0.582736 0.000000 1.228677 
iteration  2
00:   4.169078 1.991945 2.498790 0.446851 0.000000 0.590956 
iteration  3
00:   3.342253 1.409299 1.155227 0.340502 0.000000 0.214140 
iteration  4
00:   2.523083 1.227432 0.741810 0.258674 0.000000 0.093385 
iteration  5
00:   1.804443 1.159188 0.627039 0.215516 0.000000 0.058481 
iteration  6
00:   1.201787 1.144462 0.593875 0.194370 0.000000 0.048278 
iteration  7
00:   0.769367 1.140866 0.585133 0.186068 0.000000 0.045347 
iteration  8
00:   0.495083 1.137176 0.582526 0.180654 0.000000 0.044398 
iteration  9
00:   0.326481 1.140242 0.581642 0.178614 0.000000 0.044028 
iteration 10
00:   0.221352 1.140711 0.582138 0.172801 0.000000 0.043979 
iteration 11
00:   0.155034 1.139972 0.582791 0.174152 0.000000 0.043977 
iteration 12
00:   0.122370 1.140196 0.582814 0.168579 0.000000 0.043948 
iteration 13
00:   0.103903 1.140496 0.582711 0.167464 0.000000 0.043968 
iteration 14
00:   0.087641 1.140566 0.582416 0.073330 0.000000 0.043875 
threadsCount = 2
loopsCount = 0
Done
iterationNumber = 0
iterationNumber = 1
iterationNumber = 2
iterationNumber = 3
iterationNumber = 4
iterationNumber = 5
iterationNumber = 6
iterationNumber = 7
iterationNumber = 8
iterationNumber = 9
iterationNumber = 10
iterationNumber = 11
iterationNumber = 12
iterationNumber = 13
iterationNumber = 14
9.871
46.791
iteration  0
00:   0.632198 3.201822 7.493795 0.120017 0.000000 0.475329 
01:   0.629009 3.511944 8.130238 0.119812 0.000000 0.477364 
iteration  1
00:   1.734307 2.133186 3.309861 0.291903 0.000000 0.624056 
01:   1.727379 2.277622 3.516692 0.291670 0.000000 0.633724 
iteration  2
00:   2.199618 1.087548 1.271167 0.224128 0.000000 0.293822 
01:   2.193444 1.127068 1.373477 0.223934 0.000000 0.298460 
iteration  3
00:   1.869349 0.794385 0.577605 0.170942 0.000000 0.107450 
01:   1.862853 0.804651 0.650853 0.170891 0.000000 0.108850 
iteration  4
00:   1.427386 0.696334 0.362858 0.129590 0.000000 0.046932 
01:   1.424741 0.699093 0.421685 0.129715 0.000000 0.047307 
iteration  5
00:   0.999172 0.664980 0.302173 0.108214 0.000000 0.029617 
01:   0.994089 0.665677 0.358051 0.107574 0.000000 0.029626 
iteration  6
00:   0.651558 0.656970 0.277884 0.097674 0.000000 0.024252 
01:   0.650650 0.657147 0.335143 0.097323 0.000000 0.024248 
iteration  7
00:   0.413693 0.655976 0.274226 0.093312 0.000000 0.022791 
01:   0.412690 0.656015 0.328462 0.092644 0.000000 0.022705 
iteration  8
00:   0.266356 0.653794 0.277887 0.090759 0.000000 0.022340 
01:   0.261694 0.653799 0.331357 0.089969 0.000000 0.022218 
iteration  9
00:   0.173352 0.652765 0.277524 0.089201 0.000000 0.022188 
01:   0.171399 0.652769 0.332876 0.089755 0.000000 0.022119 
iteration 10
00:   0.112659 0.653676 0.275398 0.088268 0.000000 0.022126 
01:   0.120484 0.653677 0.332419 0.083151 0.000000 0.022056 
iteration 11
00:   0.084819 0.654339 0.267831 0.087096 0.000000 0.022127 
01:   0.082002 0.654339 0.323024 0.088313 0.000000 0.022040 
iteration 12
00:   0.067242 0.654957 0.267695 0.087494 0.000000 0.022092 
01:   0.069793 0.654957 0.323084 0.081274 0.000000 0.022026 
iteration 13
00:   0.060055 0.654590 0.268274 0.076381 0.000000 0.022106 
01:   0.059405 0.654590 0.323378 0.090819 0.000000 0.022065 
iteration 14
00:   0.056367 0.655798 0.268074 0.036694 0.000000 0.022099 
01:   0.046021 0.655797 0.323228 0.036649 0.000000 0.022032 
/nethome/kalgin/z/mst/run.xeon.sh: line 46: 188971 Killed                  ./turbobust_stub.out $i 16
threadsCount = 4
loopsCount = 0
Done
iterationNumber = 0
iterationNumber = 1
iterationNumber = 2
iterationNumber = 3
iterationNumber = 4
iterationNumber = 5
iterationNumber = 6
iterationNumber = 7
iterationNumber = 8
iterationNumber = 9
iterationNumber = 10
iterationNumber = 11
iterationNumber = 12
iterationNumber = 13
iterationNumber = 14
8.566
27.212
iteration  0
00:   0.331790 1.815634 4.001042 0.060445 0.000000 0.248643 
01:   0.331338 1.813186 4.111378 0.060144 0.000000 0.249331 
02:   0.330001 1.813575 4.112704 0.060159 0.000000 0.249793 
03:   0.329710 2.100042 4.626937 0.060224 0.000000 0.249883 
iteration  1
00:   0.951268 1.239476 1.738485 0.147093 0.000000 0.315743 
01:   0.948677 1.239501 1.744265 0.146647 0.000000 0.318748 
02:   0.951203 1.240349 1.745027 0.146711 0.000000 0.318929 
03:   0.946380 1.375511 1.951226 0.146897 0.000000 0.319955 
iteration  2
00:   1.319235 0.649933 0.671782 0.113094 0.000000 0.151887 
01:   1.318662 0.649873 0.680614 0.112874 0.000000 0.153414 
02:   1.317209 0.650162 0.680123 0.112937 0.000000 0.153603 
03:   1.314624 0.686830 0.767457 0.112957 0.000000 0.153780 
iteration  3
00:   1.106354 0.479946 0.314142 0.086365 0.000000 0.056194 
01:   1.105814 0.479918 0.318137 0.085995 0.000000 0.056451 
02:   1.104901 0.479987 0.318898 0.086147 0.000000 0.056561 
03:   1.104814 0.489692 0.375103 0.086170 0.000000 0.056608 
iteration  4
00:   0.804954 0.434292 0.191379 0.065854 0.000000 0.024330 
01:   0.802976 0.434232 0.191321 0.065653 0.000000 0.024324 
02:   0.804648 0.434264 0.191237 0.065549 0.000000 0.024340 
03:   0.804961 0.436913 0.242807 0.065460 0.000000 0.024446 
iteration  5
00:   0.547318 0.420758 0.157698 0.054427 0.000000 0.015189 
01:   0.546317 0.420747 0.157173 0.054200 0.000000 0.015152 
02:   0.546722 0.420751 0.157618 0.054023 0.000000 0.015119 
03:   0.547075 0.421423 0.203856 0.054403 0.000000 0.015184 
iteration  6
00:   0.354298 0.418585 0.147109 0.049689 0.000000 0.012512 
01:   0.353363 0.418581 0.146865 0.049357 0.000000 0.012401 
02:   0.355434 0.418587 0.146314 0.049096 0.000000 0.012398 
03:   0.355588 0.418766 0.195306 0.049454 0.000000 0.012451 
iteration  7
00:   0.223915 0.418136 0.141545 0.046823 0.000000 0.011647 
01:   0.222081 0.418131 0.141624 0.046917 0.000000 0.011631 
02:   0.223027 0.418132 0.141394 0.046713 0.000000 0.011592 
03:   0.224130 0.418176 0.190661 0.046513 0.000000 0.011624 
iteration  8
00:   0.140568 0.417710 0.140765 0.045653 0.000000 0.011434 
01:   0.139814 0.417708 0.140530 0.046373 0.000000 0.011346 
02:   0.140070 0.417707 0.140383 0.045493 0.000000 0.011326 
03:   0.137240 0.417717 0.191357 0.045245 0.000000 0.011344 
iteration  9
00:   0.093568 0.418242 0.140447 0.044721 0.000000 0.011368 
01:   0.091612 0.418242 0.140291 0.045103 0.000000 0.011280 
02:   0.091221 0.418242 0.140056 0.045176 0.000000 0.011274 
03:   0.091833 0.418245 0.189706 0.045302 0.000000 0.011265 
iteration 10
00:   0.070636 0.418378 0.140069 0.044176 0.000000 0.011333 
01:   0.063018 0.418377 0.139718 0.045654 0.000000 0.011261 
02:   0.082294 0.418378 0.139302 0.042235 0.000000 0.011253 
03:   0.056155 0.418378 0.188787 0.041908 0.000000 0.011236 
iteration 11
00:   0.069710 0.417897 0.139839 0.042316 0.000000 0.011337 
01:   0.042014 0.417896 0.139511 0.045723 0.000000 0.011274 
02:   0.059769 0.417897 0.139370 0.046534 0.000000 0.011246 
03:   0.050130 0.417896 0.188668 0.042394 0.000000 0.011258 
iteration 12
00:   0.041290 0.418022 0.140440 0.043405 0.000000 0.011302 
01:   0.048994 0.418021 0.140035 0.044480 0.000000 0.011240 
02:   0.036783 0.418021 0.139819 0.040438 0.000000 0.011232 
03:   0.055475 0.418022 0.188704 0.041844 0.000000 0.011224 
iteration 13
00:   0.049218 0.417996 0.139972 0.037238 0.000000 0.011348 
01:   0.035354 0.417995 0.139904 0.040206 0.000000 0.011270 
02:   0.035243 0.417995 0.139832 0.044874 0.000000 0.011248 
03:   0.049626 0.417996 0.188907 0.046934 0.000000 0.011255 
iteration 14
00:   0.048893 0.417540 0.139245 0.018492 0.000000 0.011307 
01:   0.040030 0.417539 0.139019 0.018430 0.000000 0.011252 
02:   0.039868 0.417539 0.138971 0.018399 0.000000 0.011227 
03:   0.039900 0.417539 0.188710 0.018412 0.000000 0.011230 
/nethome/kalgin/z/mst/run.xeon.sh: line 46: 188989 Killed                  ./turbobust_stub.out $i 16
threadsCount = 8
loopsCount = 0
Done
iterationNumber = 0
iterationNumber = 1
iterationNumber = 2
iterationNumber = 3
iterationNumber = 4
iterationNumber = 5
iterationNumber = 6
iterationNumber = 7
iterationNumber = 8
iterationNumber = 9
iterationNumber = 10
iterationNumber = 11
iterationNumber = 12
iterationNumber = 13
iterationNumber = 14
6.388
17.311
iteration  0
00:   0.227364 1.323174 2.307467 0.030763 0.000000 0.175537 
01:   0.228333 1.324173 2.389428 0.030758 0.000000 0.175497 
02:   0.228783 1.321850 2.390736 0.030761 0.000000 0.175449 
03:   0.227962 1.321884 2.391827 0.030760 0.000000 0.175050 
04:   0.228276 1.321430 2.389956 0.030760 0.000000 0.175070 
05:   0.227762 1.320519 2.393654 0.030760 0.000000 0.174625 
06:   0.225867 1.446885 2.631921 0.030757 0.000000 0.175520 
07:   0.227601 1.458315 2.656172 0.030760 0.000000 0.175000 
iteration  1
00:   0.654888 0.773722 0.957899 0.074696 0.000000 0.179883 
01:   0.647511 0.773559 0.962211 0.074696 0.000000 0.180104 
02:   0.651014 0.773735 0.961651 0.074701 0.000000 0.179017 
03:   0.648965 0.773853 0.960649 0.074691 0.000000 0.180121 
04:   0.648854 0.773979 0.962554 0.074699 0.000000 0.179640 
05:   0.649956 0.773938 0.964935 0.074699 0.000000 0.179998 
06:   0.641705 0.830485 1.050722 0.074701 0.000000 0.180579 
07:   0.642857 0.836701 1.057098 0.074696 0.000000 0.179851 
iteration  2
00:   0.834587 0.460151 0.371029 0.057886 0.000000 0.084101 
01:   0.828633 0.460074 0.375601 0.057883 0.000000 0.083829 
02:   0.828386 0.460028 0.375021 0.057885 0.000000 0.083212 
03:   0.827627 0.460113 0.375031 0.057884 0.000000 0.083974 
04:   0.826242 0.460190 0.375451 0.057872 0.000000 0.083453 
05:   0.826517 0.460069 0.374743 0.057877 0.000000 0.083773 
06:   0.822253 0.475396 0.409547 0.057887 0.000000 0.084122 
07:   0.819918 0.477019 0.410734 0.057889 0.000000 0.083955 
iteration  3
00:   0.621118 0.373934 0.168207 0.044749 0.000000 0.029728 
01:   0.616399 0.373919 0.170014 0.044760 0.000000 0.029755 
02:   0.616098 0.373912 0.169882 0.044747 0.000000 0.029397 
03:   0.613711 0.373915 0.170234 0.044740 0.000000 0.029689 
04:   0.614845 0.373939 0.169618 0.044753 0.000000 0.029489 
05:   0.614214 0.373927 0.169327 0.044752 0.000000 0.029606 
06:   0.613044 0.377886 0.194026 0.044756 0.000000 0.029656 
07:   0.610563 0.378397 0.194781 0.044753 0.000000 0.029784 
iteration  4
00:   0.425712 0.354122 0.112815 0.034187 0.000000 0.012607 
01:   0.426223 0.354116 0.113037 0.034180 0.000000 0.012583 
02:   0.424698 0.354090 0.112556 0.034192 0.000000 0.012452 
03:   0.422580 0.354102 0.112460 0.034197 0.000000 0.012531 
04:   0.424411 0.354116 0.111801 0.034195 0.000000 0.012486 
05:   0.423834 0.354106 0.111792 0.034191 0.000000 0.012468 
06:   0.423186 0.355277 0.128116 0.034188 0.000000 0.012525 
07:   0.421033 0.355406 0.128618 0.034183 0.000000 0.012602 
iteration  5
00:   0.284628 0.350897 0.098276 0.028311 0.000000 0.008309 
01:   0.285582 0.350928 0.099022 0.028315 0.000000 0.008284 
02:   0.283392 0.350887 0.098086 0.028301 0.000000 0.008238 
03:   0.283814 0.350909 0.097863 0.028306 0.000000 0.008291 
04:   0.283837 0.350904 0.097680 0.028311 0.000000 0.008201 
05:   0.282929 0.350893 0.097511 0.028303 0.000000 0.008209 
06:   0.283128 0.351191 0.109404 0.028315 0.000000 0.008284 
07:   0.281306 0.351215 0.109572 0.028312 0.000000 0.008264 
iteration  6
00:   0.181704 0.349059 0.095200 0.025626 0.000000 0.006793 
01:   0.181568 0.349057 0.095113 0.025618 0.000000 0.006750 
02:   0.180089 0.349053 0.095075 0.025617 0.000000 0.006720 
03:   0.180284 0.349058 0.094927 0.025622 0.000000 0.006764 
04:   0.181034 0.349061 0.094193 0.025620 0.000000 0.006751 
05:   0.180645 0.349058 0.094228 0.025617 0.000000 0.006691 
06:   0.181585 0.349140 0.103766 0.025620 0.000000 0.006778 
07:   0.178964 0.349144 0.103728 0.025617 0.000000 0.006798 
iteration  7
00:   0.116527 0.348411 0.094883 0.024582 0.000000 0.006394 
01:   0.119449 0.348408 0.094797 0.024585 0.000000 0.006276 
02:   0.114791 0.348406 0.094561 0.024583 0.000000 0.006310 
03:   0.118482 0.348408 0.094326 0.024588 0.000000 0.006289 
04:   0.116880 0.348406 0.093934 0.024571 0.000000 0.006260 
05:   0.117111 0.348409 0.093810 0.024595 0.000000 0.006279 
06:   0.119018 0.348425 0.102070 0.024577 0.000000 0.006275 
07:   0.114854 0.348427 0.101599 0.024594 0.000000 0.006277 
iteration  8
00:   0.081388 0.348277 0.093831 0.024111 0.000000 0.006205 
01:   0.081437 0.348276 0.093917 0.024113 0.000000 0.006146 
02:   0.079707 0.348274 0.093739 0.024109 0.000000 0.006148 
03:   0.082292 0.348276 0.093597 0.024105 0.000000 0.006132 
04:   0.076909 0.348274 0.093009 0.024109 0.000000 0.006132 
05:   0.084809 0.348276 0.092924 0.024111 0.000000 0.006091 
06:   0.080586 0.348277 0.101671 0.024110 0.000000 0.006101 
07:   0.077717 0.348279 0.101268 0.024108 0.000000 0.006089 
iteration  9
00:   0.065054 0.349072 0.093820 0.023786 0.000000 0.006174 
01:   0.060289 0.349071 0.093717 0.023783 0.000000 0.006127 
02:   0.058409 0.349071 0.093760 0.023779 0.000000 0.006127 
03:   0.064312 0.349072 0.093479 0.023781 0.000000 0.006125 
04:   0.060740 0.349071 0.093337 0.023781 0.000000 0.006102 
05:   0.061256 0.349071 0.093239 0.023777 0.000000 0.006102 
06:   0.063799 0.349073 0.101050 0.023782 0.000000 0.006087 
07:   0.058420 0.349072 0.100580 0.023790 0.000000 0.006108 
iteration 10
00:   0.055144 0.349205 0.093690 0.023753 0.000000 0.006176 
01:   0.048998 0.349205 0.093545 0.023753 0.000000 0.006131 
02:   0.038011 0.349204 0.093445 0.023744 0.000000 0.006165 
03:   0.054403 0.349206 0.093366 0.023750 0.000000 0.006112 
04:   0.050690 0.349205 0.092996 0.023746 0.000000 0.006139 
05:   0.065033 0.349206 0.092911 0.023753 0.000000 0.006125 
06:   0.039076 0.349205 0.101343 0.023743 0.000000 0.006087 
07:   0.047609 0.349205 0.100748 0.023750 0.000000 0.006170 
iteration 11
00:   0.049254 0.348954 0.093760 0.024186 0.000000 0.006149 
01:   0.059456 0.348955 0.093634 0.024185 0.000000 0.006106 
02:   0.040232 0.348953 0.093489 0.024183 0.000000 0.006082 
03:   0.040103 0.348953 0.093467 0.024186 0.000000 0.006102 
04:   0.046718 0.348954 0.093057 0.024185 0.000000 0.006080 
05:   0.051677 0.348954 0.093005 0.024182 0.000000 0.006067 
06:   0.039454 0.348953 0.101103 0.024177 0.000000 0.006051 
07:   0.048589 0.348953 0.100633 0.024183 0.000000 0.006097 
iteration 12
00:   0.042662 0.349023 0.093934 0.023370 0.000000 0.006170 
01:   0.035179 0.349022 0.093620 0.023373 0.000000 0.006140 
02:   0.045451 0.349023 0.093681 0.023375 0.000000 0.006145 
03:   0.037888 0.349022 0.093418 0.023359 0.000000 0.006149 
04:   0.035036 0.349022 0.093118 0.023373 0.000000 0.006090 
05:   0.038556 0.349022 0.092941 0.023371 0.000000 0.006114 
06:   0.035136 0.349022 0.101495 0.023374 0.000000 0.006149 
07:   0.055033 0.349024 0.100887 0.023375 0.000000 0.006115 
iteration 13
00:   0.051492 0.349685 0.093569 0.024236 0.000000 0.006104 
01:   0.039417 0.349684 0.093308 0.024237 0.000000 0.006071 
02:   0.039485 0.349684 0.093329 0.024243 0.000000 0.006103 
03:   0.039405 0.349684 0.093048 0.024253 0.000000 0.006052 
04:   0.039375 0.349684 0.092951 0.024244 0.000000 0.006041 
05:   0.039366 0.349684 0.092641 0.024250 0.000000 0.006063 
06:   0.039373 0.349684 0.101230 0.024247 0.000000 0.006058 
07:   0.050120 0.349685 0.100621 0.024244 0.000000 0.006096 
iteration 14
00:   0.049057 0.349587 0.093435 0.009512 0.000000 0.006132 
01:   0.042286 0.349587 0.093378 0.009512 0.000000 0.006155 
02:   0.042272 0.349587 0.093128 0.009506 0.000000 0.006120 
03:   0.042289 0.349587 0.092945 0.009514 0.000000 0.006098 
04:   0.042306 0.349587 0.092710 0.009513 0.000000 0.006093 
05:   0.042062 0.349586 0.092645 0.009505 0.000000 0.006074 
06:   0.042290 0.349587 0.101180 0.009512 0.000000 0.006073 
07:   0.041988 0.349587 0.100692 0.009509 0.000000 0.006116 
/nethome/kalgin/z/mst/run.xeon.sh: line 46: 189009 Killed                  ./turbobust_stub.out $i 16
threadsCount = 16
loopsCount = 0
Done
iterationNumber = 0
iterationNumber = 1
iterationNumber = 2
iterationNumber = 3
iterationNumber = 4
iterationNumber = 5
iterationNumber = 6
iterationNumber = 7
iterationNumber = 8
iterationNumber = 9
iterationNumber = 10
iterationNumber = 11
iterationNumber = 12
iterationNumber = 13
iterationNumber = 14
7.445
16.501
iteration  0
00:   0.185503 1.492146 1.489502 0.017769 0.000000 0.072698 
01:   0.186509 1.489966 1.640681 0.017773 0.000000 0.068276 
02:   0.187186 1.491485 1.644960 0.017754 0.000000 0.068463 
03:   0.185791 1.491344 1.643885 0.017728 0.000000 0.073095 
04:   0.186148 1.490155 1.648750 0.017738 0.000000 0.068266 
05:   0.185882 1.489481 1.649741 0.017745 0.000000 0.072446 
06:   0.185151 1.489440 1.651736 0.017753 0.000000 0.067847 
07:   0.185287 1.490493 1.654352 0.017753 0.000000 0.072480 
08:   0.136077 1.409712 1.560181 0.017736 0.000000 0.067939 
09:   0.135734 1.409562 1.561547 0.017765 0.000000 0.067285 
10:   0.134829 1.409464 1.569006 0.017769 0.000000 0.067173 
11:   0.135623 1.410439 1.577419 0.017758 0.000000 0.067471 
12:   0.134940 1.409296 1.584034 0.017734 0.000000 0.068914 
13:   0.134793 1.410229 1.578506 0.017742 0.000000 0.068002 
14:   0.135856 1.408139 1.582514 0.017743 0.000000 0.069529 
15:   0.136614 1.408348 1.574546 0.017732 0.000000 0.069555 
iteration  1
00:   0.357042 0.835980 0.533455 0.043459 0.000000 0.077004 
01:   0.343773 0.835875 0.535749 0.043441 0.000000 0.074117 
02:   0.345200 0.835977 0.538185 0.043478 0.000000 0.074110 
03:   0.358300 0.835833 0.535210 0.043462 0.000000 0.079848 
04:   0.342489 0.835848 0.537090 0.043477 0.000000 0.074040 
05:   0.356418 0.835775 0.535572 0.043452 0.000000 0.077906 
06:   0.344522 0.835630 0.536860 0.043443 0.000000 0.073760 
07:   0.353092 0.835479 0.536640 0.043461 0.000000 0.078500 
08:   0.332100 0.802001 0.489970 0.043475 0.000000 0.071849 
09:   0.327790 0.802011 0.488623 0.043464 0.000000 0.071149 
10:   0.316768 0.801990 0.489871 0.043461 0.000000 0.071050 
11:   0.323714 0.803139 0.493149 0.043458 0.000000 0.071214 
12:   0.353577 0.804012 0.497587 0.043466 0.000000 0.077744 
13:   0.323973 0.803497 0.496102 0.043458 0.000000 0.073346 
14:   0.351606 0.803535 0.498308 0.043464 0.000000 0.079171 
15:   0.351604 0.803373 0.495920 0.043488 0.000000 0.078474 
iteration  2
00:   0.425450 0.619615 0.235005 0.035264 0.000000 0.036629 
01:   0.398241 0.619591 0.235284 0.035261 0.000000 0.034910 
02:   0.396873 0.619627 0.235096 0.035267 0.000000 0.034732 
03:   0.430153 0.619571 0.234120 0.035241 0.000000 0.037775 
04:   0.396975 0.619513 0.234827 0.035239 0.000000 0.034859 
05:   0.429990 0.619540 0.234897 0.035241 0.000000 0.036935 
06:   0.396146 0.619518 0.235648 0.035253 0.000000 0.034881 
07:   0.423284 0.619430 0.234713 0.035235 0.000000 0.037277 
08:   0.409130 0.610288 0.197167 0.035231 0.000000 0.034232 
09:   0.402015 0.610301 0.196872 0.035250 0.000000 0.033764 
10:   0.385804 0.610303 0.196361 0.035246 0.000000 0.033812 
11:   0.396066 0.610573 0.196881 0.035248 0.000000 0.033718 
12:   0.440113 0.610886 0.198738 0.035236 0.000000 0.037729 
13:   0.398497 0.610731 0.197635 0.035247 0.000000 0.035017 
14:   0.439802 0.610744 0.198665 0.035249 0.000000 0.038195 
15:   0.439253 0.610683 0.197615 0.035248 0.000000 0.038038 
iteration  3
00:   0.323725 0.559274 0.162693 0.029479 0.000000 0.014899 
01:   0.306603 0.559323 0.161814 0.029483 0.000000 0.014005 
02:   0.304563 0.559281 0.161465 0.029472 0.000000 0.013958 
03:   0.325795 0.559291 0.161018 0.029490 0.000000 0.015330 
04:   0.303771 0.559305 0.161094 0.029466 0.000000 0.013939 
05:   0.326202 0.559240 0.161128 0.029480 0.000000 0.014898 
06:   0.306603 0.559270 0.161252 0.029492 0.000000 0.013876 
07:   0.321904 0.559262 0.161348 0.029470 0.000000 0.014986 
08:   0.310658 0.556853 0.104046 0.029539 0.000000 0.013443 
09:   0.305217 0.556858 0.103336 0.029557 0.000000 0.013272 
10:   0.294192 0.556838 0.103619 0.029505 0.000000 0.013326 
11:   0.300375 0.556951 0.103495 0.029484 0.000000 0.013257 
12:   0.335128 0.557035 0.104050 0.029520 0.000000 0.014350 
13:   0.305823 0.557032 0.103421 0.029506 0.000000 0.013586 
14:   0.334745 0.557042 0.103657 0.029505 0.000000 0.014431 
15:   0.333936 0.557059 0.103030 0.029559 0.000000 0.014526 
iteration  4
00:   0.223281 0.546470 0.147176 0.024614 0.000000 0.008912 
01:   0.210423 0.546504 0.146768 0.024588 0.000000 0.008547 
02:   0.209158 0.546514 0.146692 0.024576 0.000000 0.008499 
03:   0.223902 0.546524 0.146460 0.024571 0.000000 0.009039 
04:   0.208033 0.546512 0.146278 0.024597 0.000000 0.008441 
05:   0.223932 0.546495 0.146077 0.024596 0.000000 0.008880 
06:   0.208947 0.546504 0.146369 0.024606 0.000000 0.008514 
07:   0.221181 0.546488 0.145901 0.024619 0.000000 0.008892 
08:   0.214806 0.545888 0.077942 0.024595 0.000000 0.006769 
09:   0.209024 0.545884 0.077497 0.024577 0.000000 0.006803 
10:   0.200846 0.545881 0.077517 0.024622 0.000000 0.006806 
11:   0.205874 0.545924 0.077143 0.024622 0.000000 0.006684 
12:   0.233697 0.545964 0.076705 0.024601 0.000000 0.006834 
13:   0.210836 0.545955 0.076605 0.024625 0.000000 0.006716 
14:   0.233098 0.545957 0.076374 0.024612 0.000000 0.006894 
15:   0.232198 0.545953 0.076375 0.024630 0.000000 0.007020 
iteration  5
00:   0.146021 0.543677 0.144550 0.022433 0.000000 0.007794 
01:   0.139217 0.543686 0.143826 0.022400 0.000000 0.007673 
02:   0.138557 0.543689 0.143893 0.022423 0.000000 0.007604 
03:   0.147203 0.543677 0.143773 0.022429 0.000000 0.007789 
04:   0.137699 0.543686 0.143619 0.022402 0.000000 0.007647 
05:   0.146512 0.543657 0.143657 0.022399 0.000000 0.007726 
06:   0.138895 0.543694 0.143527 0.022406 0.000000 0.007659 
07:   0.146168 0.543690 0.143517 0.022402 0.000000 0.007727 
08:   0.142266 0.543532 0.071189 0.022442 0.000000 0.004815 
09:   0.137512 0.543526 0.071226 0.022453 0.000000 0.004851 
10:   0.131703 0.543520 0.071128 0.022407 0.000000 0.004787 
11:   0.134502 0.543530 0.070399 0.022409 0.000000 0.004685 
12:   0.156872 0.543549 0.069721 0.022417 0.000000 0.004718 
13:   0.139444 0.543538 0.069885 0.022405 0.000000 0.004720 
14:   0.155988 0.543549 0.069456 0.022409 0.000000 0.004811 
15:   0.155175 0.543555 0.069192 0.022441 0.000000 0.004804 
iteration  6
00:   0.095534 0.543862 0.142232 0.021651 0.000000 0.007511 
01:   0.093074 0.543870 0.142288 0.021664 0.000000 0.007521 
02:   0.090657 0.543862 0.142049 0.021675 0.000000 0.007451 
03:   0.096800 0.543867 0.141929 0.021708 0.000000 0.007502 
04:   0.091011 0.543864 0.141801 0.021639 0.000000 0.007393 
05:   0.095473 0.543867 0.141765 0.021673 0.000000 0.007480 
06:   0.092721 0.543866 0.141804 0.021608 0.000000 0.007512 
07:   0.094843 0.543867 0.141856 0.021659 0.000000 0.007515 
08:   0.094510 0.543828 0.070183 0.021670 0.000000 0.004173 
09:   0.089039 0.543827 0.070029 0.021650 0.000000 0.004271 
10:   0.084948 0.543827 0.069861 0.021640 0.000000 0.004157 
11:   0.088217 0.543827 0.069175 0.021641 0.000000 0.004116 
12:   0.103531 0.543832 0.068739 0.021706 0.000000 0.004076 
13:   0.092631 0.543836 0.068266 0.021620 0.000000 0.004095 
14:   0.103457 0.543837 0.068103 0.021653 0.000000 0.004204 
15:   0.101815 0.543832 0.068388 0.021704 0.000000 0.004200 
iteration  7
00:   0.063301 0.543514 0.142734 0.021307 0.000000 0.007377 
01:   0.063413 0.543514 0.142721 0.021294 0.000000 0.007397 
02:   0.064762 0.543513 0.142614 0.021293 0.000000 0.007330 
03:   0.063871 0.543514 0.142486 0.021298 0.000000 0.007366 
04:   0.060381 0.543512 0.142488 0.021286 0.000000 0.007324 
05:   0.063547 0.543512 0.142526 0.021297 0.000000 0.007352 
06:   0.063611 0.543512 0.142428 0.021292 0.000000 0.007373 
07:   0.064903 0.543514 0.142106 0.021279 0.000000 0.007363 
08:   0.063452 0.543500 0.069753 0.021334 0.000000 0.003997 
09:   0.060455 0.543501 0.069598 0.021304 0.000000 0.003987 
10:   0.056641 0.543501 0.069388 0.021322 0.000000 0.004026 
11:   0.059099 0.543503 0.068430 0.021305 0.000000 0.004009 
12:   0.070978 0.543504 0.067925 0.021275 0.000000 0.003893 
13:   0.063640 0.543503 0.068159 0.021298 0.000000 0.003881 
14:   0.069029 0.543502 0.067573 0.021314 0.000000 0.003999 
15:   0.070058 0.543506 0.067867 0.021314 0.000000 0.004029 
iteration  8
00:   0.044478 0.544313 0.141940 0.021041 0.000000 0.007416 
01:   0.048303 0.544314 0.141751 0.021010 0.000000 0.007408 
02:   0.047656 0.544314 0.141684 0.021029 0.000000 0.007399 
03:   0.044462 0.544311 0.141622 0.021063 0.000000 0.007366 
04:   0.044959 0.544312 0.141536 0.021029 0.000000 0.007349 
05:   0.045027 0.544312 0.141420 0.021040 0.000000 0.007320 
06:   0.047394 0.544313 0.141343 0.021010 0.000000 0.007379 
07:   0.045708 0.544313 0.141341 0.021059 0.000000 0.007389 
08:   0.045635 0.544311 0.069497 0.021063 0.000000 0.004066 
09:   0.043664 0.544311 0.069365 0.021040 0.000000 0.003978 
10:   0.045474 0.544312 0.069529 0.021026 0.000000 0.003959 
11:   0.046232 0.544312 0.068489 0.021096 0.000000 0.003927 
12:   0.048629 0.544311 0.067897 0.021051 0.000000 0.003856 
13:   0.049864 0.544312 0.068404 0.021045 0.000000 0.003941 
14:   0.048457 0.544310 0.067710 0.021061 0.000000 0.003939 
15:   0.052618 0.544313 0.067744 0.021015 0.000000 0.003974 
iteration  9
00:   0.030929 0.544052 0.142692 0.020926 0.000000 0.007360 
01:   0.040106 0.544054 0.142351 0.020931 0.000000 0.007393 
02:   0.031122 0.544051 0.142257 0.020936 0.000000 0.007348 
03:   0.035323 0.544053 0.142021 0.020939 0.000000 0.007353 
04:   0.036281 0.544053 0.142030 0.020922 0.000000 0.007294 
05:   0.027517 0.544051 0.141960 0.020931 0.000000 0.007317 
06:   0.035986 0.544053 0.141661 0.020941 0.000000 0.007362 
07:   0.034691 0.544053 0.141697 0.020908 0.000000 0.007337 
08:   0.042532 0.544052 0.069348 0.020943 0.000000 0.003944 
09:   0.029894 0.544051 0.069069 0.020933 0.000000 0.003963 
10:   0.034530 0.544052 0.069047 0.020948 0.000000 0.003953 
11:   0.036426 0.544052 0.068539 0.020911 0.000000 0.003886 
12:   0.039237 0.544053 0.067474 0.020932 0.000000 0.003778 
13:   0.041980 0.544053 0.067617 0.020960 0.000000 0.003866 
14:   0.039449 0.544051 0.067212 0.020946 0.000000 0.003933 
15:   0.040363 0.544052 0.067265 0.020941 0.000000 0.003966 
iteration 10
00:   0.028199 0.543148 0.142905 0.020048 0.000000 0.007367 
01:   0.030090 0.543148 0.142364 0.020045 0.000000 0.007358 
02:   0.020971 0.543147 0.142250 0.020048 0.000000 0.007323 
03:   0.029752 0.543147 0.142179 0.020025 0.000000 0.007289 
04:   0.020744 0.543147 0.142053 0.020055 0.000000 0.007302 
05:   0.019632 0.543147 0.142079 0.020056 0.000000 0.007305 
06:   0.035424 0.543149 0.142216 0.020035 0.000000 0.007303 
07:   0.018372 0.543147 0.142110 0.020045 0.000000 0.007338 
08:   0.035616 0.543147 0.069387 0.020032 0.000000 0.003933 
09:   0.029480 0.543147 0.069133 0.020040 0.000000 0.003984 
10:   0.038150 0.543148 0.069151 0.020028 0.000000 0.003954 
11:   0.041751 0.543148 0.068051 0.020035 0.000000 0.003931 
12:   0.027669 0.543147 0.067623 0.020058 0.000000 0.003821 
13:   0.030970 0.543147 0.067415 0.020030 0.000000 0.003869 
14:   0.034445 0.543148 0.067386 0.020052 0.000000 0.003945 
15:   0.032120 0.543147 0.067389 0.020035 0.000000 0.003985 
iteration 11
00:   0.024523 0.544302 0.142782 0.020426 0.000000 0.007417 
01:   0.023389 0.544302 0.142418 0.020427 0.000000 0.007399 
02:   0.018960 0.544301 0.142503 0.020426 0.000000 0.007350 
03:   0.035368 0.544303 0.142314 0.020427 0.000000 0.007338 
04:   0.019552 0.544302 0.142157 0.020422 0.000000 0.007369 
05:   0.014078 0.544301 0.142032 0.020434 0.000000 0.007352 
06:   0.020009 0.544302 0.142201 0.020450 0.000000 0.007368 
07:   0.014380 0.544302 0.141916 0.020413 0.000000 0.007353 
08:   0.030744 0.544302 0.069362 0.020416 0.000000 0.003913 
09:   0.029252 0.544301 0.069152 0.020431 0.000000 0.003979 
10:   0.033218 0.544302 0.068962 0.020474 0.000000 0.003932 
11:   0.031875 0.544302 0.068266 0.020471 0.000000 0.003907 
12:   0.028657 0.544302 0.067857 0.020485 0.000000 0.003890 
13:   0.024580 0.544302 0.067764 0.020459 0.000000 0.003862 
14:   0.032169 0.544302 0.067203 0.020448 0.000000 0.003964 
15:   0.031173 0.544302 0.067495 0.020469 0.000000 0.003964 
iteration 12
00:   0.021050 0.542899 0.142497 0.019556 0.000000 0.007439 
01:   0.019219 0.542899 0.142623 0.019581 0.000000 0.007423 
02:   0.014526 0.542898 0.142259 0.019577 0.000000 0.007413 
03:   0.014478 0.542899 0.142204 0.019568 0.000000 0.007376 
04:   0.028524 0.542899 0.142140 0.019580 0.000000 0.007348 
05:   0.014350 0.542899 0.141995 0.019565 0.000000 0.007386 
06:   0.018899 0.542899 0.142063 0.019573 0.000000 0.007392 
07:   0.014410 0.542899 0.141918 0.019579 0.000000 0.007393 
08:   0.028217 0.542899 0.069470 0.019560 0.000000 0.003988 
09:   0.028186 0.542899 0.069172 0.019647 0.000000 0.003939 
10:   0.030843 0.542899 0.068863 0.019589 0.000000 0.003979 
11:   0.028120 0.542899 0.068181 0.019594 0.000000 0.003926 
12:   0.028188 0.542899 0.067674 0.019570 0.000000 0.003866 
13:   0.027995 0.542899 0.067731 0.019596 0.000000 0.003905 
14:   0.041106 0.542900 0.067324 0.019574 0.000000 0.003923 
15:   0.031595 0.542899 0.067018 0.019535 0.000000 0.003965 
iteration 13
00:   0.030590 0.542896 0.141586 0.018488 0.000000 0.007394 
01:   0.017296 0.542895 0.141508 0.018489 0.000000 0.007343 
02:   0.017128 0.542895 0.141511 0.018516 0.000000 0.007382 
03:   0.017184 0.542895 0.141296 0.018469 0.000000 0.007345 
04:   0.017190 0.542895 0.141246 0.018517 0.000000 0.007335 
05:   0.017270 0.542894 0.141317 0.018520 0.000000 0.007329 
06:   0.017189 0.542895 0.141130 0.018454 0.000000 0.007348 
07:   0.017021 0.542895 0.141127 0.018471 0.000000 0.007334 
08:   0.029881 0.542896 0.069374 0.018485 0.000000 0.003963 
09:   0.029866 0.542895 0.069288 0.018483 0.000000 0.003980 
10:   0.029725 0.542895 0.069331 0.018459 0.000000 0.003955 
11:   0.029782 0.542895 0.068696 0.018495 0.000000 0.003891 
12:   0.029838 0.542895 0.067832 0.018504 0.000000 0.003854 
13:   0.029772 0.542895 0.068007 0.018550 0.000000 0.003873 
14:   0.040203 0.542896 0.067389 0.018515 0.000000 0.003950 
15:   0.029518 0.542895 0.067378 0.018489 0.000000 0.003928 
iteration 14
00:   0.026201 0.544132 0.143235 0.007223 0.000000 0.007385 
01:   0.017267 0.544131 0.143007 0.007225 0.000000 0.007360 
02:   0.017093 0.544131 0.142921 0.007256 0.000000 0.007304 
03:   0.017107 0.544131 0.142518 0.007220 0.000000 0.007324 
04:   0.017104 0.544131 0.142858 0.007236 0.000000 0.007317 
05:   0.017208 0.544131 0.142840 0.007229 0.000000 0.007373 
06:   0.017016 0.544131 0.142545 0.007247 0.000000 0.007356 
07:   0.016795 0.544131 0.142520 0.007249 0.000000 0.007336 
08:   0.030254 0.544132 0.069547 0.007255 0.000000 0.003984 
09:   0.030234 0.544132 0.069466 0.007268 0.000000 0.004030 
10:   0.030208 0.544132 0.069214 0.007221 0.000000 0.003972 
11:   0.030111 0.544132 0.068281 0.007231 0.000000 0.003872 
12:   0.030123 0.544132 0.067713 0.007223 0.000000 0.003866 
13:   0.030133 0.544132 0.067687 0.007222 0.000000 0.003875 
14:   0.030141 0.544132 0.067513 0.007261 0.000000 0.003993 
15:   0.029805 0.544132 0.067000 0.007224 0.000000 0.003966 
/nethome/kalgin/z/mst/run.xeon.sh: line 46: 189028 Killed                  ./turbobust_stub.out $i 16
/nethome/kalgin/z/mst/run.xeon.sh: line 46: 189046 Segmentation fault      (core dumped) ./turbobust_stub.out $i 16
/nethome/kalgin/z/mst/run.xeon.sh: line 61: kill: (189046) - No such process
ls: cannot access /tmp/data.bin: No such file or directory
ls: cannot access /tmp/data.bin: No such file or directory
