threadsCount = 16
loopsCount = 0
7.678
1.509
threadsCount = 1
loopsCount = 0
Done
iterationNumber = 0
iterationNumber = 1
iterationNumber = 2
iterationNumber = 3
iterationNumber = 4
iterationNumber = 5
iterationNumber = 6
iterationNumber = 7
1.791
10.600
iteration  0
00:   1.474115 0.712431 1.418992 0.019098 0.265936 2.198031 
iteration  1
00:   0.743367 0.321953 0.440697 0.046003 0.076879 1.059375 
iteration  2
00:   0.268282 0.131144 0.136959 0.043159 0.028049 0.245840 
iteration  3
00:   0.019641 0.088561 0.064790 0.043469 0.014129 0.037678 
iteration  4
00:   0.008307 0.074809 0.041027 0.040229 0.008997 0.021238 
iteration  5
00:   0.007021 0.070790 0.034950 0.026774 0.007705 0.018581 
iteration  6
00:   0.006902 0.070308 0.033958 0.020029 0.007522 0.018059 
iteration  7
00:   0.006829 0.070251 0.033806 0.010530 0.007560 0.018039 
threadsCount = 2
loopsCount = 0
Done
iterationNumber = 0
iterationNumber = 1
iterationNumber = 2
iterationNumber = 3
iterationNumber = 4
iterationNumber = 5
iterationNumber = 6
iterationNumber = 7
1.080
7.075
iteration  0
00:   0.770237 0.390070 1.094827 0.029195 0.714621 1.203637 
01:   0.767333 0.383993 1.079823 0.028496 0.714483 1.151275 
iteration  1
00:   0.410170 0.173442 0.332971 0.034541 0.179745 0.583421 
01:   0.385508 0.172082 0.320816 0.033761 0.179757 0.555121 
iteration  2
00:   0.150176 0.071837 0.095630 0.031808 0.039815 0.142736 
01:   0.138402 0.071801 0.090426 0.031152 0.039870 0.134421 
iteration  3
00:   0.010630 0.050799 0.044183 0.030640 0.012526 0.022873 
01:   0.010333 0.050723 0.040050 0.030292 0.012443 0.022830 
iteration  4
00:   0.004388 0.043089 0.025429 0.027534 0.006436 0.014367 
01:   0.004428 0.043118 0.023031 0.026816 0.006673 0.013841 
iteration  5
00:   0.003876 0.041774 0.019987 0.019612 0.004650 0.012730 
01:   0.003651 0.041772 0.018323 0.018474 0.004648 0.011846 
iteration  6
00:   0.003619 0.044403 0.018916 0.015544 0.004129 0.012552 
01:   0.003632 0.044403 0.017981 0.014754 0.004127 0.011938 
iteration  7
00:   0.003690 0.044065 0.018802 0.005625 0.004401 0.012349 
01:   0.003538 0.044065 0.017797 0.005488 0.004399 0.011583 
/nethome/kalgin/z/mst/run.xeon.sh: line 45: 90261 Killed                  ./turbobust_stub.out $i 16
threadsCount = 4
loopsCount = 0
Done
iterationNumber = 0
iterationNumber = 1
iterationNumber = 2
iterationNumber = 3
iterationNumber = 4
iterationNumber = 5
iterationNumber = 6
iterationNumber = 7
0.839
4.836
iteration  0
00:   0.446490 0.221440 0.745553 0.016080 0.850782 0.680657 
01:   0.417419 0.216500 0.724331 0.015525 0.850723 0.654211 
02:   0.416078 0.216665 0.727339 0.015512 0.850654 0.653359 
03:   0.416317 0.216569 0.726224 0.015522 0.850636 0.651494 
iteration  1
00:   0.223328 0.102348 0.212013 0.018028 0.216617 0.325394 
01:   0.212263 0.101626 0.210090 0.017740 0.216818 0.319474 
02:   0.217476 0.101897 0.212698 0.017768 0.216808 0.320132 
03:   0.212823 0.101721 0.210276 0.017763 0.216805 0.318616 
iteration  2
00:   0.075995 0.051003 0.053664 0.016359 0.048436 0.082022 
01:   0.076121 0.050998 0.054677 0.016388 0.048440 0.081797 
02:   0.075573 0.051027 0.054731 0.016452 0.048441 0.081161 
03:   0.075517 0.051004 0.055040 0.016396 0.048442 0.081204 
iteration  3
00:   0.005907 0.039812 0.023573 0.015718 0.013779 0.016681 
01:   0.005956 0.039826 0.023652 0.015806 0.013779 0.017119 
02:   0.005942 0.039824 0.023802 0.015810 0.013775 0.016494 
03:   0.005907 0.039797 0.023693 0.015780 0.013778 0.016212 
iteration  4
00:   0.002784 0.036386 0.012955 0.013840 0.003858 0.010582 
01:   0.002789 0.036398 0.013140 0.013839 0.003862 0.010882 
02:   0.002795 0.036408 0.013034 0.013858 0.003863 0.010551 
03:   0.002738 0.036388 0.013015 0.013881 0.003861 0.011040 
iteration  5
00:   0.002581 0.035590 0.010378 0.009415 0.002812 0.009627 
01:   0.002590 0.035590 0.010384 0.009460 0.002815 0.009594 
02:   0.002580 0.035592 0.010391 0.009460 0.002815 0.009896 
03:   0.002578 0.035591 0.010308 0.009464 0.002815 0.009592 
iteration  6
00:   0.002306 0.035410 0.010269 0.007483 0.002652 0.009975 
01:   0.002341 0.035410 0.010180 0.007596 0.002653 0.010674 
02:   0.002325 0.035410 0.010105 0.007602 0.002652 0.010318 
03:   0.002315 0.035409 0.010045 0.007550 0.002650 0.010002 
iteration  7
00:   0.002547 0.035214 0.009882 0.002984 0.002609 0.009453 
01:   0.002575 0.035214 0.009829 0.003058 0.002607 0.009744 
02:   0.002499 0.035214 0.009816 0.003060 0.002609 0.009400 
03:   0.002579 0.035214 0.009792 0.003026 0.002610 0.009619 
/nethome/kalgin/z/mst/run.xeon.sh: line 45: 90278 Killed                  ./turbobust_stub.out $i 16
threadsCount = 8
loopsCount = 0
Done
iterationNumber = 0
iterationNumber = 1
iterationNumber = 2
iterationNumber = 3
iterationNumber = 4
iterationNumber = 5
iterationNumber = 6
iterationNumber = 7
0.634
3.631
iteration  0
00:   0.242504 0.148669 0.451312 0.007705 0.810638 0.491408 
01:   0.241253 0.148517 0.456410 0.007703 0.810649 0.489097 
02:   0.239655 0.148389 0.458845 0.007706 0.810645 0.489394 
03:   0.238924 0.148375 0.460385 0.007702 0.810643 0.489222 
04:   0.254734 0.150327 0.464395 0.007705 0.810614 0.489591 
05:   0.238287 0.148467 0.461805 0.007696 0.810576 0.488720 
06:   0.239289 0.148459 0.463002 0.007699 0.810594 0.489826 
07:   0.244435 0.148341 0.462987 0.007697 0.810540 0.488639 
iteration  1
00:   0.129686 0.071674 0.128480 0.009257 0.207885 0.247582 
01:   0.130254 0.071577 0.129225 0.009257 0.207893 0.246913 
02:   0.129946 0.071671 0.129144 0.009268 0.207876 0.246160 
03:   0.129478 0.071532 0.130013 0.009260 0.207888 0.245846 
04:   0.129125 0.071637 0.130197 0.009260 0.207894 0.245314 
05:   0.128994 0.071583 0.129738 0.009263 0.207872 0.245838 
06:   0.129521 0.071573 0.130328 0.009248 0.207877 0.246415 
07:   0.129157 0.071586 0.130546 0.009262 0.207865 0.244415 
iteration  2
00:   0.048974 0.044799 0.031463 0.008501 0.048144 0.061834 
01:   0.048812 0.044789 0.031869 0.008503 0.048155 0.061728 
02:   0.048538 0.044799 0.031633 0.008498 0.048153 0.061945 
03:   0.048530 0.044763 0.031797 0.008501 0.048161 0.062246 
04:   0.048560 0.044770 0.031815 0.008496 0.048151 0.062243 
05:   0.048411 0.044744 0.032107 0.008507 0.048151 0.062113 
06:   0.048882 0.044785 0.032109 0.008497 0.048152 0.061490 
07:   0.048500 0.044759 0.031943 0.008510 0.048151 0.061739 
iteration  3
00:   0.004637 0.038966 0.014262 0.008118 0.014585 0.014639 
01:   0.004605 0.038973 0.014321 0.008112 0.014582 0.014269 
02:   0.004704 0.038970 0.014388 0.008109 0.014583 0.014815 
03:   0.004778 0.038971 0.014252 0.008113 0.014583 0.014589 
04:   0.004701 0.038966 0.014410 0.008112 0.014586 0.014514 
05:   0.004661 0.038967 0.014395 0.008114 0.014577 0.014519 
06:   0.004544 0.038967 0.014249 0.008115 0.014581 0.014458 
07:   0.004683 0.038973 0.014297 0.008110 0.014575 0.014072 
iteration  4
00:   0.002619 0.036857 0.008536 0.007064 0.003472 0.010006 
01:   0.002655 0.036856 0.008591 0.007062 0.003472 0.010419 
02:   0.002650 0.036851 0.008523 0.007071 0.003472 0.010387 
03:   0.002602 0.036851 0.008482 0.007077 0.003474 0.009976 
04:   0.002644 0.036847 0.008463 0.007078 0.003474 0.010403 
05:   0.002625 0.036848 0.008473 0.007080 0.003470 0.010408 
06:   0.002596 0.036847 0.008394 0.007077 0.003470 0.010358 
07:   0.002553 0.036847 0.008332 0.007076 0.003467 0.010040 
iteration  5
00:   0.002435 0.036749 0.007393 0.004840 0.002717 0.009704 
01:   0.002440 0.036752 0.007417 0.004829 0.002718 0.010572 
02:   0.002440 0.036752 0.007412 0.004810 0.002716 0.010543 
03:   0.002415 0.036750 0.007400 0.004844 0.002716 0.010232 
04:   0.002426 0.036750 0.007450 0.004839 0.002723 0.010239 
05:   0.002420 0.036750 0.007452 0.004841 0.002716 0.010250 
06:   0.002398 0.036751 0.007448 0.004824 0.002716 0.010228 
07:   0.002381 0.036750 0.007370 0.004848 0.002724 0.009789 
iteration  6
00:   0.002524 0.036708 0.007693 0.003950 0.002620 0.009010 
01:   0.002494 0.036708 0.007595 0.003952 0.002622 0.009487 
02:   0.002491 0.036708 0.007754 0.003952 0.002618 0.009056 
03:   0.002463 0.036708 0.007698 0.003942 0.002617 0.009476 
04:   0.002508 0.036708 0.007689 0.003938 0.002617 0.009456 
05:   0.002487 0.036709 0.007617 0.003953 0.002617 0.009478 
06:   0.002397 0.036708 0.007622 0.003943 0.002614 0.009443 
07:   0.002429 0.036708 0.007551 0.003938 0.002612 0.009101 
iteration  7
00:   0.002378 0.036386 0.007461 0.001548 0.002617 0.008949 
01:   0.002355 0.036386 0.007345 0.001546 0.002616 0.009413 
02:   0.002377 0.036386 0.007445 0.001544 0.002616 0.009414 
03:   0.002349 0.036386 0.007525 0.001549 0.002617 0.009396 
04:   0.002300 0.036386 0.007475 0.001546 0.002616 0.008977 
05:   0.002323 0.036386 0.007408 0.001549 0.002617 0.009371 
06:   0.002345 0.036386 0.007436 0.001539 0.002619 0.009388 
07:   0.002340 0.036386 0.007390 0.001539 0.002617 0.009526 
/nethome/kalgin/z/mst/run.xeon.sh: line 45: 90296 Killed                  ./turbobust_stub.out $i 16
threadsCount = 16
loopsCount = 0
Done
iterationNumber = 0
iterationNumber = 1
iterationNumber = 2
iterationNumber = 3
iterationNumber = 4
iterationNumber = 5
iterationNumber = 6
iterationNumber = 7
0.589
3.789
iteration  0
00:   0.170332 0.127430 0.349022 0.006960 1.378180 0.271852 
01:   0.169413 0.127037 0.356648 0.006960 1.378133 0.270818 
02:   0.168431 0.127419 0.354871 0.006961 1.378108 0.271039 
03:   0.168499 0.127399 0.356925 0.006950 1.378151 0.269176 
04:   0.149746 0.127284 0.327138 0.006938 1.378107 0.267287 
05:   0.148859 0.127277 0.327636 0.006962 1.378194 0.265226 
06:   0.149510 0.127174 0.328171 0.006964 1.378114 0.267053 
07:   0.149233 0.127228 0.330304 0.006964 1.378150 0.265637 
08:   0.116418 0.116606 0.282637 0.006913 1.374709 0.261148 
09:   0.135585 0.116570 0.309068 0.006910 1.374714 0.265127 
10:   0.135164 0.116643 0.309218 0.006909 1.374716 0.264719 
11:   0.134841 0.116655 0.308565 0.006913 1.374643 0.264307 
12:   0.134581 0.116734 0.309389 0.006908 1.374716 0.264647 
13:   0.134761 0.116561 0.308346 0.006912 1.374662 0.263884 
14:   0.134577 0.116296 0.309474 0.006909 1.374608 0.265038 
15:   0.137346 0.116435 0.308087 0.006909 1.374680 0.264748 
iteration  1
00:   0.073087 0.064240 0.097259 0.009798 0.352063 0.144268 
01:   0.072680 0.064213 0.098884 0.009793 0.352016 0.144873 
02:   0.072583 0.064343 0.099543 0.009817 0.352067 0.144662 
03:   0.072293 0.064253 0.099757 0.009808 0.352068 0.144366 
04:   0.072134 0.064233 0.091038 0.009771 0.352036 0.144328 
05:   0.072202 0.064225 0.090716 0.009799 0.352045 0.144040 
06:   0.072129 0.064168 0.090805 0.009786 0.352070 0.144235 
07:   0.072075 0.064245 0.091956 0.009844 0.352067 0.144228 
08:   0.068977 0.061845 0.080364 0.009791 0.351038 0.139914 
09:   0.068799 0.061922 0.086246 0.009808 0.351027 0.139239 
10:   0.068132 0.061981 0.086152 0.009873 0.351069 0.139566 
11:   0.068337 0.061970 0.086082 0.009808 0.351041 0.138510 
12:   0.068468 0.062020 0.086191 0.009775 0.351049 0.139328 
13:   0.067875 0.061979 0.085990 0.009827 0.351057 0.138059 
14:   0.067831 0.061497 0.086026 0.009792 0.351054 0.138377 
15:   0.068101 0.061921 0.085259 0.009789 0.351029 0.137623 
iteration  2
00:   0.024063 0.045037 0.023925 0.007577 0.090129 0.046353 
01:   0.024426 0.045037 0.024456 0.007603 0.090124 0.046554 
02:   0.024423 0.045075 0.024417 0.007582 0.090126 0.046362 
03:   0.024322 0.045066 0.024293 0.007608 0.090118 0.046551 
04:   0.024309 0.045051 0.022591 0.007586 0.090131 0.046276 
05:   0.024275 0.045056 0.022537 0.007616 0.090116 0.046461 
06:   0.024422 0.045064 0.022655 0.007599 0.090117 0.046401 
07:   0.024504 0.045064 0.022936 0.007584 0.090120 0.046445 
08:   0.025326 0.044664 0.019545 0.007613 0.089901 0.042576 
09:   0.025029 0.044662 0.020256 0.007568 0.089898 0.042523 
10:   0.025158 0.044687 0.020224 0.007586 0.089900 0.042747 
11:   0.024830 0.044697 0.020183 0.007581 0.089897 0.042670 
12:   0.025340 0.044694 0.020240 0.007589 0.089896 0.042686 
13:   0.024838 0.044683 0.020146 0.007577 0.089900 0.042339 
14:   0.025070 0.044575 0.020498 0.007612 0.089905 0.042572 
15:   0.025018 0.044664 0.019935 0.007641 0.089899 0.041225 
iteration  3
00:   0.002196 0.041248 0.012681 0.005958 0.026676 0.016379 
01:   0.002189 0.041245 0.012830 0.005981 0.026737 0.016938 
02:   0.002248 0.041260 0.012916 0.005940 0.026671 0.016932 
03:   0.002183 0.041256 0.012816 0.005965 0.026681 0.016258 
04:   0.002186 0.041256 0.012037 0.005916 0.026711 0.016883 
05:   0.002216 0.041249 0.012061 0.005973 0.026718 0.016124 
06:   0.002224 0.041251 0.012050 0.005914 0.026667 0.016072 
07:   0.002236 0.041245 0.012031 0.005957 0.026671 0.016117 
08:   0.002436 0.041196 0.008881 0.005905 0.026609 0.016678 
09:   0.002433 0.041191 0.009005 0.005924 0.026604 0.016671 
10:   0.002394 0.041194 0.008903 0.005904 0.026631 0.016482 
11:   0.002406 0.041192 0.008798 0.005949 0.026609 0.016102 
12:   0.002443 0.041195 0.008786 0.005930 0.026624 0.016569 
13:   0.002350 0.041193 0.008811 0.005932 0.026609 0.016624 
14:   0.002469 0.041183 0.008857 0.005931 0.026633 0.016427 
15:   0.002384 0.041189 0.008962 0.005947 0.026630 0.015884 
iteration  4
00:   0.001126 0.040598 0.009893 0.004560 0.005543 0.013062 
01:   0.001166 0.040599 0.010032 0.004582 0.005549 0.013375 
02:   0.001142 0.040601 0.009993 0.004578 0.005551 0.013413 
03:   0.001157 0.040601 0.009898 0.004614 0.005542 0.013409 
04:   0.001158 0.040602 0.009746 0.004619 0.005534 0.013029 
05:   0.001123 0.040600 0.009777 0.004591 0.005542 0.013044 
06:   0.001103 0.040600 0.009738 0.004607 0.005545 0.013364 
07:   0.001127 0.040598 0.009767 0.004586 0.005546 0.013405 
08:   0.001272 0.040597 0.005560 0.004628 0.005517 0.012844 
09:   0.001269 0.040597 0.005547 0.004581 0.005521 0.013222 
10:   0.001233 0.040595 0.005482 0.004590 0.005514 0.013160 
11:   0.001254 0.040594 0.005367 0.004582 0.005517 0.013191 
12:   0.001262 0.040596 0.005487 0.004601 0.005518 0.012801 
13:   0.001240 0.040595 0.005470 0.004567 0.005519 0.013167 
14:   0.001247 0.040592 0.005378 0.004590 0.005517 0.013141 
15:   0.001184 0.040596 0.005399 0.004616 0.005520 0.012835 
iteration  5
00:   0.001160 0.040317 0.009510 0.003146 0.002965 0.015433 
01:   0.001152 0.040317 0.009527 0.003190 0.002970 0.014617 
02:   0.001151 0.040317 0.009505 0.003107 0.002968 0.015455 
03:   0.001143 0.040317 0.009508 0.003130 0.002976 0.015840 
04:   0.001150 0.040317 0.009469 0.003105 0.002971 0.015817 
05:   0.001134 0.040317 0.009510 0.003139 0.003004 0.015751 
06:   0.001131 0.040317 0.009457 0.003120 0.002978 0.015387 
07:   0.001097 0.040317 0.009425 0.003123 0.002966 0.015817 
08:   0.001460 0.040317 0.004979 0.003105 0.003007 0.015848 
09:   0.001460 0.040317 0.004895 0.003115 0.002964 0.015258 
10:   0.001456 0.040316 0.004873 0.003139 0.002980 0.015807 
11:   0.001454 0.040316 0.004928 0.003103 0.003015 0.015815 
12:   0.001460 0.040316 0.004870 0.003102 0.002993 0.015827 
13:   0.001456 0.040316 0.004823 0.003107 0.002966 0.015791 
14:   0.001456 0.040316 0.004838 0.003090 0.002966 0.015783 
15:   0.001446 0.040316 0.004846 0.003149 0.002975 0.015303 
iteration  6
00:   0.001248 0.040103 0.009428 0.002435 0.003024 0.014228 
01:   0.001244 0.040103 0.009412 0.002385 0.003021 0.014226 
02:   0.001233 0.040102 0.009388 0.002436 0.003018 0.013625 
03:   0.001234 0.040103 0.009416 0.002395 0.003040 0.014567 
04:   0.001229 0.040103 0.009385 0.002402 0.003040 0.013655 
05:   0.001222 0.040103 0.009424 0.002353 0.003016 0.014551 
06:   0.001234 0.040103 0.009344 0.002371 0.003074 0.014183 
07:   0.001181 0.040103 0.009358 0.002375 0.003011 0.014560 
08:   0.001125 0.040103 0.004825 0.002347 0.003024 0.014021 
09:   0.001078 0.040103 0.004832 0.002401 0.003010 0.014016 
10:   0.001100 0.040103 0.004823 0.002411 0.003008 0.014000 
11:   0.001117 0.040103 0.004806 0.002377 0.003065 0.014017 
12:   0.001114 0.040103 0.004786 0.002377 0.003005 0.013989 
13:   0.001124 0.040103 0.004761 0.002388 0.003026 0.014011 
14:   0.001114 0.040103 0.004767 0.002348 0.003005 0.011417 
15:   0.001022 0.040103 0.004742 0.002383 0.003018 0.013200 
iteration  7
00:   0.001246 0.040243 0.009632 0.001078 0.002985 0.012058 
01:   0.001250 0.040243 0.009640 0.001092 0.002983 0.012526 
02:   0.001243 0.040243 0.009612 0.001095 0.002984 0.012538 
03:   0.001272 0.040243 0.009628 0.001079 0.003007 0.012464 
04:   0.001233 0.040243 0.009607 0.001080 0.002995 0.012528 
05:   0.001232 0.040243 0.009637 0.001116 0.002992 0.010877 
06:   0.001236 0.040243 0.009609 0.001116 0.002982 0.011025 
07:   0.001218 0.040243 0.009627 0.001093 0.003002 0.012536 
08:   0.001188 0.040243 0.004843 0.001078 0.002982 0.012275 
09:   0.001198 0.040243 0.004801 0.001076 0.002983 0.011781 
10:   0.001192 0.040243 0.004826 0.001075 0.002982 0.012243 
11:   0.001191 0.040243 0.004861 0.001077 0.002986 0.012275 
12:   0.001184 0.040243 0.004815 0.001089 0.003007 0.012251 
13:   0.001192 0.040243 0.004844 0.001076 0.002980 0.012237 
14:   0.001182 0.040243 0.004802 0.001076 0.002984 0.012254 
15:   0.001116 0.040243 0.004820 0.001077 0.002994 0.011351 
/nethome/kalgin/z/mst/run.xeon.sh: line 45: 90314 Killed                  ./turbobust_stub.out $i 16
/nethome/kalgin/z/mst/run.xeon.sh: line 45: 90332 Segmentation fault      (core dumped) ./turbobust_stub.out $i 16
/nethome/kalgin/z/mst/run.xeon.sh: line 60: kill: (90332) - No such process
