threadsCount = 16
loopsCount = 0
7.686
1.515
threadsCount = 1
loopsCount = 0
Done
iterationNumber = 0
iterationNumber = 1
iterationNumber = 2
iterationNumber = 3
iterationNumber = 4
iterationNumber = 5
iterationNumber = 6
iterationNumber = 7
4.811
7.345
iteration  0
00:   0.219617 0.663839 1.359247 0.017587 0.000000 0.237897 
iteration  1
00:   0.858161 0.299439 0.431600 0.042089 0.000000 0.079178 
iteration  2
00:   1.036778 0.126273 0.136674 0.040137 0.000000 0.029788 
iteration  3
00:   0.884470 0.085304 0.065600 0.040414 0.000000 0.013361 
iteration  4
00:   0.088206 0.071922 0.041390 0.037112 0.000000 0.007214 
iteration  5
00:   0.017677 0.068160 0.034909 0.024706 0.000000 0.005614 
iteration  6
00:   0.009835 0.067666 0.033846 0.019580 0.000000 0.005357 
iteration  7
00:   0.008554 0.067727 0.033724 0.010607 0.000000 0.005392 
threadsCount = 2
loopsCount = 0
Done
iterationNumber = 0
iterationNumber = 1
iterationNumber = 2
iterationNumber = 3
iterationNumber = 4
iterationNumber = 5
iterationNumber = 6
iterationNumber = 7
2.599
4.409
iteration  0
00:   0.118823 0.361850 1.052904 0.008966 0.000000 0.123296 
01:   0.114570 0.355971 1.039387 0.008957 0.000000 0.118582 
iteration  1
00:   0.453481 0.164135 0.310960 0.026839 0.000000 0.042800 
01:   0.440655 0.162907 0.306191 0.023789 0.000000 0.041473 
iteration  2
00:   0.555537 0.071384 0.093599 0.022265 0.000000 0.015573 
01:   0.531628 0.071341 0.090170 0.021602 0.000000 0.015382 
iteration  3
00:   0.479062 0.047902 0.040596 0.021505 0.000000 0.007106 
01:   0.461507 0.047926 0.039693 0.021107 0.000000 0.006889 
iteration  4
00:   0.048072 0.041821 0.023581 0.019713 0.000000 0.003933 
01:   0.045178 0.041811 0.022868 0.019204 0.000000 0.003792 
iteration  5
00:   0.009582 0.040349 0.019088 0.012941 0.000000 0.003049 
01:   0.009300 0.040348 0.018403 0.012767 0.000000 0.002908 
iteration  6
00:   0.005419 0.040416 0.018524 0.010347 0.000000 0.002878 
01:   0.005287 0.040417 0.017900 0.010216 0.000000 0.002713 
iteration  7
00:   0.004894 0.040246 0.018404 0.005676 0.000000 0.002768 
01:   0.004655 0.040246 0.017827 0.005494 0.000000 0.002762 
/nethome/kalgin/z/mst/run.xeon.sh: line 45: 64361 Killed                  ./turbobust_stub.out $i 16
threadsCount = 4
loopsCount = 0
Done
iterationNumber = 0
iterationNumber = 1
iterationNumber = 2
iterationNumber = 3
iterationNumber = 4
iterationNumber = 5
iterationNumber = 6
iterationNumber = 7
1.526
2.641
iteration  0
00:   0.062856 0.208149 0.704228 0.004774 0.000000 0.060567 
01:   0.059663 0.203807 0.704665 0.004554 0.000000 0.062740 
02:   0.060376 0.203340 0.698539 0.004555 0.000000 0.059131 
03:   0.062279 0.203289 0.698574 0.004555 0.000000 0.058770 
iteration  1
00:   0.240308 0.097651 0.203770 0.012015 0.000000 0.022525 
01:   0.226156 0.096915 0.200671 0.011875 0.000000 0.022335 
02:   0.232806 0.096969 0.199093 0.011941 0.000000 0.021767 
03:   0.233755 0.096946 0.198364 0.011933 0.000000 0.021384 
iteration  2
00:   0.288142 0.049878 0.053280 0.011225 0.000000 0.008369 
01:   0.275258 0.049732 0.054098 0.010983 0.000000 0.008090 
02:   0.275286 0.049653 0.053582 0.011006 0.000000 0.008056 
03:   0.272267 0.049585 0.053298 0.010980 0.000000 0.008006 
iteration  3
00:   0.258775 0.038849 0.024198 0.010682 0.000000 0.003599 
01:   0.251900 0.038710 0.025163 0.010660 0.000000 0.003649 
02:   0.245118 0.038709 0.023246 0.010680 0.000000 0.003613 
03:   0.246053 0.038716 0.023252 0.010750 0.000000 0.003628 
iteration  4
00:   0.025369 0.035183 0.013670 0.010011 0.000000 0.001930 
01:   0.024783 0.035188 0.013107 0.009634 0.000000 0.001916 
02:   0.024019 0.035187 0.013237 0.009658 0.000000 0.001914 
03:   0.023971 0.035182 0.013163 0.009674 0.000000 0.001931 
iteration  5
00:   0.005515 0.034269 0.010882 0.006593 0.000000 0.001751 
01:   0.005963 0.034270 0.010581 0.006494 0.000000 0.001490 
02:   0.005087 0.034274 0.010494 0.006500 0.000000 0.001483 
03:   0.005110 0.034270 0.010438 0.006513 0.000000 0.001500 
iteration  6
00:   0.003333 0.034187 0.010664 0.005151 0.000000 0.001667 
01:   0.003152 0.034187 0.010213 0.005340 0.000000 0.001431 
02:   0.003142 0.034188 0.010244 0.005216 0.000000 0.001417 
03:   0.003170 0.034187 0.010219 0.005218 0.000000 0.001435 
iteration  7
00:   0.002850 0.034417 0.010786 0.003009 0.000000 0.001687 
01:   0.002824 0.034417 0.010233 0.003014 0.000000 0.001429 
02:   0.002839 0.034417 0.010302 0.002999 0.000000 0.001428 
03:   0.002863 0.034417 0.010236 0.002892 0.000000 0.001438 
/nethome/kalgin/z/mst/run.xeon.sh: line 45: 64378 Killed                  ./turbobust_stub.out $i 16
threadsCount = 8
loopsCount = 0
Done
iterationNumber = 0
iterationNumber = 1
iterationNumber = 2
iterationNumber = 3
iterationNumber = 4
iterationNumber = 5
iterationNumber = 6
iterationNumber = 7
1.075
1.661
iteration  0
00:   0.034599 0.145410 0.431412 0.002397 0.000000 0.033663 
01:   0.034547 0.145421 0.435940 0.002396 0.000000 0.033347 
02:   0.034093 0.145284 0.435195 0.002398 0.000000 0.033760 
03:   0.033992 0.145286 0.438738 0.002397 0.000000 0.034086 
04:   0.033912 0.145404 0.440259 0.002400 0.000000 0.033454 
05:   0.034263 0.145388 0.441484 0.002391 0.000000 0.033496 
06:   0.035098 0.145242 0.438954 0.002400 0.000000 0.034011 
07:   0.035166 0.145232 0.440640 0.002393 0.000000 0.033498 
iteration  1
00:   0.123265 0.074366 0.123082 0.006100 0.000000 0.012501 
01:   0.121745 0.074418 0.122752 0.006110 0.000000 0.012392 
02:   0.117979 0.074332 0.122526 0.006104 0.000000 0.012478 
03:   0.117787 0.074391 0.122606 0.006115 0.000000 0.012434 
04:   0.119027 0.074414 0.123143 0.006099 0.000000 0.012269 
05:   0.120801 0.074392 0.123910 0.006110 0.000000 0.012390 
06:   0.127143 0.074157 0.123031 0.006111 0.000000 0.012349 
07:   0.120327 0.074322 0.123610 0.006109 0.000000 0.012373 
iteration  2
00:   0.151463 0.043255 0.030488 0.005604 0.000000 0.004510 
01:   0.149971 0.043250 0.030369 0.005598 0.000000 0.004498 
02:   0.149226 0.043241 0.030761 0.005607 0.000000 0.004572 
03:   0.147720 0.043236 0.030896 0.005605 0.000000 0.004550 
04:   0.148845 0.043255 0.030909 0.005603 0.000000 0.004495 
05:   0.150498 0.043269 0.031112 0.005596 0.000000 0.004526 
06:   0.149283 0.043046 0.030686 0.005606 0.000000 0.004576 
07:   0.149061 0.043217 0.030558 0.005604 0.000000 0.004496 
iteration  3
00:   0.137008 0.036545 0.014104 0.005403 0.000000 0.001999 
01:   0.135123 0.036530 0.014200 0.005393 0.000000 0.002056 
02:   0.137089 0.036535 0.014253 0.005403 0.000000 0.002050 
03:   0.136669 0.036556 0.014301 0.005402 0.000000 0.002062 
04:   0.134001 0.036545 0.014153 0.005401 0.000000 0.002023 
05:   0.136336 0.036544 0.014224 0.005402 0.000000 0.002021 
06:   0.137598 0.036500 0.014065 0.005411 0.000000 0.002065 
07:   0.134910 0.036544 0.014167 0.005394 0.000000 0.002043 
iteration  4
00:   0.014385 0.034639 0.008830 0.004901 0.000000 0.001008 
01:   0.014396 0.034642 0.008904 0.004896 0.000000 0.001034 
02:   0.013931 0.034634 0.008616 0.004903 0.000000 0.001027 
03:   0.014555 0.034641 0.008726 0.004896 0.000000 0.001010 
04:   0.013819 0.034641 0.008828 0.004900 0.000000 0.001031 
05:   0.013960 0.034639 0.008687 0.004901 0.000000 0.001003 
06:   0.013861 0.034636 0.008640 0.004895 0.000000 0.001031 
07:   0.013985 0.034642 0.008766 0.004893 0.000000 0.001040 
iteration  5
00:   0.003583 0.034394 0.007672 0.003348 0.000000 0.000791 
01:   0.003704 0.034395 0.007754 0.003355 0.000000 0.000803 
02:   0.003540 0.034394 0.007705 0.003345 0.000000 0.000797 
03:   0.003566 0.034394 0.007717 0.003349 0.000000 0.000787 
04:   0.003636 0.034396 0.007678 0.003339 0.000000 0.000796 
05:   0.003456 0.034393 0.007633 0.003353 0.000000 0.000802 
06:   0.003598 0.034393 0.007609 0.003350 0.000000 0.000778 
07:   0.003540 0.034394 0.007510 0.003359 0.000000 0.000811 
iteration  6
00:   0.002679 0.034129 0.007770 0.002766 0.000000 0.000753 
01:   0.002696 0.034130 0.007872 0.002761 0.000000 0.000784 
02:   0.002663 0.034129 0.007699 0.002766 0.000000 0.000773 
03:   0.002681 0.034129 0.007833 0.002752 0.000000 0.000755 
04:   0.002654 0.034130 0.007739 0.002757 0.000000 0.000779 
05:   0.002680 0.034129 0.007673 0.002756 0.000000 0.000766 
06:   0.002689 0.034129 0.007679 0.002754 0.000000 0.000781 
07:   0.002630 0.034129 0.007600 0.002767 0.000000 0.000782 
iteration  7
00:   0.002378 0.034132 0.007633 0.001602 0.000000 0.000750 
01:   0.002409 0.034132 0.007755 0.001598 0.000000 0.000769 
02:   0.002398 0.034132 0.007684 0.001603 0.000000 0.000765 
03:   0.002395 0.034132 0.007693 0.001596 0.000000 0.000745 
04:   0.002403 0.034132 0.007678 0.001598 0.000000 0.000759 
05:   0.002401 0.034132 0.007600 0.001602 0.000000 0.000770 
06:   0.002397 0.034132 0.007672 0.001602 0.000000 0.000769 
07:   0.002341 0.034132 0.007596 0.001601 0.000000 0.000775 
/nethome/kalgin/z/mst/run.xeon.sh: line 45: 64396 Killed                  ./turbobust_stub.out $i 16
threadsCount = 16
loopsCount = 0
Done
iterationNumber = 0
iterationNumber = 1
iterationNumber = 2
iterationNumber = 3
iterationNumber = 4
iterationNumber = 5
iterationNumber = 6
iterationNumber = 7
0.747
1.313
iteration  0
00:   0.019341 0.123496 0.330801 0.001983 0.000000 0.022208 
01:   0.019168 0.123358 0.309124 0.001970 0.000000 0.022677 
02:   0.020029 0.123570 0.309112 0.001954 0.000000 0.022532 
03:   0.019239 0.123618 0.339237 0.001953 0.000000 0.022229 
04:   0.019164 0.123379 0.309611 0.001954 0.000000 0.021932 
05:   0.019248 0.123448 0.340534 0.001961 0.000000 0.021754 
06:   0.019264 0.123009 0.311090 0.001964 0.000000 0.022046 
07:   0.019450 0.123364 0.341659 0.001957 0.000000 0.022179 
08:   0.018417 0.112794 0.298775 0.001996 0.000000 0.017560 
09:   0.018198 0.112593 0.276880 0.001954 0.000000 0.017604 
10:   0.018264 0.112744 0.276748 0.001997 0.000000 0.017344 
11:   0.017861 0.112765 0.276380 0.001954 0.000000 0.017619 
12:   0.018170 0.112769 0.277169 0.001966 0.000000 0.017736 
13:   0.018302 0.112666 0.276499 0.001954 0.000000 0.017345 
14:   0.018080 0.112413 0.276373 0.001961 0.000000 0.017194 
15:   0.018537 0.112591 0.275930 0.001955 0.000000 0.017345 
iteration  1
00:   0.079562 0.061592 0.091575 0.006109 0.000000 0.008142 
01:   0.078154 0.061667 0.083015 0.006098 0.000000 0.008213 
02:   0.084547 0.061688 0.083256 0.006082 0.000000 0.008196 
03:   0.078393 0.061721 0.092049 0.006108 0.000000 0.008161 
04:   0.078441 0.061605 0.083130 0.006078 0.000000 0.008054 
05:   0.080404 0.061683 0.092386 0.006098 0.000000 0.008051 
06:   0.081416 0.061194 0.083259 0.006084 0.000000 0.007968 
07:   0.082855 0.061713 0.092677 0.006089 0.000000 0.008019 
08:   0.069944 0.059346 0.079500 0.006072 0.000000 0.006629 
09:   0.071016 0.059317 0.073373 0.006077 0.000000 0.006638 
10:   0.070979 0.059328 0.073586 0.006080 0.000000 0.006652 
11:   0.067715 0.059379 0.073756 0.006067 0.000000 0.006610 
12:   0.068733 0.059234 0.073478 0.006067 0.000000 0.006623 
13:   0.068787 0.059351 0.073572 0.006068 0.000000 0.006600 
14:   0.066358 0.058856 0.073647 0.006070 0.000000 0.006537 
15:   0.062691 0.059250 0.073488 0.006104 0.000000 0.006609 
iteration  2
00:   0.098569 0.042157 0.022910 0.005034 0.000000 0.002856 
01:   0.096608 0.042138 0.020999 0.005015 0.000000 0.002901 
02:   0.098519 0.042168 0.020824 0.005018 0.000000 0.002910 
03:   0.096624 0.042155 0.022751 0.005025 0.000000 0.002874 
04:   0.096721 0.042136 0.020919 0.005038 0.000000 0.002879 
05:   0.097249 0.042136 0.023098 0.005041 0.000000 0.002914 
06:   0.096340 0.042037 0.020938 0.005040 0.000000 0.002887 
07:   0.096522 0.042134 0.023291 0.005039 0.000000 0.002884 
08:   0.086086 0.041762 0.018975 0.005002 0.000000 0.002422 
09:   0.084869 0.041761 0.017707 0.005003 0.000000 0.002321 
10:   0.085855 0.041776 0.017820 0.004999 0.000000 0.002361 
11:   0.084970 0.041768 0.017984 0.004997 0.000000 0.002373 
12:   0.083649 0.041731 0.017916 0.004994 0.000000 0.002400 
13:   0.084478 0.041772 0.017789 0.005001 0.000000 0.002379 
14:   0.084419 0.041618 0.017640 0.005000 0.000000 0.002360 
15:   0.083301 0.041751 0.017705 0.004997 0.000000 0.002361 
iteration  3
00:   0.087587 0.038208 0.012751 0.003992 0.000000 0.001151 
01:   0.087232 0.038217 0.012075 0.003981 0.000000 0.001199 
02:   0.086956 0.038214 0.012108 0.003990 0.000000 0.001253 
03:   0.086087 0.038212 0.012818 0.004001 0.000000 0.001200 
04:   0.087316 0.038211 0.012095 0.003969 0.000000 0.001212 
05:   0.088560 0.038211 0.012930 0.003989 0.000000 0.001194 
06:   0.088034 0.038198 0.012170 0.003991 0.000000 0.001196 
07:   0.087196 0.038208 0.013005 0.003972 0.000000 0.001192 
08:   0.079530 0.038152 0.008872 0.003972 0.000000 0.000985 
09:   0.075927 0.038146 0.008460 0.003987 0.000000 0.000956 
10:   0.078654 0.038155 0.008644 0.004002 0.000000 0.000976 
11:   0.078669 0.038155 0.008551 0.003974 0.000000 0.000947 
12:   0.079545 0.038150 0.008658 0.003985 0.000000 0.000980 
13:   0.078866 0.038157 0.008562 0.003994 0.000000 0.000974 
14:   0.077835 0.038149 0.008594 0.003966 0.000000 0.000981 
15:   0.076709 0.038147 0.008505 0.003995 0.000000 0.000961 
iteration  4
00:   0.008952 0.037310 0.010173 0.003156 0.000000 0.000599 
01:   0.009675 0.037308 0.010038 0.003146 0.000000 0.000619 
02:   0.009750 0.037312 0.010105 0.003156 0.000000 0.000637 
03:   0.009248 0.037306 0.010239 0.003155 0.000000 0.000630 
04:   0.009335 0.037309 0.010021 0.003149 0.000000 0.000626 
05:   0.008954 0.037308 0.010206 0.003141 0.000000 0.000610 
06:   0.009479 0.037307 0.010033 0.003169 0.000000 0.000609 
07:   0.009447 0.037310 0.010240 0.003158 0.000000 0.000610 
08:   0.007801 0.037303 0.005686 0.003135 0.000000 0.000493 
09:   0.007877 0.037302 0.005724 0.003111 0.000000 0.000485 
10:   0.008013 0.037304 0.005674 0.003136 0.000000 0.000476 
11:   0.007694 0.037301 0.005568 0.003143 0.000000 0.000474 
12:   0.007978 0.037302 0.005628 0.003136 0.000000 0.000486 
13:   0.007595 0.037305 0.005614 0.003131 0.000000 0.000490 
14:   0.008013 0.037302 0.005635 0.003131 0.000000 0.000491 
15:   0.007619 0.037300 0.005621 0.003132 0.000000 0.000480 
iteration  5
00:   0.002020 0.037387 0.009704 0.002263 0.000000 0.000491 
01:   0.001841 0.037387 0.009685 0.002253 0.000000 0.000481 
02:   0.002214 0.037387 0.009689 0.002236 0.000000 0.000495 
03:   0.002237 0.037386 0.009654 0.002274 0.000000 0.000500 
04:   0.002133 0.037387 0.009669 0.002228 0.000000 0.000493 
05:   0.001988 0.037386 0.009679 0.002301 0.000000 0.000493 
06:   0.001883 0.037387 0.009628 0.002286 0.000000 0.000482 
07:   0.001984 0.037387 0.009694 0.002303 0.000000 0.000496 
08:   0.002007 0.037386 0.005134 0.002287 0.000000 0.000389 
09:   0.002020 0.037386 0.005083 0.002250 0.000000 0.000378 
10:   0.001957 0.037386 0.005073 0.002296 0.000000 0.000385 
11:   0.001857 0.037386 0.005032 0.002260 0.000000 0.000379 
12:   0.001999 0.037386 0.005038 0.002233 0.000000 0.000377 
13:   0.001965 0.037386 0.004963 0.002313 0.000000 0.000381 
14:   0.001987 0.037386 0.005021 0.002228 0.000000 0.000390 
15:   0.001919 0.037386 0.005032 0.002289 0.000000 0.000385 
iteration  6
00:   0.001052 0.037480 0.009708 0.001756 0.000000 0.000469 
01:   0.000787 0.037481 0.009712 0.001736 0.000000 0.000477 
02:   0.001328 0.037481 0.009707 0.001784 0.000000 0.000474 
03:   0.001401 0.037480 0.009653 0.001757 0.000000 0.000490 
04:   0.001227 0.037480 0.009689 0.001759 0.000000 0.000478 
05:   0.001124 0.037480 0.009696 0.001774 0.000000 0.000480 
06:   0.000928 0.037481 0.009660 0.001809 0.000000 0.000472 
07:   0.001065 0.037481 0.009637 0.001749 0.000000 0.000475 
08:   0.001299 0.037481 0.005095 0.001752 0.000000 0.000374 
09:   0.001257 0.037481 0.005083 0.001760 0.000000 0.000371 
10:   0.001305 0.037480 0.005011 0.001753 0.000000 0.000373 
11:   0.001302 0.037481 0.005064 0.001735 0.000000 0.000370 
12:   0.001270 0.037481 0.005117 0.001740 0.000000 0.000368 
13:   0.001304 0.037481 0.005045 0.001773 0.000000 0.000373 
14:   0.001322 0.037481 0.005030 0.001753 0.000000 0.000376 
15:   0.001271 0.037481 0.004990 0.001782 0.000000 0.000375 
iteration  7
00:   0.000876 0.037333 0.009805 0.001103 0.000000 0.000466 
01:   0.000679 0.037333 0.009780 0.001122 0.000000 0.000469 
02:   0.001082 0.037333 0.009786 0.001106 0.000000 0.000474 
03:   0.001184 0.037333 0.009743 0.001115 0.000000 0.000479 
04:   0.001011 0.037333 0.009790 0.001133 0.000000 0.000478 
05:   0.000959 0.037333 0.009708 0.001107 0.000000 0.000481 
06:   0.000764 0.037333 0.009765 0.001146 0.000000 0.000471 
07:   0.000826 0.037333 0.009736 0.001136 0.000000 0.000471 
08:   0.001104 0.037333 0.005062 0.001105 0.000000 0.000379 
09:   0.001111 0.037333 0.005054 0.001124 0.000000 0.000371 
10:   0.001100 0.037333 0.005011 0.001127 0.000000 0.000379 
11:   0.001064 0.037333 0.005016 0.001117 0.000000 0.000375 
12:   0.001087 0.037333 0.005010 0.001103 0.000000 0.000372 
13:   0.001106 0.037333 0.004987 0.001128 0.000000 0.000382 
14:   0.001097 0.037333 0.005003 0.001111 0.000000 0.000379 
15:   0.001109 0.037333 0.004961 0.001108 0.000000 0.000377 
/nethome/kalgin/z/mst/run.xeon.sh: line 45: 64414 Killed                  ./turbobust_stub.out $i 16
/nethome/kalgin/z/mst/run.xeon.sh: line 45: 64432 Segmentation fault      (core dumped) ./turbobust_stub.out $i 16
/nethome/kalgin/z/mst/run.xeon.sh: line 60: kill: (64432) - No such process
