threadsCount = 16
loopsCount = 2164
7.591
3.808
threadsCount = 1
loopsCount = 2164
Done
iterationNumber = 0
iterationNumber = 1
iterationNumber = 2
iterationNumber = 3
iterationNumber = 4
iterationNumber = 5
iterationNumber = 6
6.137
6.173
iteration  0
00:   0.212067 0.000000 2.069945 0.015463 0.674392 
iteration  1
00:   0.256000 0.000000 0.373874 0.030595 0.140890 
iteration  2
00:   0.172567 0.000000 0.127284 0.021036 0.065651 
iteration  3
00:   0.141998 0.000000 0.103322 0.015956 0.060736 
iteration  4
00:   0.139574 0.000000 0.101474 0.015526 0.061303 
iteration  5
00:   0.168628 0.000000 0.101463 0.013536 0.052859 
iteration  6
00:   0.907681 0.000000 0.101435 0.005589 0.006498 
threadsCount = 2
loopsCount = 2164
Done
iterationNumber = 0
iterationNumber = 1
iterationNumber = 2
iterationNumber = 3
iterationNumber = 4
iterationNumber = 5
iterationNumber = 6
3.405
4.180
iteration  0
00:   0.111828 0.000000 1.329295 0.007908 0.415365 
01:   0.111325 0.000000 1.338355 0.007934 0.418852 
iteration  1
00:   0.132962 0.000000 0.226142 0.016684 0.091001 
01:   0.128804 0.000000 0.222748 0.016764 0.092784 
iteration  2
00:   0.091146 0.000000 0.072091 0.010848 0.036771 
01:   0.087179 0.000000 0.072328 0.010856 0.040339 
iteration  3
00:   0.072840 0.000000 0.059028 0.008056 0.035292 
01:   0.075020 0.000000 0.058900 0.008068 0.036263 
iteration  4
00:   0.074760 0.000000 0.057387 0.007804 0.054540 
01:   0.070488 0.000000 0.057345 0.007828 0.012958 
iteration  5
00:   0.142618 0.000000 0.056659 0.006767 0.048952 
01:   0.028953 0.000000 0.056645 0.006832 0.003545 
iteration  6
00:   0.901183 0.000000 0.057306 0.002811 0.003290 
01:   0.004667 0.000000 0.057331 0.002821 0.003355 
/nethome/kalgin/z/mst/run.xeon.sh: line 45: 174783 Killed                  ./turbobust_stub.out $i 16
threadsCount = 4
loopsCount = 2164
Done
iterationNumber = 0
iterationNumber = 1
iterationNumber = 2
iterationNumber = 3
iterationNumber = 4
iterationNumber = 5
iterationNumber = 6
1.984
3.080
iteration  0
00:   0.060465 0.000000 0.886943 0.004005 0.246516 
01:   0.060256 0.000000 0.893426 0.004010 0.251119 
02:   0.060042 0.000000 0.892629 0.004018 0.248308 
03:   0.060373 0.000000 0.886961 0.004015 0.247198 
iteration  1
00:   0.072741 0.000000 0.152403 0.008544 0.060923 
01:   0.071190 0.000000 0.152142 0.008619 0.065908 
02:   0.070338 0.000000 0.149992 0.008607 0.064999 
03:   0.069943 0.000000 0.150108 0.008610 0.065724 
iteration  2
00:   0.049055 0.000000 0.053570 0.005584 0.019171 
01:   0.050021 0.000000 0.054228 0.005588 0.024507 
02:   0.047342 0.000000 0.053692 0.005633 0.021982 
03:   0.047234 0.000000 0.054020 0.005624 0.025654 
iteration  3
00:   0.036462 0.000000 0.044894 0.004040 0.025125 
01:   0.043360 0.000000 0.044822 0.004086 0.019924 
02:   0.038404 0.000000 0.044777 0.004080 0.025333 
03:   0.042821 0.000000 0.044697 0.004100 0.021519 
iteration  4
00:   0.047060 0.000000 0.043951 0.003952 0.013651 
01:   0.033588 0.000000 0.044007 0.003957 0.047264 
02:   0.045419 0.000000 0.043900 0.003929 0.013608 
03:   0.030319 0.000000 0.043843 0.003942 0.001925 
iteration  5
00:   0.028494 0.000000 0.043738 0.003405 0.047024 
01:   0.117641 0.000000 0.043789 0.003475 0.001828 
02:   0.028080 0.000000 0.043671 0.003464 0.001848 
03:   0.002639 0.000000 0.043657 0.003480 0.001875 
iteration  6
00:   0.898217 0.000000 0.044089 0.001427 0.001743 
01:   0.002769 0.000000 0.044109 0.001451 0.001757 
02:   0.002793 0.000000 0.044070 0.001460 0.001731 
03:   0.002818 0.000000 0.044126 0.001464 0.001783 
/nethome/kalgin/z/mst/run.xeon.sh: line 45: 174801 Killed                  ./turbobust_stub.out $i 16
threadsCount = 8
loopsCount = 2164
Done
iterationNumber = 0
iterationNumber = 1
iterationNumber = 2
iterationNumber = 3
iterationNumber = 4
iterationNumber = 5
iterationNumber = 6
1.389
2.656
iteration  0
00:   0.036335 0.000000 0.655973 0.002094 0.157131 
01:   0.036289 0.000000 0.656638 0.002094 0.177083 
02:   0.036386 0.000000 0.659133 0.002090 0.176271 
03:   0.036212 0.000000 0.657125 0.002090 0.176574 
04:   0.036169 0.000000 0.656741 0.002092 0.174549 
05:   0.036233 0.000000 0.660151 0.002093 0.177237 
06:   0.036265 0.000000 0.657118 0.002091 0.175465 
07:   0.036879 0.000000 0.655640 0.002091 0.175833 
iteration  1
00:   0.043512 0.000000 0.121635 0.004435 0.109560 
01:   0.042880 0.000000 0.116110 0.004444 0.114592 
02:   0.042357 0.000000 0.117055 0.004434 0.127019 
03:   0.041966 0.000000 0.118142 0.004444 0.129966 
04:   0.041755 0.000000 0.116526 0.004416 0.129235 
05:   0.042190 0.000000 0.117093 0.004435 0.129529 
06:   0.042002 0.000000 0.116998 0.004444 0.129704 
07:   0.042027 0.000000 0.116949 0.004441 0.130226 
iteration  2
00:   0.029993 0.000000 0.047369 0.002878 0.012579 
01:   0.027993 0.000000 0.047373 0.002873 0.014359 
02:   0.028565 0.000000 0.047315 0.002875 0.015647 
03:   0.029883 0.000000 0.047793 0.002878 0.018236 
04:   0.028066 0.000000 0.047130 0.002873 0.014684 
05:   0.028160 0.000000 0.047420 0.002876 0.016440 
06:   0.028106 0.000000 0.047584 0.002881 0.018033 
07:   0.028149 0.000000 0.047426 0.002880 0.016655 
iteration  3
00:   0.020816 0.000000 0.042247 0.002107 0.019786 
01:   0.023066 0.000000 0.042243 0.002106 0.017844 
02:   0.023332 0.000000 0.042162 0.002106 0.018667 
03:   0.027525 0.000000 0.042106 0.002106 0.013951 
04:   0.022053 0.000000 0.042097 0.002108 0.016043 
05:   0.024040 0.000000 0.042170 0.002106 0.022209 
06:   0.027044 0.000000 0.042052 0.002107 0.017179 
07:   0.024017 0.000000 0.041944 0.002108 0.012313 
iteration  4
00:   0.030634 0.000000 0.041945 0.002032 0.013146 
01:   0.023975 0.000000 0.042005 0.002028 0.001156 
02:   0.023439 0.000000 0.042055 0.002029 0.045130 
03:   0.016202 0.000000 0.041938 0.002026 0.001352 
04:   0.020858 0.000000 0.041914 0.002024 0.004441 
05:   0.031701 0.000000 0.041892 0.002025 0.009158 
06:   0.023034 0.000000 0.041834 0.002027 0.001210 
07:   0.013286 0.000000 0.041844 0.002027 0.001252 
iteration  5
00:   0.028123 0.000000 0.041730 0.001756 0.047033 
01:   0.001912 0.000000 0.041750 0.001756 0.000960 
02:   0.115548 0.000000 0.041694 0.001753 0.000982 
03:   0.003691 0.000001 0.041661 0.001749 0.000977 
04:   0.010744 0.000000 0.041726 0.001749 0.000987 
05:   0.020030 0.000000 0.041733 0.001752 0.000992 
06:   0.001985 0.000000 0.041674 0.001753 0.001011 
07:   0.001981 0.000000 0.041664 0.001756 0.001020 
iteration  6
00:   0.897467 0.000000 0.042069 0.000763 0.000974 
01:   0.002420 0.000001 0.042072 0.000757 0.000961 
02:   0.002456 0.000000 0.042111 0.000763 0.000965 
03:   0.002439 0.000001 0.042114 0.000756 0.000956 
04:   0.002464 0.000000 0.042048 0.000759 0.000987 
05:   0.002429 0.000000 0.041968 0.000763 0.000977 
06:   0.002489 0.000000 0.042095 0.000763 0.000995 
07:   0.002476 0.000000 0.042014 0.000765 0.000992 
/nethome/kalgin/z/mst/run.xeon.sh: line 45: 174819 Killed                  ./turbobust_stub.out $i 16
threadsCount = 16
loopsCount = 2164
Done
iterationNumber = 0
iterationNumber = 1
iterationNumber = 2
iterationNumber = 3
iterationNumber = 4
iterationNumber = 5
iterationNumber = 6
0.955
3.579
iteration  0
00:   0.020536 0.000000 0.605853 0.001726 0.379080 
01:   0.020741 0.000000 0.607567 0.001742 0.536502 
02:   0.020768 0.000000 0.552953 0.001733 0.523315 
03:   0.020444 0.000000 0.606655 0.001744 0.535896 
04:   0.020582 0.000000 0.609318 0.001743 0.532441 
05:   0.020494 0.000000 0.556954 0.001776 0.536804 
06:   0.020614 0.000000 0.554583 0.001751 0.536244 
07:   0.020865 0.000000 0.558454 0.001725 0.538079 
08:   0.019461 0.000000 0.524564 0.001758 0.548880 
09:   0.019405 0.000000 0.492471 0.001776 0.545091 
10:   0.019556 0.000000 0.526968 0.001739 0.552160 
11:   0.019738 0.000000 0.524118 0.001751 0.548891 
12:   0.019212 0.000000 0.496198 0.001782 0.550695 
13:   0.019367 0.000000 0.521852 0.001730 0.545271 
14:   0.019559 0.000000 0.521373 0.001744 0.546614 
15:   0.020137 0.000000 0.493479 0.001784 0.549030 
iteration  1
00:   0.029033 0.000000 0.127549 0.004993 0.177376 
01:   0.029051 0.000000 0.114708 0.004990 0.194300 
02:   0.028003 0.000000 0.105970 0.005015 0.189018 
03:   0.028621 0.000000 0.114156 0.004993 0.188501 
04:   0.028210 0.000000 0.114236 0.004974 0.194528 
05:   0.027976 0.000000 0.107891 0.004991 0.208859 
06:   0.027798 0.000000 0.107518 0.004990 0.209781 
07:   0.027898 0.000000 0.108702 0.004973 0.214650 
08:   0.025326 0.000001 0.103138 0.004997 0.210861 
09:   0.024923 0.000001 0.099525 0.004991 0.213128 
10:   0.025451 0.000000 0.103830 0.004975 0.213769 
11:   0.025156 0.000001 0.103009 0.004995 0.214817 
12:   0.025481 0.000000 0.099935 0.004955 0.216329 
13:   0.024785 0.000001 0.102744 0.004964 0.211855 
14:   0.024977 0.000001 0.103180 0.004999 0.216222 
15:   0.025188 0.000001 0.099486 0.004991 0.214794 
iteration  2
00:   0.020124 0.000000 0.051377 0.002305 0.040931 
01:   0.019712 0.000000 0.051321 0.002328 0.040659 
02:   0.017778 0.000000 0.050196 0.002331 0.043416 
03:   0.019164 0.000000 0.051302 0.002357 0.047587 
04:   0.018536 0.000000 0.051073 0.002321 0.040771 
05:   0.019228 0.000000 0.050589 0.002337 0.054627 
06:   0.019420 0.000000 0.050967 0.002343 0.058387 
07:   0.020423 0.000000 0.050554 0.002313 0.051221 
08:   0.017022 0.000000 0.046980 0.002351 0.051397 
09:   0.017545 0.000000 0.046652 0.002352 0.047290 
10:   0.017517 0.000000 0.047118 0.002334 0.056996 
11:   0.017089 0.000000 0.046935 0.002362 0.052586 
12:   0.017611 0.000000 0.047154 0.002321 0.057885 
13:   0.016889 0.000000 0.047083 0.002384 0.055939 
14:   0.017307 0.000000 0.046896 0.002330 0.053617 
15:   0.017163 0.000000 0.046820 0.002336 0.056019 
iteration  3
00:   0.013413 0.000000 0.047895 0.001337 0.030717 
01:   0.013304 0.000000 0.047891 0.001322 0.028320 
02:   0.014019 0.000000 0.047711 0.001319 0.027908 
03:   0.015364 0.000000 0.047825 0.001346 0.028759 
04:   0.012300 0.000000 0.047799 0.001312 0.026857 
05:   0.017345 0.000000 0.047744 0.001317 0.027183 
06:   0.020230 0.000000 0.047645 0.001352 0.006547 
07:   0.015548 0.000000 0.047683 0.001356 0.028624 
08:   0.012942 0.000000 0.043218 0.001327 0.023787 
09:   0.011713 0.000000 0.043153 0.001299 0.028289 
10:   0.014410 0.000000 0.043220 0.001304 0.032541 
11:   0.012379 0.000000 0.043225 0.001317 0.032288 
12:   0.016118 0.000000 0.043210 0.001330 0.026560 
13:   0.014541 0.000000 0.043149 0.001310 0.028444 
14:   0.012591 0.000001 0.043200 0.001309 0.028268 
15:   0.014112 0.000000 0.043113 0.001296 0.012730 
iteration  4
00:   0.020884 0.000000 0.047655 0.001227 0.011710 
01:   0.019720 0.000000 0.047692 0.001228 0.009406 
02:   0.014990 0.000000 0.047640 0.001203 0.000636 
03:   0.015788 0.000001 0.047617 0.001222 0.000638 
04:   0.014092 0.000000 0.047644 0.001230 0.041578 
05:   0.016060 0.000001 0.047635 0.001193 0.018872 
06:   0.005010 0.000000 0.047583 0.001181 0.001424 
07:   0.015544 0.000000 0.047604 0.001229 0.000640 
08:   0.011668 0.000000 0.042955 0.001220 0.000519 
09:   0.011808 0.000000 0.042968 0.001191 0.004911 
10:   0.018310 0.000000 0.042963 0.001194 0.010702 
11:   0.018668 0.000000 0.042941 0.001188 0.005938 
12:   0.013792 0.000000 0.042961 0.001203 0.000511 
13:   0.012011 0.000000 0.042982 0.001208 0.000520 
14:   0.009473 0.000000 0.042917 0.001198 0.000523 
15:   0.005202 0.000000 0.042897 0.001199 0.000531 
iteration  5
00:   0.021520 0.000000 0.048028 0.001042 0.000629 
01:   0.017631 0.000000 0.048008 0.001018 0.048763 
02:   0.001402 0.000001 0.048015 0.001077 0.000611 
03:   0.001384 0.000000 0.048019 0.001049 0.000602 
04:   0.122168 0.000000 0.047963 0.001017 0.000627 
05:   0.054149 0.000000 0.047992 0.001053 0.000610 
06:   0.003527 0.000001 0.048040 0.001050 0.000622 
07:   0.001460 0.000000 0.048021 0.001035 0.000609 
08:   0.001354 0.000000 0.043141 0.001016 0.000474 
09:   0.011379 0.000000 0.043151 0.001024 0.000472 
10:   0.015608 0.000000 0.043119 0.000992 0.000463 
11:   0.008610 0.000000 0.043090 0.000999 0.000472 
12:   0.001336 0.000000 0.043093 0.001023 0.000481 
13:   0.001305 0.000000 0.043075 0.001036 0.000481 
14:   0.001330 0.000000 0.043079 0.001012 0.000481 
15:   0.001325 0.000000 0.043082 0.001005 0.000493 
iteration  6
00:   0.001404 0.000000 0.047876 0.000496 0.000616 
01:   1.382549 0.000000 0.047833 0.000498 0.000597 
02:   0.001369 0.000001 0.047821 0.000500 0.000601 
03:   0.001378 0.000000 0.047858 0.000495 0.000595 
04:   0.001406 0.000001 0.047867 0.000494 0.000622 
05:   0.001379 0.000000 0.047864 0.000496 0.000589 
06:   0.001397 0.000001 0.047869 0.000499 0.000613 
07:   0.001450 0.000000 0.047856 0.000498 0.000593 
08:   0.001249 0.000000 0.043136 0.000423 0.000512 
09:   0.001206 0.000000 0.043121 0.000421 0.000499 
10:   0.001213 0.000000 0.043059 0.000425 0.000491 
11:   0.001211 0.000000 0.043092 0.000422 0.000492 
12:   0.001241 0.000000 0.043059 0.000426 0.000509 
13:   0.001243 0.000001 0.043091 0.000422 0.000505 
14:   0.001249 0.000001 0.043067 0.000421 0.000515 
15:   0.001260 0.000001 0.043103 0.000422 0.000518 
/nethome/kalgin/z/mst/run.xeon.sh: line 45: 174837 Killed                  ./turbobust_stub.out $i 16
/nethome/kalgin/z/mst/run.xeon.sh: line 45: 174855 Segmentation fault      (core dumped) ./turbobust_stub.out $i 16
/nethome/kalgin/z/mst/run.xeon.sh: line 60: kill: (174855) - No such process
