threadsCount = 16
loopsCount = 0
30.312
47.201
threadsCount = 1
loopsCount = 0
Done
iterationNumber = 0
iterationNumber = 1
iterationNumber = 2
iterationNumber = 3
iterationNumber = 4
iterationNumber = 5
iterationNumber = 6
iterationNumber = 7
iterationNumber = 8
iterationNumber = 9
iterationNumber = 10
iterationNumber = 11
iterationNumber = 12
iterationNumber = 13
11.954
105.273
iteration  0
00:   3.023309 6.914855 15.058612 0.277572 2.324363 13.428590 
iteration  1
00:   3.332862 4.489497 6.605884 0.637913 1.164419 5.108783 
iteration  2
00:   1.038487 2.160949 2.511164 0.495027 0.597159 2.893279 
iteration  3
00:   0.623009 1.482794 1.163143 0.386346 0.287788 1.422912 
iteration  4
00:   0.501939 1.285040 0.752091 0.299048 0.185981 0.794431 
iteration  5
00:   0.369318 1.213568 0.638251 0.258115 0.164883 0.524969 
iteration  6
00:   0.308193 1.198123 0.605999 0.240220 0.160265 0.379420 
iteration  7
00:   0.217416 1.195424 0.598477 0.231475 0.158993 0.312567 
iteration  8
00:   0.191514 1.193084 0.595942 0.226677 0.158909 0.258136 
iteration  9
00:   0.147280 1.193110 0.594623 0.224051 0.159110 0.244289 
iteration 10
00:   0.142925 1.194700 0.593803 0.221318 0.159256 0.213076 
iteration 11
00:   0.120142 1.194521 0.594078 0.226703 0.159317 0.217109 
iteration 12
00:   0.125820 1.194979 0.593571 0.228931 0.159162 0.195821 
iteration 13
00:   0.110855 1.194505 0.594531 0.086101 0.159227 0.209192 
threadsCount = 2
loopsCount = 0
Done
iterationNumber = 0
iterationNumber = 1
iterationNumber = 2
iterationNumber = 3
iterationNumber = 4
iterationNumber = 5
iterationNumber = 6
iterationNumber = 7
iterationNumber = 8
iterationNumber = 9
iterationNumber = 10
iterationNumber = 11
iterationNumber = 12
iterationNumber = 13
9.178
67.334
iteration  0
00:   1.517265 3.551593 7.876052 0.278120 8.245774 6.387395 
01:   1.515166 3.881947 8.569239 0.277836 8.245769 6.521166 
iteration  1
00:   1.169515 2.327266 3.376351 0.413055 2.622771 2.947890 
01:   1.174260 2.482218 3.581167 0.412602 2.622775 2.952312 
iteration  2
00:   0.522527 1.158548 1.270410 0.325330 0.632041 1.694856 
01:   0.521854 1.201119 1.380942 0.324563 0.632046 1.697109 
iteration  3
00:   0.318576 0.824918 0.572076 0.253367 0.194700 0.858482 
01:   0.318323 0.836099 0.653562 0.252932 0.194704 0.860171 
iteration  4
00:   0.256031 0.719145 0.360123 0.198371 0.112367 0.484484 
01:   0.256152 0.722183 0.430498 0.198402 0.112370 0.485461 
iteration  5
00:   0.199706 0.684447 0.300947 0.175032 0.092759 0.325890 
01:   0.199867 0.685164 0.366640 0.175228 0.092762 0.326667 
iteration  6
00:   0.165382 0.677610 0.281470 0.164968 0.092131 0.238968 
01:   0.165324 0.677801 0.342763 0.164880 0.092129 0.239843 
iteration  7
00:   0.124074 0.676221 0.278490 0.160257 0.090362 0.187942 
01:   0.124231 0.676268 0.339075 0.160257 0.090365 0.187642 
iteration  8
00:   0.102640 0.675317 0.280073 0.157526 0.089765 0.162171 
01:   0.101946 0.675328 0.345249 0.158088 0.089762 0.160407 
iteration  9
00:   0.084056 0.675613 0.278125 0.158097 0.090144 0.144674 
01:   0.083285 0.675615 0.338724 0.155568 0.090147 0.148426 
iteration 10
00:   0.081352 0.675158 0.279385 0.155863 0.090131 0.137312 
01:   0.082643 0.675159 0.341295 0.160713 0.090137 0.132699 
iteration 11
00:   0.072130 0.676160 0.274778 0.165292 0.090083 0.132892 
01:   0.070257 0.676159 0.336159 0.169535 0.090082 0.130162 
iteration 12
00:   0.076306 0.675416 0.278754 0.099471 0.090623 0.126382 
01:   0.075312 0.675416 0.339680 0.103644 0.090621 0.124580 
iteration 13
00:   0.066744 0.675520 0.278534 0.043170 0.089671 0.126644 
01:   0.066547 0.675520 0.339820 0.043139 0.089670 0.126869 
/nethome/kalgin/z/mst/run.xeon.sh: line 46: 167808 Killed                  ./turbobust_stub.out $i 16
threadsCount = 4
loopsCount = 0
Done
iterationNumber = 0
iterationNumber = 1
iterationNumber = 2
iterationNumber = 3
iterationNumber = 4
iterationNumber = 5
iterationNumber = 6
iterationNumber = 7
iterationNumber = 8
iterationNumber = 9
iterationNumber = 10
iterationNumber = 11
iterationNumber = 12
iterationNumber = 13
8.106
56.045
iteration  0
00:   0.819986 2.054536 4.244604 0.139751 15.248962 4.660251 
01:   0.821204 2.056209 4.364065 0.139267 15.248986 5.058121 
02:   0.819988 2.130755 4.498465 0.139283 15.248989 5.191691 
03:   0.819043 2.295349 4.790985 0.139406 15.248956 5.201775 
iteration  1
00:   0.596981 1.338962 1.778977 0.208071 4.453411 1.858522 
01:   0.499376 1.339282 1.783618 0.207422 4.453423 1.863070 
02:   0.642027 1.382740 1.836940 0.207390 4.453433 1.862772 
03:   0.556792 1.452978 1.943027 0.207664 4.453417 1.859882 
iteration  2
00:   0.312198 0.719058 0.671419 0.163672 1.086144 1.052316 
01:   0.312219 0.719070 0.681009 0.163454 1.086149 1.055060 
02:   0.311335 0.730720 0.703815 0.163456 1.086139 1.054660 
03:   0.310956 0.749925 0.750544 0.163511 1.086138 1.054024 
iteration  3
00:   0.211579 0.534776 0.299100 0.128154 0.258840 0.557076 
01:   0.211074 0.534786 0.302692 0.128152 0.258848 0.557972 
02:   0.211258 0.537923 0.321434 0.127966 0.258846 0.557710 
03:   0.210488 0.542858 0.354814 0.127993 0.258840 0.556110 
iteration  4
00:   0.166182 0.485735 0.187877 0.100445 0.087774 0.336096 
01:   0.166241 0.485757 0.188994 0.100394 0.087778 0.337206 
02:   0.166110 0.486603 0.204496 0.100279 0.087778 0.336166 
03:   0.165358 0.487959 0.235905 0.100313 0.087772 0.337450 
iteration  5
00:   0.128999 0.472308 0.157434 0.088388 0.075922 0.230993 
01:   0.129790 0.472308 0.157184 0.088299 0.075924 0.231586 
02:   0.129770 0.472512 0.172635 0.088407 0.075922 0.231110 
03:   0.129122 0.472874 0.202538 0.087959 0.075922 0.232032 
iteration  6
00:   0.103638 0.469456 0.148948 0.083310 0.075154 0.171174 
01:   0.104437 0.469462 0.148838 0.083423 0.075155 0.171691 
02:   0.104349 0.469499 0.164759 0.083233 0.075154 0.171361 
03:   0.103380 0.469608 0.192465 0.082891 0.075155 0.172070 
iteration  7
00:   0.087350 0.468912 0.145769 0.081072 0.074391 0.133767 
01:   0.088088 0.468915 0.145637 0.081270 0.074388 0.136138 
02:   0.088143 0.468922 0.161005 0.081036 0.074392 0.136784 
03:   0.087698 0.468951 0.190003 0.080833 0.074391 0.136323 
iteration  8
00:   0.078653 0.469144 0.144082 0.079943 0.075157 0.114701 
01:   0.080012 0.469143 0.143833 0.080352 0.075134 0.119333 
02:   0.079434 0.469144 0.159634 0.080094 0.075157 0.116347 
03:   0.079757 0.469152 0.189160 0.079755 0.075157 0.116075 
iteration  9
00:   0.073387 0.468441 0.144521 0.078631 0.073608 0.102887 
01:   0.075418 0.468442 0.144311 0.082571 0.073609 0.104469 
02:   0.074235 0.468442 0.160107 0.081160 0.073609 0.105719 
03:   0.074592 0.468443 0.189050 0.078934 0.073605 0.103817 
iteration 10
00:   0.072446 0.468975 0.144516 0.077958 0.075450 0.096456 
01:   0.072518 0.468975 0.144304 0.082327 0.075450 0.095910 
02:   0.073166 0.468975 0.159921 0.080777 0.075449 0.099431 
03:   0.072474 0.468975 0.188955 0.080550 0.075450 0.095471 
iteration 11
00:   0.071307 0.469273 0.144703 0.080917 0.076078 0.090027 
01:   0.070427 0.469273 0.144711 0.077093 0.076075 0.091844 
02:   0.071314 0.469273 0.159761 0.071000 0.076078 0.096242 
03:   0.070275 0.469273 0.188588 0.071880 0.076078 0.091807 
iteration 12
00:   0.069497 0.469153 0.144592 0.082745 0.075173 0.088438 
01:   0.070475 0.469152 0.143809 0.089678 0.075173 0.091248 
02:   0.071315 0.469153 0.159559 0.090479 0.075171 0.088778 
03:   0.070469 0.469153 0.188587 0.088221 0.075174 0.088906 
iteration 13
00:   0.069404 0.468702 0.143740 0.021784 0.076007 0.089343 
01:   0.069530 0.468702 0.143471 0.021712 0.076015 0.089489 
02:   0.069654 0.468702 0.159253 0.021668 0.076016 0.089322 
03:   0.069247 0.468702 0.188453 0.021643 0.076016 0.089269 
/nethome/kalgin/z/mst/run.xeon.sh: line 46: 167828 Killed                  ./turbobust_stub.out $i 16
threadsCount = 8
loopsCount = 0
Done
iterationNumber = 0
iterationNumber = 1
iterationNumber = 2
iterationNumber = 3
iterationNumber = 4
iterationNumber = 5
iterationNumber = 6
iterationNumber = 7
iterationNumber = 8
iterationNumber = 9
iterationNumber = 10
iterationNumber = 11
iterationNumber = 12
iterationNumber = 13
7.699
47.079
iteration  0
00:   0.710508 1.393602 2.472387 0.070800 12.946247 6.279262 
01:   0.711204 1.391937 2.551050 0.070802 12.946281 6.678719 
02:   0.709698 1.393497 2.553935 0.070801 12.946260 6.542072 
03:   0.709495 1.392182 2.551966 0.070802 12.946268 5.988016 
04:   0.708751 1.392309 2.556170 0.070796 12.946268 6.659413 
05:   0.709131 1.459684 2.682513 0.070800 12.946267 6.339345 
06:   0.708632 1.472769 2.702677 0.070803 12.946275 5.923854 
07:   0.709228 1.535110 2.805347 0.070805 12.946228 6.708149 
iteration  1
00:   0.743881 0.975565 0.984406 0.105413 3.706343 1.655314 
01:   0.734839 0.975161 0.989678 0.105411 3.706369 1.663115 
02:   0.848637 0.975420 0.988128 0.105422 3.706371 1.662083 
03:   0.680142 0.975664 0.988720 0.105416 3.706357 1.659592 
04:   0.539093 0.975333 0.988805 0.105425 3.706353 1.656654 
05:   0.808836 1.027826 1.050401 0.105418 3.706352 1.660772 
06:   0.623635 1.012193 1.039935 0.105417 3.706370 1.654943 
07:   0.496871 1.040104 1.078024 0.105422 3.706335 1.651433 
iteration  2
00:   0.292440 0.515724 0.355916 0.083786 0.944327 1.010193 
01:   0.292246 0.515731 0.361310 0.083790 0.944348 1.010505 
02:   0.292172 0.515812 0.360516 0.083784 0.944353 1.011114 
03:   0.291882 0.515816 0.360815 0.083791 0.944342 1.009682 
04:   0.291326 0.515777 0.360994 0.083792 0.944344 1.010978 
05:   0.291309 0.529118 0.391962 0.083802 0.944344 1.009266 
06:   0.290847 0.525680 0.385082 0.083779 0.944348 1.008659 
07:   0.291390 0.533224 0.401796 0.083795 0.944328 1.008677 
iteration  3
00:   0.200842 0.414988 0.163058 0.065929 0.243856 0.572710 
01:   0.200899 0.414984 0.165615 0.065933 0.243860 0.576396 
02:   0.200936 0.415030 0.165127 0.065933 0.243864 0.576059 
03:   0.200427 0.415012 0.164880 0.065934 0.243863 0.574845 
04:   0.200542 0.415032 0.164925 0.065938 0.243858 0.576156 
05:   0.199873 0.418514 0.184008 0.065938 0.243861 0.575185 
06:   0.199618 0.417581 0.180759 0.065945 0.243865 0.574582 
07:   0.198878 0.419547 0.191817 0.065934 0.243855 0.574542 
iteration  4
00:   0.144602 0.389423 0.107883 0.051833 0.080242 0.357237 
01:   0.144976 0.389439 0.108181 0.051842 0.080248 0.357450 
02:   0.145169 0.389429 0.108207 0.051845 0.080248 0.358581 
03:   0.144397 0.389445 0.107688 0.051844 0.080243 0.358929 
04:   0.144714 0.389452 0.107951 0.051840 0.080248 0.359435 
05:   0.144276 0.390403 0.121912 0.051847 0.080249 0.358898 
06:   0.144169 0.390219 0.121350 0.051846 0.080248 0.358097 
07:   0.144153 0.390775 0.128874 0.051840 0.080244 0.356160 
iteration  5
00:   0.111494 0.384913 0.093962 0.045540 0.072440 0.254218 
01:   0.112369 0.384914 0.094339 0.045539 0.072448 0.256288 
02:   0.112357 0.384915 0.094226 0.045543 0.072442 0.255327 
03:   0.111987 0.384927 0.093819 0.045537 0.072445 0.256104 
04:   0.112255 0.384922 0.093603 0.045536 0.072450 0.255968 
05:   0.112051 0.385181 0.105808 0.045542 0.072451 0.255839 
06:   0.111959 0.385105 0.105105 0.045535 0.072449 0.255010 
07:   0.111511 0.385240 0.110344 0.045537 0.072444 0.255570 
iteration  6
00:   0.094799 0.382985 0.089335 0.042946 0.071758 0.197048 
01:   0.095283 0.382987 0.089332 0.042948 0.071754 0.196422 
02:   0.095278 0.382990 0.089226 0.042947 0.071738 0.197878 
03:   0.095332 0.382989 0.089100 0.042947 0.071748 0.199096 
04:   0.094760 0.382988 0.089391 0.042944 0.071759 0.198408 
05:   0.094543 0.383055 0.101320 0.042947 0.071759 0.197827 
06:   0.094866 0.383040 0.101327 0.042950 0.071760 0.197540 
07:   0.094532 0.383071 0.105963 0.042959 0.071758 0.197685 
iteration  7
00:   0.082401 0.382699 0.088971 0.042070 0.072176 0.161907 
01:   0.083180 0.382696 0.089044 0.042081 0.072178 0.164228 
02:   0.083544 0.382696 0.089186 0.042077 0.072177 0.161526 
03:   0.083747 0.382695 0.088728 0.042080 0.072171 0.165051 
04:   0.083203 0.382693 0.088581 0.042073 0.072163 0.163340 
05:   0.083215 0.382698 0.100255 0.042086 0.072181 0.163033 
06:   0.083151 0.382705 0.100131 0.042076 0.072177 0.164595 
07:   0.083227 0.382716 0.104512 0.042079 0.072177 0.162017 
iteration  8
00:   0.076136 0.382904 0.089545 0.042258 0.072187 0.135298 
01:   0.077409 0.382904 0.089098 0.042267 0.072189 0.140855 
02:   0.076770 0.382903 0.089025 0.042268 0.072189 0.142516 
03:   0.077730 0.382904 0.089089 0.042258 0.072194 0.141046 
04:   0.077101 0.382902 0.088660 0.042270 0.072187 0.138759 
05:   0.076755 0.382903 0.099638 0.042254 0.072184 0.140710 
06:   0.077860 0.382909 0.099510 0.042271 0.072194 0.141457 
07:   0.076348 0.382906 0.103787 0.042267 0.072189 0.140975 
iteration  9
00:   0.069781 0.382912 0.088416 0.042399 0.072381 0.125247 
01:   0.073916 0.382913 0.088321 0.042398 0.072382 0.126347 
02:   0.074289 0.382914 0.088434 0.042382 0.072373 0.127817 
03:   0.073127 0.382912 0.088110 0.042401 0.072386 0.128808 
04:   0.072415 0.382912 0.088002 0.042395 0.072385 0.128835 
05:   0.073754 0.382911 0.099587 0.042387 0.072387 0.127710 
06:   0.074155 0.382913 0.099744 0.042383 0.072382 0.130445 
07:   0.073731 0.382913 0.103915 0.042402 0.072382 0.128820 
iteration 10
00:   0.069976 0.382895 0.089476 0.043315 0.072175 0.121623 
01:   0.071087 0.382895 0.089353 0.043317 0.072161 0.122630 
02:   0.071681 0.382896 0.089512 0.043318 0.072170 0.122227 
03:   0.071246 0.382896 0.089029 0.043316 0.072171 0.122116 
04:   0.071430 0.382895 0.088811 0.043310 0.072172 0.118416 
05:   0.070956 0.382895 0.099355 0.043312 0.072157 0.123433 
06:   0.072127 0.382896 0.099410 0.043309 0.072156 0.121013 
07:   0.071455 0.382895 0.103578 0.043315 0.072175 0.125121 
iteration 11
00:   0.069135 0.383274 0.088631 0.043312 0.071996 0.117156 
01:   0.070314 0.383274 0.088675 0.043312 0.071995 0.116844 
02:   0.070316 0.383274 0.088575 0.043308 0.071991 0.117232 
03:   0.069121 0.383274 0.088386 0.043311 0.071991 0.120679 
04:   0.068160 0.383274 0.088212 0.043313 0.071991 0.116069 
05:   0.070634 0.383274 0.099242 0.043318 0.071995 0.118562 
06:   0.069496 0.383274 0.099035 0.043309 0.071992 0.116813 
07:   0.071073 0.383275 0.103336 0.043315 0.071992 0.115167 
iteration 12
00:   0.069482 0.383098 0.088704 0.045798 0.071824 0.119082 
01:   0.069350 0.383098 0.088611 0.045800 0.071807 0.118317 
02:   0.069207 0.383098 0.088532 0.045796 0.071824 0.118048 
03:   0.070130 0.383098 0.088212 0.045793 0.071827 0.115950 
04:   0.069298 0.383098 0.088116 0.045798 0.071809 0.117637 
05:   0.070035 0.383098 0.099457 0.045802 0.071819 0.116946 
06:   0.069528 0.383098 0.099116 0.045800 0.071825 0.117916 
07:   0.069202 0.383098 0.103476 0.045799 0.071827 0.117779 
iteration 13
00:   0.069624 0.383100 0.088653 0.011164 0.071845 0.118820 
01:   0.069915 0.383100 0.088430 0.011166 0.071849 0.118834 
02:   0.069700 0.383100 0.088588 0.011163 0.071844 0.118253 
03:   0.068934 0.383100 0.088135 0.011162 0.071837 0.119042 
04:   0.069700 0.383100 0.088026 0.011162 0.071844 0.119683 
05:   0.069906 0.383100 0.099233 0.011163 0.071846 0.118984 
06:   0.070020 0.383100 0.099094 0.011166 0.071848 0.118909 
07:   0.070035 0.383100 0.103301 0.011165 0.071845 0.118035 
/nethome/kalgin/z/mst/run.xeon.sh: line 46: 167847 Killed                  ./turbobust_stub.out $i 16
threadsCount = 16
loopsCount = 0
Done
iterationNumber = 0
iterationNumber = 1
iterationNumber = 2
iterationNumber = 3
iterationNumber = 4
iterationNumber = 5
iterationNumber = 6
iterationNumber = 7
iterationNumber = 8
iterationNumber = 9
iterationNumber = 10
iterationNumber = 11
iterationNumber = 12
iterationNumber = 13
7.984
50.490
iteration  0
00:   0.239164 1.566787 1.542859 0.042652 16.876789 1.285399 
01:   0.240381 1.565561 1.660409 0.042672 16.876844 1.297173 
02:   0.239443 1.564729 1.663288 0.042652 16.876880 1.289756 
03:   0.239739 1.564360 1.664370 0.042656 16.876889 1.288202 
04:   0.239102 1.566946 1.667971 0.042664 16.876862 1.289266 
05:   0.238411 1.564557 1.671813 0.042655 16.876843 1.288397 
06:   0.238904 1.565131 1.674420 0.042675 16.876841 1.294716 
07:   0.239085 1.564161 1.676536 0.042677 16.876920 1.287430 
08:   0.423323 1.484712 1.566688 0.041710 16.876983 5.439337 
09:   0.424342 1.485012 1.569802 0.041724 16.876962 5.345888 
10:   0.423528 1.483983 1.570931 0.041720 16.876948 5.468958 
11:   0.424483 1.484903 1.565508 0.041723 16.876927 5.428740 
12:   0.425303 1.484464 1.564707 0.041726 16.876871 5.536723 
13:   0.421309 1.485229 1.564459 0.041721 16.876962 5.102374 
14:   0.421820 1.483621 1.595272 0.041721 16.877003 4.726776 
15:   0.420753 1.482442 1.577519 0.041718 16.876841 5.114076 
iteration  1
00:   0.508718 0.926297 0.552786 0.061237 5.632245 0.901718 
01:   0.481270 0.926082 0.551573 0.061246 5.632287 0.905064 
02:   0.517959 0.926063 0.552659 0.061264 5.632278 0.903632 
03:   0.461523 0.926180 0.552491 0.061253 5.632298 0.902108 
04:   0.480680 0.926154 0.551526 0.061260 5.632289 0.903310 
05:   0.525390 0.926149 0.553646 0.061246 5.632254 0.901716 
06:   0.534461 0.926078 0.554450 0.061246 5.632282 0.901300 
07:   0.494937 0.925897 0.553814 0.061261 5.632278 0.899449 
08:   0.424860 0.892427 0.506533 0.061222 5.632291 1.206986 
09:   0.284944 0.892292 0.506513 0.061241 5.632227 1.210232 
10:   0.252778 0.892481 0.504120 0.061236 5.632229 1.206674 
11:   0.249858 0.892483 0.503821 0.061235 5.632250 1.198298 
12:   0.252003 0.892656 0.505500 0.061236 5.632211 1.204630 
13:   0.470338 0.892747 0.506796 0.061248 5.632212 1.202474 
14:   0.251955 0.895009 0.516922 0.061240 5.632213 1.202448 
15:   0.250926 0.894048 0.509576 0.061238 5.632188 1.197522 
iteration  2
00:   0.097351 0.676315 0.238633 0.051164 1.546342 0.533063 
01:   0.097335 0.676265 0.235778 0.051185 1.546370 0.533192 
02:   0.097350 0.676364 0.235453 0.051137 1.546365 0.532865 
03:   0.097467 0.676275 0.235343 0.051132 1.546369 0.533051 
04:   0.097158 0.676321 0.235123 0.051163 1.546366 0.532938 
05:   0.096568 0.676306 0.235720 0.051144 1.546367 0.531425 
06:   0.097299 0.676262 0.235691 0.051156 1.546364 0.531649 
07:   0.096739 0.676151 0.236032 0.051122 1.546366 0.529317 
08:   0.174190 0.667048 0.197453 0.051198 1.546408 0.721917 
09:   0.174237 0.667101 0.197398 0.051184 1.546358 0.722745 
10:   0.173681 0.667066 0.197282 0.051194 1.546372 0.719275 
11:   0.173964 0.667114 0.196867 0.051125 1.546375 0.721495 
12:   0.173553 0.667091 0.196784 0.051193 1.546370 0.721679 
13:   0.173282 0.667095 0.196952 0.051178 1.546371 0.719631 
14:   0.172755 0.667923 0.200394 0.051137 1.546353 0.717909 
15:   0.172532 0.667617 0.198194 0.051161 1.546357 0.715519 
iteration  3
00:   0.068901 0.621479 0.161847 0.041884 0.398634 0.323307 
01:   0.069286 0.621411 0.159507 0.041886 0.398654 0.323906 
02:   0.069490 0.621462 0.159779 0.041868 0.398629 0.323288 
03:   0.068816 0.621474 0.159533 0.041896 0.398628 0.323132 
04:   0.068966 0.621513 0.159270 0.041879 0.398610 0.322929 
05:   0.068625 0.621480 0.159491 0.041873 0.398636 0.322448 
06:   0.068242 0.621438 0.159231 0.041902 0.398605 0.321771 
07:   0.068093 0.621375 0.158963 0.041897 0.398613 0.320297 
08:   0.125537 0.619048 0.101441 0.041866 0.398618 0.433912 
09:   0.125441 0.619040 0.101185 0.041890 0.398590 0.434408 
10:   0.125175 0.619009 0.101220 0.041881 0.398592 0.433317 
11:   0.125246 0.619007 0.101383 0.041937 0.398597 0.432941 
12:   0.124917 0.619014 0.100448 0.041864 0.398592 0.432694 
13:   0.124595 0.619010 0.100357 0.041931 0.398591 0.432383 
14:   0.124426 0.619352 0.101127 0.041876 0.398589 0.431732 
15:   0.123752 0.619241 0.101308 0.041893 0.398584 0.429930 
iteration  4
00:   0.057608 0.597475 0.145143 0.033588 0.097355 0.182070 
01:   0.057781 0.597550 0.144613 0.033598 0.097366 0.182514 
02:   0.057720 0.597548 0.144380 0.033581 0.097365 0.182768 
03:   0.057352 0.597560 0.144415 0.033601 0.097363 0.182076 
04:   0.057447 0.597526 0.144316 0.033590 0.097367 0.181719 
05:   0.057129 0.597552 0.144388 0.033611 0.097378 0.182379 
06:   0.056900 0.597542 0.144461 0.033590 0.097377 0.180834 
07:   0.056967 0.597552 0.144255 0.033589 0.097362 0.180706 
08:   0.088500 0.596942 0.076079 0.033590 0.097401 0.254454 
09:   0.088306 0.596925 0.076031 0.033572 0.097395 0.253391 
10:   0.087873 0.596952 0.075820 0.033633 0.097393 0.253401 
11:   0.087913 0.596921 0.075700 0.033647 0.097393 0.253723 
12:   0.087798 0.596921 0.075835 0.033610 0.097395 0.252400 
13:   0.087597 0.596924 0.075671 0.033580 0.097357 0.253600 
14:   0.087917 0.597044 0.074317 0.033641 0.097385 0.253500 
15:   0.086814 0.597034 0.074276 0.033613 0.097388 0.249974 
iteration  5
00:   0.045279 0.599954 0.141440 0.030837 0.037420 0.128861 
01:   0.045764 0.599975 0.141131 0.030835 0.037444 0.129609 
02:   0.045801 0.599975 0.141034 0.030846 0.037459 0.129568 
03:   0.045398 0.599996 0.140913 0.030841 0.037418 0.130545 
04:   0.045418 0.599991 0.140694 0.030835 0.037420 0.129662 
05:   0.045465 0.599971 0.140754 0.030836 0.037442 0.129783 
06:   0.045400 0.599989 0.140351 0.030834 0.037460 0.129149 
07:   0.045255 0.599985 0.140573 0.030828 0.037436 0.128270 
08:   0.073067 0.599810 0.070522 0.030842 0.037443 0.163347 
09:   0.072687 0.599810 0.070234 0.030853 0.037458 0.164291 
10:   0.072648 0.599810 0.070266 0.030860 0.037475 0.163850 
11:   0.072547 0.599812 0.070228 0.030932 0.037474 0.162393 
12:   0.072590 0.599803 0.070026 0.030889 0.037423 0.163329 
13:   0.072786 0.599812 0.070066 0.030882 0.037484 0.162982 
14:   0.072583 0.599857 0.067627 0.030861 0.037428 0.160558 
15:   0.071159 0.599851 0.068370 0.030889 0.037477 0.162633 
iteration  6
00:   0.038126 0.590875 0.140301 0.029985 0.037155 0.114622 
01:   0.038189 0.590878 0.140293 0.029982 0.037182 0.115783 
02:   0.038525 0.590874 0.140140 0.029940 0.037160 0.116040 
03:   0.038474 0.590882 0.139802 0.029929 0.037182 0.117189 
04:   0.038625 0.590881 0.140118 0.029932 0.037183 0.117201 
05:   0.038275 0.590879 0.139931 0.030004 0.037141 0.116831 
06:   0.038103 0.590880 0.139914 0.029961 0.037132 0.116068 
07:   0.038223 0.590876 0.139847 0.030008 0.037156 0.116614 
08:   0.055030 0.590834 0.069140 0.029986 0.037139 0.148501 
09:   0.055495 0.590839 0.069137 0.029986 0.037128 0.149521 
10:   0.055457 0.590834 0.069012 0.029938 0.037137 0.149583 
11:   0.055022 0.590841 0.068965 0.029975 0.037138 0.149493 
12:   0.055330 0.590837 0.068925 0.029973 0.037138 0.148938 
13:   0.054930 0.590836 0.068580 0.029987 0.037126 0.148194 
14:   0.054923 0.590850 0.066215 0.029944 0.037136 0.149066 
15:   0.054650 0.590849 0.066653 0.029973 0.037136 0.149654 
iteration  7
00:   0.032939 0.591187 0.139275 0.029767 0.036889 0.093021 
01:   0.033120 0.591184 0.139196 0.029762 0.036858 0.096563 
02:   0.033443 0.591185 0.139158 0.029745 0.036864 0.096378 
03:   0.033569 0.591188 0.139043 0.029754 0.036858 0.096507 
04:   0.033567 0.591189 0.139029 0.029758 0.036858 0.097129 
05:   0.033282 0.591187 0.138887 0.029760 0.036858 0.095183 
06:   0.033145 0.591187 0.138817 0.029771 0.036910 0.095927 
07:   0.033168 0.591187 0.138885 0.029762 0.036843 0.094525 
08:   0.055211 0.591176 0.068740 0.029772 0.036840 0.113327 
09:   0.055900 0.591177 0.068679 0.029778 0.036848 0.113462 
10:   0.055621 0.591178 0.068560 0.029800 0.036889 0.112743 
11:   0.055594 0.591177 0.068499 0.029778 0.036859 0.111106 
12:   0.055506 0.591177 0.068278 0.029781 0.036852 0.113681 
13:   0.055242 0.591177 0.068136 0.029772 0.036890 0.111918 
14:   0.055285 0.591180 0.065574 0.029789 0.036857 0.112999 
15:   0.055472 0.591181 0.066000 0.029803 0.036855 0.113323 
iteration  8
00:   0.029959 0.591246 0.139237 0.029745 0.036890 0.091983 
01:   0.031156 0.591247 0.139162 0.029766 0.036934 0.095354 
02:   0.031426 0.591246 0.139029 0.029735 0.036854 0.095848 
03:   0.031550 0.591247 0.139019 0.029755 0.036875 0.095913 
04:   0.031633 0.591246 0.138849 0.029728 0.036891 0.096290 
05:   0.031289 0.591246 0.139182 0.029769 0.036897 0.096325 
06:   0.031477 0.591246 0.138813 0.029753 0.036892 0.095850 
07:   0.030775 0.591245 0.138801 0.029732 0.036876 0.095465 
08:   0.043540 0.591244 0.068520 0.029798 0.036873 0.119002 
09:   0.043501 0.591244 0.068307 0.029792 0.036891 0.118910 
10:   0.043276 0.591244 0.068245 0.029814 0.036885 0.120346 
11:   0.042923 0.591243 0.068223 0.029821 0.036887 0.119908 
12:   0.043782 0.591246 0.068065 0.029794 0.036911 0.120210 
13:   0.043287 0.591243 0.067915 0.029803 0.036882 0.120105 
14:   0.043449 0.591245 0.065644 0.029794 0.036892 0.120520 
15:   0.043595 0.591245 0.067457 0.029744 0.036890 0.119413 
iteration  9
00:   0.026276 0.600899 0.140560 0.029458 0.036758 0.080778 
01:   0.027875 0.600899 0.140581 0.029507 0.036792 0.082118 
02:   0.028394 0.600899 0.140397 0.029448 0.036790 0.082980 
03:   0.028163 0.600898 0.140301 0.029469 0.036781 0.082194 
04:   0.028185 0.600899 0.140037 0.029459 0.036768 0.080252 
05:   0.028100 0.600899 0.139980 0.029477 0.036767 0.083317 
06:   0.028423 0.600899 0.139961 0.029479 0.036791 0.084488 
07:   0.027410 0.600899 0.139850 0.029498 0.036757 0.081611 
08:   0.048491 0.600899 0.068512 0.029459 0.036769 0.084389 
09:   0.048591 0.600899 0.068596 0.029499 0.036757 0.088530 
10:   0.049421 0.600899 0.068349 0.029490 0.036754 0.087766 
11:   0.048962 0.600899 0.068266 0.029486 0.036756 0.087784 
12:   0.048950 0.600899 0.068056 0.029464 0.036756 0.087113 
13:   0.048639 0.600898 0.067801 0.029507 0.036762 0.088242 
14:   0.049341 0.600900 0.065546 0.029450 0.036754 0.086343 
15:   0.047943 0.600898 0.065862 0.029494 0.036757 0.085508 
iteration 10
00:   0.027698 0.591295 0.140251 0.028913 0.036955 0.089402 
01:   0.028390 0.591295 0.140060 0.028915 0.036963 0.088960 
02:   0.028600 0.591295 0.140028 0.028920 0.036965 0.090714 
03:   0.028546 0.591296 0.139946 0.028929 0.036949 0.088482 
04:   0.027287 0.591295 0.139850 0.028911 0.036964 0.090074 
05:   0.028741 0.591295 0.139806 0.028906 0.036983 0.091629 
06:   0.028984 0.591296 0.139780 0.028912 0.036956 0.088781 
07:   0.026361 0.591294 0.139628 0.028951 0.036965 0.091808 
08:   0.037367 0.591295 0.068130 0.028931 0.036962 0.099592 
09:   0.039962 0.591295 0.067988 0.028979 0.036994 0.103248 
10:   0.039868 0.591295 0.068183 0.028937 0.037003 0.103924 
11:   0.039813 0.591295 0.067938 0.028945 0.036946 0.102840 
12:   0.039794 0.591295 0.067693 0.028981 0.036969 0.102443 
13:   0.039920 0.591295 0.067492 0.028892 0.037002 0.103561 
14:   0.038427 0.591295 0.065058 0.028936 0.037003 0.104907 
15:   0.037722 0.591295 0.065965 0.028973 0.037003 0.101291 
iteration 11
00:   0.026098 0.590439 0.139037 0.030844 0.036892 0.076393 
01:   0.025668 0.590438 0.138991 0.030852 0.036906 0.077151 
02:   0.026913 0.590439 0.138979 0.030844 0.036887 0.079385 
03:   0.026196 0.590438 0.138786 0.030850 0.036897 0.077682 
04:   0.025977 0.590438 0.138904 0.030861 0.036895 0.077000 
05:   0.027194 0.590439 0.138702 0.030869 0.036897 0.077283 
06:   0.025602 0.590438 0.138445 0.030822 0.036892 0.081438 
07:   0.027280 0.590439 0.138757 0.030834 0.036889 0.075870 
08:   0.046151 0.590438 0.068404 0.030852 0.036887 0.086648 
09:   0.045982 0.590438 0.068507 0.030885 0.036909 0.086904 
10:   0.046864 0.590439 0.068415 0.030896 0.036910 0.086469 
11:   0.045794 0.590438 0.068263 0.030868 0.036909 0.086177 
12:   0.044895 0.590439 0.068078 0.030840 0.036889 0.086517 
13:   0.046556 0.590438 0.067905 0.030860 0.036898 0.086209 
14:   0.047049 0.590439 0.065475 0.030835 0.036901 0.089257 
15:   0.045478 0.590438 0.066010 0.030850 0.036880 0.085950 
iteration 12
00:   0.027788 0.592272 0.141668 0.029036 0.036879 0.080260 
01:   0.027667 0.592272 0.141134 0.029025 0.036871 0.083183 
02:   0.028219 0.592272 0.141007 0.029049 0.036884 0.084436 
03:   0.027669 0.592272 0.141052 0.029025 0.036877 0.082518 
04:   0.027452 0.592272 0.141102 0.028997 0.036875 0.082629 
05:   0.027508 0.592272 0.140883 0.028980 0.036889 0.081268 
06:   0.029277 0.592272 0.140654 0.029013 0.036873 0.082294 
07:   0.027419 0.592272 0.140949 0.028970 0.036871 0.082306 
08:   0.037924 0.592272 0.068125 0.028970 0.036882 0.102084 
09:   0.038059 0.592272 0.068033 0.029038 0.036909 0.102393 
10:   0.037796 0.592272 0.068163 0.028994 0.036908 0.101867 
11:   0.038010 0.592272 0.067824 0.029056 0.036878 0.101653 
12:   0.037596 0.592272 0.067701 0.028986 0.036870 0.102874 
13:   0.037870 0.592272 0.067559 0.028973 0.036909 0.102270 
14:   0.038712 0.592272 0.065086 0.028991 0.036909 0.102616 
15:   0.037710 0.592272 0.065512 0.029045 0.036886 0.100809 
iteration 13
00:   0.026222 0.590595 0.139404 0.007221 0.036693 0.072990 
01:   0.026269 0.590595 0.139398 0.007205 0.036734 0.073476 
02:   0.026224 0.590595 0.139400 0.007226 0.036695 0.073419 
03:   0.026172 0.590595 0.139445 0.007230 0.036707 0.073447 
04:   0.026107 0.590595 0.139216 0.007196 0.036700 0.073237 
05:   0.026180 0.590595 0.139222 0.007231 0.036706 0.072794 
06:   0.025980 0.590595 0.139168 0.007228 0.036747 0.072835 
07:   0.025912 0.590595 0.139017 0.007206 0.036746 0.072465 
08:   0.046267 0.590595 0.068026 0.007193 0.036720 0.079049 
09:   0.046179 0.590595 0.068139 0.007193 0.036743 0.078979 
10:   0.046157 0.590595 0.068010 0.007192 0.036695 0.077364 
11:   0.046093 0.590595 0.068011 0.007193 0.036694 0.078711 
12:   0.045975 0.590595 0.067865 0.007191 0.036724 0.078170 
13:   0.045969 0.590595 0.067587 0.007198 0.036699 0.078877 
14:   0.045818 0.590595 0.065485 0.007193 0.036695 0.078624 
15:   0.045882 0.590595 0.065916 0.007193 0.036699 0.077724 
/nethome/kalgin/z/mst/run.xeon.sh: line 46: 167867 Killed                  ./turbobust_stub.out $i 16
/nethome/kalgin/z/mst/run.xeon.sh: line 46: 167890 Segmentation fault      (core dumped) ./turbobust_stub.out $i 16
/nethome/kalgin/z/mst/run.xeon.sh: line 61: kill: (167890) - No such process
ls: cannot access /tmp/data.bin: No such file or directory
ls: cannot access /tmp/data.bin: No such file or directory
