threadsCount = 16
loopsCount = 2164
7.578
3.788
threadsCount = 1
loopsCount = 2164
Done
iterationNumber = 0
iterationNumber = 1
iterationNumber = 2
iterationNumber = 3
iterationNumber = 4
iterationNumber = 5
iterationNumber = 6
6.130
3.465
iteration  0
00:   0.312061 0.000001 0.077196 0.072048 0.423927 
iteration  1
00:   0.278579 0.000000 0.033732 0.070458 0.148614 
iteration  2
00:   0.175164 0.000000 0.013243 0.052527 0.077893 
iteration  3
00:   0.143919 0.000000 0.007564 0.044759 0.072105 
iteration  4
00:   0.110047 0.024528 0.007040 0.041874 0.063108 
iteration  5
00:   0.020417 0.120974 0.007066 0.035254 0.067572 
iteration  6
00:   0.010159 0.906645 0.006915 0.006002 0.010209 
threadsCount = 2
loopsCount = 2164
Done
iterationNumber = 0
iterationNumber = 1
iterationNumber = 2
iterationNumber = 3
iterationNumber = 4
iterationNumber = 5
iterationNumber = 6
3.392
2.035
iteration  0
00:   0.166578 0.000000 0.042657 0.040829 0.234991 
01:   0.169261 0.000000 0.043515 0.039837 0.222899 
iteration  1
00:   0.150645 0.000000 0.017994 0.038676 0.106733 
01:   0.142580 0.000000 0.017372 0.039384 0.105703 
iteration  2
00:   0.097070 0.000000 0.007501 0.027387 0.064023 
01:   0.089164 0.000000 0.006992 0.026774 0.061020 
iteration  3
00:   0.079131 0.000000 0.004111 0.022992 0.060787 
01:   0.073915 0.000000 0.003927 0.022588 0.058001 
iteration  4
00:   0.062195 0.013601 0.003816 0.022234 0.059147 
01:   0.054362 0.013295 0.003663 0.021748 0.045663 
iteration  5
00:   0.013229 0.065725 0.003653 0.018551 0.067922 
01:   0.008777 0.067238 0.003662 0.018191 0.005231 
iteration  6
00:   0.005656 0.491403 0.003591 0.003008 0.010318 
01:   0.005687 0.489122 0.003594 0.003019 0.005236 
/nethome/kalgin/z/mst/run.xeon.sh: line 45: 58752 Killed                  ./turbobust_stub.out $i 16
threadsCount = 4
loopsCount = 2164
Done
iterationNumber = 0
iterationNumber = 1
iterationNumber = 2
iterationNumber = 3
iterationNumber = 4
iterationNumber = 5
iterationNumber = 6
1.926
1.274
iteration  0
00:   0.103677 0.000000 0.024995 0.020909 0.144175 
01:   0.099237 0.000000 0.024275 0.020636 0.144557 
02:   0.098720 0.000000 0.024266 0.020690 0.143014 
03:   0.099835 0.000000 0.024133 0.020566 0.137020 
iteration  1
00:   0.084607 0.000000 0.009902 0.018097 0.073317 
01:   0.079476 0.000000 0.009499 0.017567 0.081151 
02:   0.077760 0.000000 0.009424 0.017591 0.081151 
03:   0.074151 0.000000 0.009317 0.017583 0.072124 
iteration  2
00:   0.053496 0.000000 0.004005 0.013795 0.040299 
01:   0.050550 0.000000 0.003968 0.013691 0.049740 
02:   0.048542 0.000000 0.003943 0.013724 0.050240 
03:   0.045625 0.000000 0.003830 0.013725 0.038686 
iteration  3
00:   0.042433 0.000000 0.002397 0.012041 0.040190 
01:   0.044266 0.000000 0.002235 0.011343 0.045258 
02:   0.041630 0.000000 0.002227 0.011348 0.048833 
03:   0.036515 0.000000 0.002233 0.011367 0.038803 
iteration  4
00:   0.033770 0.008718 0.002310 0.011041 0.056786 
01:   0.034339 0.008616 0.002067 0.010862 0.036809 
02:   0.036498 0.008386 0.002083 0.010857 0.029265 
03:   0.021644 0.008580 0.002104 0.010875 0.039125 
iteration  5
00:   0.009103 0.036616 0.002155 0.009239 0.069565 
01:   0.005389 0.035116 0.002062 0.008960 0.005204 
02:   0.006655 0.035099 0.002101 0.008970 0.005204 
03:   0.003262 0.034743 0.002127 0.008944 0.005204 
iteration  6
00:   0.003384 0.274080 0.002274 0.001528 0.010671 
01:   0.003289 0.263607 0.001989 0.001558 0.005183 
02:   0.003268 0.264196 0.001987 0.001560 0.005183 
03:   0.003337 0.263380 0.002004 0.001557 0.005183 
/nethome/kalgin/z/mst/run.xeon.sh: line 45: 58769 Killed                  ./turbobust_stub.out $i 16
threadsCount = 8
loopsCount = 2164
Done
iterationNumber = 0
iterationNumber = 1
iterationNumber = 2
iterationNumber = 3
iterationNumber = 4
iterationNumber = 5
iterationNumber = 6
1.686
1.051
iteration  0
00:   0.074780 0.000000 0.018812 0.011885 0.167131 
01:   0.079704 0.000000 0.018767 0.011902 0.203629 
02:   0.079853 0.000000 0.018868 0.011893 0.206107 
03:   0.079608 0.000000 0.018777 0.011895 0.203623 
04:   0.079273 0.000000 0.018754 0.011898 0.203660 
05:   0.079663 0.000000 0.018777 0.011901 0.203303 
06:   0.078624 0.000000 0.018712 0.011899 0.197818 
07:   0.081160 0.000000 0.018576 0.011897 0.194990 
iteration  1
00:   0.049681 0.000001 0.007066 0.011408 0.069289 
01:   0.049441 0.000000 0.006855 0.011417 0.071244 
02:   0.049810 0.000000 0.007085 0.011431 0.076060 
03:   0.048306 0.000000 0.007071 0.011419 0.079916 
04:   0.048199 0.000000 0.006977 0.011432 0.079927 
05:   0.047916 0.000000 0.007025 0.011435 0.076056 
06:   0.046621 0.000000 0.007028 0.011435 0.070748 
07:   0.045804 0.000000 0.006700 0.011417 0.070573 
iteration  2
00:   0.031288 0.000000 0.002812 0.007864 0.033014 
01:   0.031513 0.000000 0.002829 0.007867 0.033138 
02:   0.031132 0.000000 0.002846 0.007860 0.043684 
03:   0.030489 0.000000 0.002770 0.007859 0.045475 
04:   0.029845 0.000000 0.002727 0.007867 0.048236 
05:   0.029627 0.000000 0.002801 0.007870 0.039630 
06:   0.028057 0.000000 0.002760 0.007870 0.033346 
07:   0.028322 0.000000 0.002730 0.007863 0.033044 
iteration  3
00:   0.025087 0.000000 0.001870 0.006485 0.033414 
01:   0.025200 0.000000 0.001802 0.006532 0.039922 
02:   0.027553 0.000000 0.001856 0.006524 0.040045 
03:   0.026621 0.000000 0.001829 0.006520 0.041803 
04:   0.028461 0.000000 0.001850 0.006525 0.042280 
05:   0.022483 0.000000 0.001848 0.006525 0.044740 
06:   0.020832 0.000000 0.001820 0.006522 0.037211 
07:   0.024745 0.000000 0.001841 0.006526 0.033845 
iteration  4
00:   0.021903 0.008932 0.001736 0.006465 0.018434 
01:   0.017077 0.008939 0.001760 0.006467 0.060949 
02:   0.019756 0.008831 0.001754 0.006455 0.031684 
03:   0.022158 0.008869 0.001772 0.006456 0.039458 
04:   0.021372 0.008897 0.001751 0.006462 0.022276 
05:   0.023101 0.008812 0.001745 0.006467 0.032772 
06:   0.017484 0.008867 0.001752 0.006468 0.039901 
07:   0.009477 0.008813 0.001721 0.006462 0.029014 
iteration  5
00:   0.008083 0.023431 0.001741 0.005270 0.006869 
01:   0.003491 0.023422 0.001719 0.005281 0.074484 
02:   0.002635 0.023410 0.001765 0.005266 0.005905 
03:   0.005026 0.023369 0.001708 0.005270 0.005905 
04:   0.002688 0.023378 0.001714 0.005277 0.005904 
05:   0.006458 0.023436 0.001729 0.005281 0.005906 
06:   0.002630 0.023323 0.001719 0.005278 0.005904 
07:   0.002567 0.023098 0.001731 0.005268 0.005904 
iteration  6
00:   0.002773 0.156017 0.001604 0.000809 0.006058 
01:   0.002737 0.155593 0.001555 0.000812 0.010310 
02:   0.002807 0.155606 0.001604 0.000808 0.005199 
03:   0.002838 0.157122 0.001582 0.000810 0.005199 
04:   0.002814 0.157030 0.001595 0.000806 0.005199 
05:   0.002828 0.156216 0.001603 0.000810 0.005203 
06:   0.002859 0.156068 0.001605 0.000811 0.005202 
07:   0.002768 0.156543 0.001597 0.000816 0.005202 
/nethome/kalgin/z/mst/run.xeon.sh: line 45: 58787 Killed                  ./turbobust_stub.out $i 16
threadsCount = 16
loopsCount = 2164
Done
iterationNumber = 0
iterationNumber = 1
iterationNumber = 2
iterationNumber = 3
iterationNumber = 4
iterationNumber = 5
iterationNumber = 6
4.535
1.075
iteration  0
00:   0.040694 0.000000 0.009981 0.010807 0.232851 
01:   0.041563 0.000000 0.010002 0.010923 0.334648 
02:   0.041357 0.000000 0.010031 0.010820 0.334670 
03:   0.041251 0.000000 0.009975 0.010915 0.335327 
04:   0.041312 0.000000 0.010030 0.010845 0.335645 
05:   0.041264 0.000000 0.009931 0.010853 0.337789 
06:   0.041326 0.000000 0.010184 0.010834 0.335355 
07:   0.041145 0.000000 0.010515 0.010914 0.334270 
08:   0.041711 0.000000 0.011369 0.010847 0.339478 
09:   0.041338 0.000000 0.011328 0.010850 0.338823 
10:   0.041519 0.000000 0.011266 0.010870 0.339226 
11:   0.041422 0.000000 0.011352 0.010841 0.335650 
12:   0.041539 0.000000 0.011265 0.010850 0.335512 
13:   0.041470 0.000000 0.011256 0.010812 0.327076 
14:   0.041506 0.000000 0.011142 0.010889 0.326581 
15:   0.041931 0.000000 0.011233 0.010854 0.323649 
iteration  1
00:   0.028463 0.000000 0.003704 0.008894 0.114478 
01:   0.028382 0.000000 0.003663 0.008896 0.132223 
02:   0.028050 0.000000 0.003668 0.008889 0.135261 
03:   0.028106 0.000000 0.003614 0.008929 0.138520 
04:   0.028280 0.000000 0.003689 0.008929 0.141868 
05:   0.028500 0.000000 0.003636 0.008942 0.142599 
06:   0.028002 0.000000 0.004037 0.008875 0.145220 
07:   0.027117 0.000000 0.004315 0.008980 0.145336 
08:   0.025709 0.000000 0.004080 0.008968 0.156121 
09:   0.025188 0.000000 0.004041 0.009028 0.156052 
10:   0.025600 0.000000 0.004060 0.009013 0.152057 
11:   0.024765 0.000000 0.003972 0.008974 0.149485 
12:   0.024815 0.000000 0.004027 0.008934 0.147573 
13:   0.024342 0.000000 0.004019 0.008937 0.146412 
14:   0.024110 0.000000 0.003907 0.008938 0.146633 
15:   0.023869 0.000000 0.003900 0.008892 0.141252 
iteration  2
00:   0.018202 0.000000 0.001227 0.005210 0.026765 
01:   0.019216 0.000000 0.001231 0.005261 0.033794 
02:   0.018859 0.000000 0.001227 0.005215 0.033705 
03:   0.018898 0.000000 0.001205 0.005230 0.034737 
04:   0.018774 0.000000 0.001226 0.005241 0.035134 
05:   0.018624 0.000000 0.001218 0.005209 0.041238 
06:   0.018829 0.000000 0.001391 0.005201 0.041064 
07:   0.018059 0.000000 0.001505 0.005267 0.042967 
08:   0.015577 0.000000 0.001494 0.005277 0.045790 
09:   0.016402 0.000000 0.001499 0.005247 0.045292 
10:   0.016099 0.000000 0.001479 0.005213 0.035523 
11:   0.015578 0.000000 0.001468 0.005287 0.033614 
12:   0.014626 0.000000 0.001480 0.005292 0.033609 
13:   0.015344 0.000000 0.001460 0.005242 0.033795 
14:   0.015297 0.000000 0.001470 0.005268 0.033675 
15:   0.014739 0.000000 0.001455 0.005266 0.033513 
iteration  3
00:   0.011799 0.000000 0.000694 0.003528 0.027152 
01:   0.018101 0.000000 0.000694 0.003523 0.027305 
02:   0.014230 0.000000 0.000732 0.003477 0.030533 
03:   0.015985 0.000000 0.000714 0.003520 0.035050 
04:   0.015027 0.000000 0.000713 0.003481 0.025521 
05:   0.018438 0.000000 0.000675 0.003486 0.042506 
06:   0.014785 0.000000 0.000733 0.003517 0.036248 
07:   0.017721 0.000000 0.000782 0.003578 0.039915 
08:   0.015086 0.000000 0.000820 0.003481 0.040009 
09:   0.015930 0.000000 0.000810 0.003495 0.037083 
10:   0.012144 0.000000 0.000806 0.003484 0.039483 
11:   0.011865 0.000000 0.000802 0.003483 0.039743 
12:   0.008984 0.000000 0.000810 0.003496 0.026249 
13:   0.013152 0.000000 0.000795 0.003517 0.039738 
14:   0.013909 0.000000 0.000793 0.003483 0.029826 
15:   0.012375 0.000000 0.000810 0.003528 0.031246 
iteration  4
00:   0.013606 0.007298 0.000872 0.003126 0.007346 
01:   0.012769 0.007377 0.000838 0.003118 0.018087 
02:   0.008909 0.007240 0.000877 0.003123 0.053349 
03:   0.011292 0.007310 0.000862 0.003134 0.036921 
04:   0.006596 0.007308 0.000883 0.003112 0.027261 
05:   0.016818 0.007238 0.000877 0.003146 0.031700 
06:   0.011709 0.006602 0.000874 0.003139 0.032654 
07:   0.015248 0.006592 0.000861 0.003206 0.031500 
08:   0.012724 0.006483 0.001075 0.003123 0.021991 
09:   0.010096 0.006317 0.001042 0.003179 0.022047 
10:   0.012480 0.006417 0.001075 0.003153 0.022339 
11:   0.012310 0.006226 0.001062 0.003186 0.032550 
12:   0.005159 0.006172 0.001033 0.003218 0.042945 
13:   0.013101 0.006362 0.001014 0.003174 0.011014 
14:   0.005058 0.006125 0.001069 0.003205 0.032371 
15:   0.005102 0.005799 0.000967 0.003173 0.006001 
iteration  5
00:   0.001016 0.016754 0.000599 0.002667 0.007037 
01:   0.008165 0.016643 0.000581 0.002706 0.007069 
02:   0.002105 0.016661 0.000618 0.002725 0.075683 
03:   0.000977 0.016611 0.000606 0.002759 0.005983 
04:   0.001004 0.016669 0.000618 0.002754 0.006198 
05:   0.000972 0.016663 0.000598 0.002722 0.006228 
06:   0.001296 0.015851 0.000592 0.002737 0.006198 
07:   0.004284 0.015851 0.000771 0.002720 0.005945 
08:   0.001326 0.014560 0.000839 0.002715 0.006063 
09:   0.001304 0.014570 0.000802 0.002669 0.006159 
10:   0.001645 0.014623 0.000824 0.002664 0.006111 
11:   0.005364 0.014600 0.000822 0.002677 0.006069 
12:   0.001330 0.014595 0.000796 0.002671 0.006064 
13:   0.001322 0.014391 0.000808 0.002693 0.006072 
14:   0.001234 0.014365 0.000819 0.002713 0.006066 
15:   0.001150 0.014241 0.000790 0.002699 0.006065 
iteration  6
00:   0.001098 0.111053 0.000590 0.000488 0.006065 
01:   0.001089 0.110522 0.000569 0.000492 0.006052 
02:   0.001077 0.110177 0.000588 0.000503 0.010615 
03:   0.001051 0.110201 0.000594 0.000476 0.005731 
04:   0.001091 0.110010 0.000588 0.000500 0.005732 
05:   0.001072 0.110113 0.000560 0.000511 0.005705 
06:   0.001245 0.111127 0.000587 0.000477 0.005735 
07:   0.001273 0.110931 0.000647 0.000525 0.005735 
08:   0.001266 0.086857 0.000633 0.000510 0.005305 
09:   0.001245 0.086486 0.000633 0.000485 0.005702 
10:   0.001267 0.086357 0.000644 0.000511 0.005530 
11:   0.001249 0.085944 0.000636 0.000496 0.005701 
12:   0.001269 0.086105 0.000642 0.000484 0.005705 
13:   0.001292 0.085768 0.000633 0.000525 0.005525 
14:   0.001259 0.085967 0.000636 0.000510 0.005529 
15:   0.001152 0.085639 0.000617 0.000481 0.005705 
/nethome/kalgin/z/mst/run.xeon.sh: line 45: 58805 Killed                  ./turbobust_stub.out $i 16
/nethome/kalgin/z/mst/run.xeon.sh: line 45: 58823 Segmentation fault      (core dumped) ./turbobust_stub.out $i 16
/nethome/kalgin/z/mst/run.xeon.sh: line 60: kill: (58823) - No such process
