threadsCount = 16
loopsCount = 68
15.697
3.293
threadsCount = 1
loopsCount = 68
Done
iterationNumber = 0
iterationNumber = 1
iterationNumber = 2
iterationNumber = 3
iterationNumber = 4
iterationNumber = 5
iterationNumber = 6
iterationNumber = 7
iterationNumber = 8
3.200
54.139
iteration  0
00:   2.853783 0.716558 1.435221 0.019010 0.263971 4.508681 
iteration  1
00:   2.719111 0.315230 0.443416 0.043932 0.072845 3.976199 
iteration  2
00:   2.676270 0.120517 0.121991 0.033216 0.021918 3.792655 
iteration  3
00:   2.658574 0.079405 0.049666 0.027809 0.010194 3.738189 
iteration  4
00:   2.653127 0.071396 0.036298 0.023028 0.007956 3.726298 
iteration  5
00:   2.645676 0.070223 0.034254 0.019374 0.007578 3.716156 
iteration  6
00:   2.600426 0.070034 0.033871 0.020974 0.007560 3.420995 
iteration  7
00:   2.281355 0.070053 0.033799 0.016098 0.007567 1.616890 
iteration  8
00:   0.006942 0.070178 0.033817 0.005672 0.007527 0.012837 
threadsCount = 2
loopsCount = 68
Done
iterationNumber = 0
iterationNumber = 1
iterationNumber = 2
iterationNumber = 3
iterationNumber = 4
iterationNumber = 5
iterationNumber = 6
iterationNumber = 7
iterationNumber = 8
1.797
29.871
iteration  0
00:   1.493664 0.376381 1.046485 0.028485 0.593024 2.400407 
01:   1.488249 0.375577 1.080277 0.028474 0.593010 2.400432 
iteration  1
00:   1.427814 0.166185 0.312323 0.032849 0.148291 2.133152 
01:   1.421803 0.165795 0.316615 0.032783 0.148298 2.133241 
iteration  2
00:   1.404413 0.065759 0.080589 0.027878 0.027595 2.033590 
01:   1.398315 0.065848 0.079795 0.027887 0.027590 2.033698 
iteration  3
00:   1.395936 0.044840 0.028755 0.023379 0.006826 2.000557 
01:   1.389746 0.044833 0.029213 0.023416 0.006826 2.000926 
iteration  4
00:   1.393186 0.040735 0.019669 0.019616 0.004547 1.992343 
01:   1.387362 0.040743 0.019592 0.019653 0.004549 1.991901 
iteration  5
00:   1.390109 0.040209 0.017904 0.018226 0.004206 1.667461 
01:   1.384657 0.040209 0.017941 0.018298 0.004205 1.823659 
iteration  6
00:   1.312883 0.040092 0.017559 0.015275 0.004153 0.530754 
01:   1.352501 0.040091 0.017601 0.015266 0.004156 1.830233 
iteration  7
00:   0.991767 0.040400 0.017568 0.010395 0.004094 0.408238 
01:   0.815118 0.040399 0.017545 0.010339 0.004092 0.825360 
iteration  8
00:   0.227872 0.040328 0.017661 0.002856 0.004081 0.008454 
01:   0.003644 0.040327 0.017635 0.002856 0.004079 0.008108 
/nethome/kalgin/z/mst/run.rand.sh: line 47: 155625 Killed                  ./turbobust_stub.out $i 16
threadsCount = 4
loopsCount = 68
Done
iterationNumber = 0
iterationNumber = 1
iterationNumber = 2
iterationNumber = 3
iterationNumber = 4
iterationNumber = 5
iterationNumber = 6
iterationNumber = 7
iterationNumber = 8
1.211
20.561
iteration  0
00:   0.818981 0.213357 0.712445 0.015504 0.891183 1.442105 
01:   0.820691 0.213269 0.731176 0.015517 0.891162 1.440615 
02:   0.813512 0.213115 0.731060 0.015511 0.891183 1.437152 
03:   0.812163 0.212901 0.731411 0.015477 0.891121 1.432108 
iteration  1
00:   0.782661 0.099633 0.210386 0.017512 0.227318 1.289292 
01:   0.780531 0.099528 0.211881 0.017539 0.227333 1.288007 
02:   0.776846 0.099489 0.212396 0.017577 0.227326 1.282543 
03:   0.774297 0.099468 0.211723 0.017548 0.227309 1.280602 
iteration  2
00:   0.770792 0.048221 0.053214 0.015325 0.045390 1.236576 
01:   0.769293 0.048206 0.052817 0.015362 0.045385 1.235672 
02:   0.767051 0.048210 0.052558 0.015376 0.045387 1.231862 
03:   0.764597 0.048187 0.053015 0.015371 0.045390 1.228533 
iteration  3
00:   0.767405 0.037323 0.017802 0.013082 0.006883 1.215720 
01:   0.765132 0.037320 0.017691 0.013116 0.006885 1.217041 
02:   0.763643 0.037310 0.017722 0.013139 0.006886 1.213144 
03:   0.760151 0.037320 0.017698 0.013146 0.006885 1.211469 
iteration  4
00:   0.765128 0.035360 0.011124 0.010858 0.002901 1.203922 
01:   0.765629 0.035352 0.011056 0.010846 0.002898 1.222828 
02:   0.760767 0.035356 0.011219 0.010827 0.002894 1.220377 
03:   0.759264 0.035354 0.011017 0.010855 0.002901 1.192494 
iteration  5
00:   0.756725 0.035128 0.010039 0.009671 0.002738 0.788734 
01:   0.769098 0.035127 0.010067 0.009658 0.002736 0.930423 
02:   0.768928 0.035127 0.010120 0.009665 0.002738 0.944408 
03:   0.747660 0.035127 0.010071 0.009688 0.002738 1.217484 
iteration  6
00:   0.673264 0.034962 0.009976 0.009113 0.002667 0.487012 
01:   0.680298 0.034961 0.009974 0.009107 0.002667 0.449425 
02:   0.713689 0.034961 0.009922 0.009116 0.002666 0.387221 
03:   0.753593 0.034962 0.009956 0.009118 0.002666 0.631312 
iteration  7
00:   0.227032 0.035303 0.009994 0.007228 0.002566 1.434490 
01:   0.108484 0.035275 0.010074 0.007231 0.002558 0.146882 
02:   1.096124 0.035306 0.010016 0.007245 0.002567 0.140300 
03:   0.242010 0.035274 0.009990 0.007233 0.002566 0.052639 
iteration  8
00:   0.002860 0.035225 0.010082 0.001469 0.002610 0.006199 
01:   1.266636 0.035225 0.010070 0.001449 0.002610 0.006478 
02:   0.002858 0.035196 0.010037 0.001468 0.002605 0.006483 
03:   0.002791 0.035195 0.010039 0.001490 0.002611 0.005811 
/nethome/kalgin/z/mst/run.rand.sh: line 47: 155642 Killed                  ./turbobust_stub.out $i 16
threadsCount = 8
loopsCount = 68
Done
iterationNumber = 0
iterationNumber = 1
iterationNumber = 2
iterationNumber = 3
iterationNumber = 4
iterationNumber = 5
iterationNumber = 6
iterationNumber = 7
iterationNumber = 8
0.931
16.440
iteration  0
00:   0.468728 0.140930 0.455696 0.007614 0.836627 1.124354 
01:   0.467471 0.140836 0.463639 0.007608 0.836627 1.124330 
02:   0.467423 0.140917 0.465478 0.007611 0.836597 1.124228 
03:   0.465440 0.140765 0.467106 0.007608 0.836614 1.122303 
04:   0.466275 0.140788 0.464390 0.007622 0.836578 1.122686 
05:   0.467000 0.140778 0.469442 0.007612 0.836562 1.120526 
06:   0.466947 0.140631 0.470001 0.007607 0.836576 1.117825 
07:   0.471282 0.140596 0.471757 0.007608 0.836536 1.120499 
iteration  1
00:   0.450846 0.070787 0.137251 0.009096 0.211177 1.048005 
01:   0.448602 0.070708 0.137879 0.009100 0.211178 1.047990 
02:   0.448141 0.070708 0.137802 0.009097 0.211176 1.048007 
03:   0.445962 0.070690 0.137277 0.009096 0.211131 1.046339 
04:   0.446918 0.070692 0.137273 0.009094 0.211169 1.044552 
05:   0.446512 0.070703 0.138132 0.009091 0.211170 1.042073 
06:   0.447127 0.070650 0.137974 0.009091 0.211117 1.041613 
07:   0.447525 0.070615 0.138329 0.009097 0.211144 1.041461 
iteration  2
00:   0.443826 0.042959 0.035341 0.007915 0.043623 1.014943 
01:   0.443105 0.042961 0.034936 0.007915 0.043610 1.015446 
02:   0.442341 0.042945 0.035372 0.007917 0.043625 1.014955 
03:   0.441509 0.042969 0.035304 0.007915 0.043629 1.014705 
04:   0.439833 0.042965 0.035226 0.007915 0.043628 1.014654 
05:   0.441726 0.042978 0.035131 0.007907 0.043620 1.015351 
06:   0.440525 0.042975 0.035629 0.007915 0.043627 1.014496 
07:   0.442672 0.042947 0.035362 0.007918 0.043627 1.014323 
iteration  3
00:   0.441724 0.037250 0.011885 0.006714 0.008277 1.008498 
01:   0.441067 0.037245 0.011638 0.006715 0.008274 1.013168 
02:   0.439650 0.037249 0.011878 0.006715 0.008276 1.009501 
03:   0.438630 0.037248 0.011748 0.006715 0.008276 1.010407 
04:   0.438265 0.037257 0.011537 0.006719 0.008275 1.006587 
05:   0.439130 0.037248 0.011601 0.006703 0.008275 1.010167 
06:   0.438099 0.037254 0.011631 0.006712 0.008274 1.005606 
07:   0.438622 0.037250 0.011767 0.006723 0.008275 0.998296 
iteration  4
00:   0.441398 0.036589 0.007958 0.005539 0.002703 1.011143 
01:   0.442672 0.036587 0.007917 0.005541 0.002696 1.002067 
02:   0.439557 0.036588 0.007862 0.005547 0.002703 1.018188 
03:   0.440172 0.036590 0.007867 0.005546 0.002706 0.985778 
04:   0.438422 0.036591 0.007861 0.005547 0.002704 0.991672 
05:   0.440632 0.036590 0.007794 0.005553 0.002702 0.982617 
06:   0.440469 0.036591 0.007728 0.005543 0.002708 0.993460 
07:   0.438429 0.036591 0.007756 0.005533 0.002703 0.987418 
iteration  5
00:   0.451186 0.036512 0.007408 0.005108 0.002632 0.587151 
01:   0.442922 0.036511 0.007404 0.005106 0.002637 0.794126 
02:   0.452965 0.036512 0.007403 0.005116 0.002634 0.695847 
03:   0.431414 0.036510 0.007376 0.005108 0.002634 0.658926 
04:   0.434265 0.036511 0.007336 0.005126 0.002635 0.887349 
05:   0.428333 0.036510 0.007327 0.005107 0.002637 0.818480 
06:   0.435797 0.036511 0.007359 0.005129 0.002630 0.814667 
07:   0.432354 0.036511 0.007356 0.005122 0.002634 0.743548 
iteration  6
00:   0.265168 0.036435 0.007351 0.004492 0.002662 0.494428 
01:   0.448292 0.036435 0.007347 0.004478 0.002657 0.611411 
02:   0.457145 0.036435 0.007424 0.004479 0.002664 0.440690 
03:   0.300934 0.036435 0.007352 0.004487 0.002666 0.624133 
04:   0.405222 0.036435 0.007264 0.004494 0.002662 0.502119 
05:   0.503186 0.036436 0.007354 0.004488 0.002663 0.488381 
06:   0.432879 0.036434 0.007343 0.004482 0.002664 0.535396 
07:   0.335419 0.036435 0.007266 0.004497 0.002660 0.608295 
iteration  7
00:   0.025919 0.036287 0.007604 0.002936 0.002683 0.007721 
01:   0.050882 0.036237 0.007585 0.002933 0.002674 0.008039 
02:   1.200658 0.036289 0.007581 0.002938 0.002685 0.046019 
03:   0.002964 0.036235 0.007500 0.002924 0.002682 0.007631 
04:   0.002952 0.036225 0.007535 0.002932 0.002680 0.007649 
05:   0.002937 0.036169 0.007504 0.002927 0.002680 0.052131 
06:   0.002942 0.036169 0.007491 0.002940 0.002685 0.007566 
07:   0.002949 0.036167 0.007402 0.002933 0.002685 1.549184 
iteration  8
00:   0.003671 0.036027 0.007564 0.000767 0.002632 0.005553 
01:   1.215005 0.036027 0.007537 0.000770 0.002632 0.006503 
02:   0.003678 0.035975 0.007503 0.000769 0.002630 0.006565 
03:   0.003634 0.035974 0.007558 0.000768 0.002619 0.006505 
04:   0.003684 0.035982 0.007537 0.000771 0.002611 0.006491 
05:   0.003618 0.035913 0.007463 0.000769 0.002616 0.006529 
06:   0.003646 0.035912 0.007468 0.000768 0.002635 0.006506 
07:   0.003658 0.035911 0.007359 0.000768 0.002613 0.006091 
/nethome/kalgin/z/mst/run.rand.sh: line 47: 155660 Killed                  ./turbobust_stub.out $i 16
threadsCount = 16
loopsCount = 68
Done
iterationNumber = 0
iterationNumber = 1
iterationNumber = 2
iterationNumber = 3
iterationNumber = 4
iterationNumber = 5
iterationNumber = 6
iterationNumber = 7
iterationNumber = 8
0.720
13.305
iteration  0
00:   0.334680 0.126611 0.356727 0.006892 1.397317 0.688548 
01:   0.292570 0.126382 0.334994 0.006902 1.397389 0.672589 
02:   0.334219 0.126577 0.368250 0.006908 1.397359 0.683861 
03:   0.292015 0.126560 0.335261 0.006894 1.397264 0.672482 
04:   0.333664 0.126570 0.371869 0.006898 1.397379 0.683833 
05:   0.291540 0.126508 0.337218 0.006905 1.397373 0.669356 
06:   0.333319 0.126395 0.370752 0.006897 1.397362 0.680605 
07:   0.291637 0.126380 0.342106 0.006902 1.397346 0.668588 
08:   0.254284 0.115670 0.317757 0.006909 1.393935 0.610464 
09:   0.253198 0.115806 0.317762 0.006909 1.393886 0.610419 
10:   0.253098 0.115851 0.319598 0.006895 1.393832 0.609964 
11:   0.234509 0.115854 0.295334 0.006898 1.393968 0.610444 
12:   0.234405 0.115721 0.292527 0.006914 1.393885 0.610482 
13:   0.234761 0.115735 0.294666 0.006916 1.393939 0.610324 
14:   0.234745 0.115605 0.296846 0.006895 1.393855 0.610360 
15:   0.239441 0.115545 0.293788 0.006907 1.393894 0.609981 
iteration  1
00:   0.266003 0.063770 0.109394 0.009686 0.337715 0.607608 
01:   0.265741 0.063716 0.101987 0.009695 0.337706 0.609350 
02:   0.264977 0.063807 0.112563 0.009742 0.337686 0.609489 
03:   0.264971 0.063776 0.102423 0.009697 0.337710 0.607505 
04:   0.264720 0.063812 0.113492 0.009687 0.337725 0.607551 
05:   0.265029 0.063718 0.102775 0.009701 0.337724 0.605511 
06:   0.264479 0.063651 0.112437 0.009749 0.337680 0.605480 
07:   0.263779 0.063810 0.102769 0.009705 0.337698 0.603272 
08:   0.229018 0.061436 0.096883 0.009716 0.336954 0.565828 
09:   0.228683 0.061502 0.097637 0.009730 0.336945 0.565196 
10:   0.227407 0.061594 0.097235 0.009717 0.336975 0.565790 
11:   0.226911 0.061628 0.090079 0.009713 0.336948 0.565829 
12:   0.226859 0.061575 0.090295 0.009733 0.336956 0.565836 
13:   0.227345 0.061568 0.090666 0.009755 0.336930 0.565775 
14:   0.226776 0.061131 0.090956 0.009697 0.336967 0.565544 
15:   0.227277 0.061492 0.089653 0.009708 0.336956 0.565606 
iteration  2
00:   0.262277 0.044200 0.029463 0.007012 0.063572 0.584711 
01:   0.262100 0.044211 0.026744 0.006963 0.063595 0.583635 
02:   0.261513 0.044223 0.029408 0.007023 0.063589 0.584677 
03:   0.261213 0.044208 0.026018 0.006996 0.063585 0.583818 
04:   0.261734 0.044184 0.029761 0.006967 0.063555 0.580008 
05:   0.260937 0.044208 0.026703 0.006988 0.063553 0.581283 
06:   0.260017 0.044178 0.029659 0.006969 0.063561 0.581489 
07:   0.260900 0.044179 0.026749 0.006971 0.063560 0.580426 
08:   0.225659 0.043947 0.024068 0.006993 0.063408 0.546155 
09:   0.224378 0.043939 0.024388 0.007026 0.063489 0.543469 
10:   0.223881 0.043961 0.024422 0.006982 0.063484 0.544066 
11:   0.224062 0.043969 0.023229 0.006998 0.063483 0.544120 
12:   0.224064 0.043960 0.022997 0.007022 0.063501 0.544147 
13:   0.223703 0.043946 0.023225 0.007012 0.063487 0.543748 
14:   0.223966 0.043891 0.023141 0.007013 0.063482 0.545304 
15:   0.223624 0.043957 0.023013 0.007014 0.063446 0.543826 
iteration  3
00:   0.262999 0.040360 0.011885 0.004277 0.010970 0.579168 
01:   0.263267 0.040369 0.011108 0.004247 0.010948 0.581442 
02:   0.261854 0.040361 0.011944 0.004289 0.010957 0.580479 
03:   0.261145 0.040364 0.010950 0.004240 0.010962 0.577191 
04:   0.261031 0.040361 0.012049 0.004286 0.010976 0.576831 
05:   0.261130 0.040360 0.010876 0.004268 0.010945 0.576309 
06:   0.261051 0.040366 0.011992 0.004272 0.010972 0.568927 
07:   0.260099 0.040359 0.011156 0.004286 0.010965 0.578807 
08:   0.228776 0.040346 0.007622 0.004244 0.010933 0.534762 
09:   0.226119 0.040346 0.007595 0.004263 0.010936 0.543441 
10:   0.225318 0.040349 0.007675 0.004306 0.010931 0.541549 
11:   0.224556 0.040347 0.007659 0.004247 0.010935 0.541608 
12:   0.224652 0.040344 0.007612 0.004289 0.010937 0.529202 
13:   0.223774 0.040348 0.007621 0.004294 0.010935 0.539807 
14:   0.225436 0.040344 0.007712 0.004248 0.010932 0.534519 
15:   0.225069 0.040345 0.007777 0.004255 0.010975 0.538448 
iteration  4
00:   0.260881 0.039853 0.009898 0.003047 0.003033 0.524101 
01:   0.262653 0.039852 0.009773 0.003102 0.003013 0.547506 
02:   0.261728 0.039852 0.009924 0.003070 0.003049 0.579236 
03:   0.258430 0.039851 0.009661 0.003093 0.003053 0.530522 
04:   0.258812 0.039852 0.009873 0.003056 0.003060 0.623959 
05:   0.258331 0.039851 0.009659 0.003051 0.003009 0.581040 
06:   0.254826 0.039852 0.009891 0.003073 0.003022 0.582619 
07:   0.260089 0.039852 0.009786 0.003068 0.003051 0.579307 
08:   0.222931 0.039850 0.005068 0.003081 0.003036 0.524863 
09:   0.226403 0.039851 0.005095 0.003067 0.003051 0.508435 
10:   0.225762 0.039850 0.005054 0.003060 0.003057 0.519435 
11:   0.225045 0.039850 0.005148 0.003083 0.003027 0.500484 
12:   0.218818 0.039850 0.005128 0.003098 0.003057 0.493765 
13:   0.223431 0.039850 0.005140 0.003086 0.003015 0.556318 
14:   0.221585 0.039850 0.005127 0.003068 0.003083 0.528856 
15:   0.223080 0.039849 0.005049 0.003059 0.003040 0.504273 
iteration  5
00:   0.235700 0.039829 0.009606 0.002634 0.003131 0.274045 
01:   0.247883 0.039828 0.009568 0.002652 0.003131 0.456848 
02:   0.273529 0.039828 0.009646 0.002671 0.003133 0.613731 
03:   0.240036 0.039828 0.009579 0.002660 0.003135 0.338896 
04:   0.304746 0.039829 0.009592 0.002653 0.003120 0.425052 
05:   0.274261 0.039829 0.009560 0.002642 0.003126 0.447481 
06:   0.274177 0.039828 0.009629 0.002690 0.003133 0.457657 
07:   0.271625 0.039828 0.009585 0.002637 0.003104 0.362811 
08:   0.222315 0.039828 0.004869 0.002634 0.003109 0.322532 
09:   0.211900 0.039827 0.004916 0.002642 0.003096 0.481244 
10:   0.218945 0.039827 0.004867 0.002624 0.003107 0.363420 
11:   0.206700 0.039827 0.004829 0.002638 0.003108 0.333672 
12:   0.204356 0.039828 0.004872 0.002651 0.003096 0.416732 
13:   0.242137 0.039829 0.004854 0.002642 0.003106 0.321184 
14:   0.223402 0.039828 0.004847 0.002614 0.003103 0.420691 
15:   0.209292 0.039828 0.004822 0.002636 0.003103 0.320501 
iteration  6
00:   0.261704 0.039826 0.009576 0.002332 0.003010 0.301747 
01:   0.223426 0.039825 0.009597 0.002331 0.003038 0.200356 
02:   0.349863 0.039825 0.009517 0.002306 0.003038 0.286827 
03:   0.201296 0.039824 0.009589 0.002305 0.003039 0.310655 
04:   0.240669 0.039824 0.009580 0.002286 0.003028 0.229851 
05:   0.222090 0.039824 0.009595 0.002330 0.003025 0.216870 
06:   0.324573 0.039824 0.009575 0.002327 0.003020 0.278693 
07:   0.164470 0.039824 0.009580 0.002331 0.003006 0.277275 
08:   0.122128 0.039824 0.004840 0.002319 0.003020 0.110507 
09:   0.320853 0.039825 0.004808 0.002311 0.003028 0.306841 
10:   0.156914 0.039824 0.004841 0.002283 0.003033 0.278120 
11:   0.218436 0.039824 0.004851 0.002315 0.003024 0.216731 
12:   0.266078 0.039825 0.004788 0.002312 0.003017 0.270909 
13:   0.108721 0.039824 0.004769 0.002351 0.003042 0.129875 
14:   0.179321 0.039824 0.004795 0.002304 0.003018 0.211143 
15:   0.100824 0.039823 0.004806 0.002298 0.003040 0.237207 
iteration  7
00:   0.001805 0.041473 0.009579 0.002140 0.003067 0.008410 
01:   0.001800 0.041431 0.009574 0.002139 0.003063 0.009126 
02:   0.001809 0.041431 0.009568 0.002138 0.003059 1.532953 
03:   0.001798 0.041430 0.009547 0.002127 0.003059 0.009130 
04:   0.001814 0.041475 0.009574 0.002121 0.003063 0.008417 
05:   0.080100 0.041428 0.009574 0.002114 0.003064 0.024002 
06:   0.001812 0.041428 0.009514 0.002145 0.003066 0.009132 
07:   1.132027 0.041481 0.009485 0.002145 0.003063 0.023705 
08:   0.001682 0.041402 0.004944 0.001931 0.002987 0.009868 
09:   0.001681 0.041352 0.004905 0.001933 0.002989 0.009849 
10:   0.001670 0.041350 0.004851 0.001922 0.002986 0.099042 
11:   0.001678 0.041349 0.004903 0.001934 0.002983 0.009819 
12:   0.024083 0.041419 0.004907 0.001932 0.002988 0.009387 
13:   0.001645 0.041349 0.004893 0.001938 0.002986 0.081365 
14:   0.025218 0.041377 0.004874 0.001932 0.002986 0.009845 
15:   0.167178 0.041376 0.004892 0.001937 0.002988 0.106539 
iteration  8
00:   0.001864 0.041187 0.009544 0.000512 0.003103 0.007253 
01:   0.001875 0.041148 0.009544 0.000507 0.003103 0.007809 
02:   0.001869 0.041148 0.009535 0.000511 0.003103 0.007836 
03:   0.001862 0.041148 0.009536 0.000512 0.003091 0.007237 
04:   0.001860 0.041189 0.009475 0.000510 0.003105 0.008220 
05:   0.001855 0.041149 0.009464 0.000505 0.003105 0.008193 
06:   0.001868 0.041148 0.009524 0.000510 0.003093 0.008218 
07:   1.315577 0.041195 0.009550 0.000505 0.003107 0.007800 
08:   0.002081 0.041132 0.004922 0.000424 0.003036 0.008868 
09:   0.002061 0.041068 0.004877 0.000435 0.003037 0.008838 
10:   0.002059 0.041066 0.004829 0.000435 0.003037 0.008834 
11:   0.001961 0.041090 0.004881 0.000437 0.003041 0.008843 
12:   0.002058 0.041132 0.004871 0.000435 0.003029 0.008872 
13:   0.002051 0.041065 0.004862 0.000434 0.003037 0.008392 
14:   0.002057 0.041064 0.004828 0.000431 0.003036 0.008842 
15:   0.001974 0.041089 0.004860 0.000434 0.003038 0.008379 
/nethome/kalgin/z/mst/run.rand.sh: line 47: 155678 Killed                  ./turbobust_stub.out $i 16
/nethome/kalgin/z/mst/run.rand.sh: line 47: 155696 Segmentation fault      (core dumped) ./turbobust_stub.out $i 16
/nethome/kalgin/z/mst/run.rand.sh: line 62: kill: (155696) - No such process
ls: cannot access /tmp/data.bin: No such file or directory
ls: cannot access /tmp/data.bin: No such file or directory
