threadsCount = 16
loopsCount = 2164
7.568
3.765
threadsCount = 1
loopsCount = 2164
Done
iterationNumber = 0
iterationNumber = 1
iterationNumber = 2
iterationNumber = 3
iterationNumber = 4
iterationNumber = 5
iterationNumber = 6
1.793
21.955
iteration  0
00:   1.424576 0.670372 1.482781 0.016244 0.226239 2.491640 
iteration  1
00:   1.282611 0.168798 0.214649 0.033014 0.033102 1.891972 
iteration  2
00:   1.296700 0.081871 0.050996 0.024077 0.010437 1.846899 
iteration  3
00:   1.287100 0.072862 0.035973 0.019962 0.008197 1.849351 
iteration  4
00:   1.287652 0.073815 0.035576 0.019298 0.008200 1.850851 
iteration  5
00:   1.058596 0.073898 0.035495 0.018040 0.007859 0.762171 
iteration  6
00:   0.007283 0.073327 0.034872 0.006938 0.007987 0.020730 
threadsCount = 2
loopsCount = 2164
Done
iterationNumber = 0
iterationNumber = 1
iterationNumber = 2
iterationNumber = 3
iterationNumber = 4
iterationNumber = 5
iterationNumber = 6
1.102
13.172
iteration  0
00:   0.762500 0.353502 1.020051 0.026700 0.732584 1.318659 
01:   0.716620 0.342738 1.038155 0.026715 0.732549 1.319431 
iteration  1
00:   0.671190 0.090737 0.139979 0.028431 0.069913 1.006594 
01:   0.668319 0.090702 0.140855 0.028531 0.069906 1.007030 
iteration  2
00:   0.656363 0.044924 0.028936 0.021523 0.006889 0.958977 
01:   0.653464 0.044905 0.027799 0.021545 0.006886 0.957420 
iteration  3
00:   0.653951 0.040336 0.018592 0.018697 0.004393 0.956108 
01:   0.649490 0.040335 0.018378 0.018740 0.004391 0.866434 
iteration  4
00:   0.646445 0.040100 0.017785 0.019226 0.004042 0.472393 
01:   0.633796 0.040100 0.017759 0.019249 0.004040 0.503455 
iteration  5
00:   0.383199 0.040126 0.017621 0.018838 0.004048 0.665220 
01:   0.787259 0.040126 0.017579 0.018820 0.004049 0.202531 
iteration  6
00:   0.003602 0.040190 0.017927 0.003292 0.004022 0.013661 
01:   0.587879 0.040190 0.017914 0.003318 0.004025 0.013387 
/nethome/kalgin/z/mst/run.xeon.sh: line 45: 85988 Killed                  ./turbobust_stub.out $i 16
threadsCount = 4
loopsCount = 2164
Done
iterationNumber = 0
iterationNumber = 1
iterationNumber = 2
iterationNumber = 3
iterationNumber = 4
iterationNumber = 5
iterationNumber = 6
0.738
8.313
iteration  0
00:   0.416584 0.202264 0.724923 0.012678 0.846802 0.775064 
01:   0.411400 0.200962 0.729474 0.012690 0.846810 0.774501 
02:   0.398560 0.198543 0.730466 0.012698 0.846823 0.772178 
03:   0.377228 0.194035 0.729493 0.012739 0.846773 0.769355 
iteration  1
00:   0.366293 0.060559 0.095680 0.015446 0.096693 0.607092 
01:   0.365402 0.060543 0.096340 0.015470 0.096693 0.607315 
02:   0.364254 0.060554 0.094788 0.015477 0.096691 0.606375 
03:   0.362453 0.060517 0.095107 0.015514 0.096694 0.602370 
iteration  2
00:   0.359706 0.037263 0.017355 0.011828 0.006120 0.575051 
01:   0.358970 0.037256 0.017514 0.011785 0.006117 0.577272 
02:   0.357356 0.037260 0.017546 0.011803 0.006119 0.579664 
03:   0.356150 0.037258 0.017529 0.011822 0.006119 0.578597 
iteration  3
00:   0.356338 0.035085 0.010702 0.009901 0.002768 0.569009 
01:   0.356003 0.035086 0.010679 0.009840 0.002769 0.606173 
02:   0.358029 0.035083 0.010679 0.009839 0.002767 0.440348 
03:   0.357625 0.035085 0.010867 0.009875 0.002769 0.543154 
iteration  4
00:   0.353725 0.035057 0.010028 0.009963 0.002600 0.257980 
01:   0.378599 0.035057 0.010051 0.009953 0.002603 0.253846 
02:   0.321433 0.035056 0.010008 0.009977 0.002599 0.229151 
03:   0.337381 0.035056 0.009903 0.009972 0.002597 0.264465 
iteration  5
00:   0.168592 0.034989 0.010302 0.004746 0.002614 0.488960 
01:   0.209756 0.034983 0.010270 0.004793 0.002612 0.153799 
02:   0.170076 0.034985 0.010184 0.004769 0.002615 0.113298 
03:   0.571181 0.034994 0.010272 0.004820 0.002616 0.176530 
iteration  6
00:   0.002591 0.035489 0.010111 0.001685 0.002619 0.010469 
01:   0.002545 0.035489 0.010137 0.001693 0.002621 0.010793 
02:   0.002524 0.035489 0.010094 0.001702 0.002621 0.010808 
03:   0.056702 0.035490 0.010067 0.001709 0.002622 0.010164 
/nethome/kalgin/z/mst/run.xeon.sh: line 45: 86005 Killed                  ./turbobust_stub.out $i 16
threadsCount = 8
loopsCount = 2164
Done
iterationNumber = 0
iterationNumber = 1
iterationNumber = 2
iterationNumber = 3
iterationNumber = 4
iterationNumber = 5
iterationNumber = 6
0.632
7.290
iteration  0
00:   0.237323 0.133965 0.553586 0.006053 0.863531 0.581640 
01:   0.237086 0.133875 0.545472 0.006054 0.863495 0.581562 
02:   0.237010 0.133831 0.547265 0.006052 0.863528 0.581627 
03:   0.230082 0.132866 0.546383 0.006057 0.863464 0.579780 
04:   0.228613 0.132450 0.548877 0.006047 0.863498 0.579351 
05:   0.226270 0.131822 0.550269 0.006053 0.863447 0.579501 
06:   0.219614 0.130599 0.550848 0.006058 0.863467 0.579264 
07:   0.214972 0.128954 0.550763 0.006058 0.863489 0.579167 
iteration  1
00:   0.212327 0.049222 0.070948 0.008062 0.100945 0.494739 
01:   0.211975 0.049207 0.068277 0.008058 0.100952 0.494333 
02:   0.211429 0.049272 0.070862 0.008060 0.100947 0.496921 
03:   0.210198 0.049275 0.070444 0.008060 0.100951 0.492691 
04:   0.210971 0.049244 0.070390 0.008067 0.100943 0.492843 
05:   0.211234 0.049251 0.070617 0.008071 0.100948 0.491830 
06:   0.210834 0.049234 0.071498 0.008060 0.100946 0.491136 
07:   0.210286 0.049177 0.070752 0.008066 0.100947 0.492589 
iteration  2
00:   0.208608 0.037381 0.012102 0.006070 0.009199 0.471266 
01:   0.207729 0.037376 0.011940 0.006062 0.009199 0.484946 
02:   0.209790 0.037383 0.012047 0.006065 0.009203 0.466195 
03:   0.206677 0.037386 0.011953 0.006061 0.009196 0.474697 
04:   0.206664 0.037386 0.012064 0.006064 0.009190 0.465156 
05:   0.205557 0.037387 0.012246 0.006062 0.009201 0.487669 
06:   0.208036 0.037385 0.012363 0.006064 0.009201 0.472379 
07:   0.207707 0.037391 0.011878 0.006072 0.009197 0.461623 
iteration  3
00:   0.204685 0.036384 0.007615 0.005095 0.002587 0.475597 
01:   0.213259 0.036384 0.007554 0.005095 0.002580 0.339674 
02:   0.200958 0.036384 0.007525 0.005095 0.002592 0.441529 
03:   0.205140 0.036383 0.007606 0.005100 0.002593 0.493019 
04:   0.200272 0.036384 0.007614 0.005091 0.002590 0.386762 
05:   0.214733 0.036383 0.007618 0.005097 0.002594 0.434506 
06:   0.204423 0.036383 0.007542 0.005101 0.002594 0.428417 
07:   0.198897 0.036384 0.007536 0.005098 0.002592 0.465996 
iteration  4
00:   0.219950 0.036441 0.007361 0.004705 0.002633 0.200921 
01:   0.199515 0.036440 0.007442 0.004698 0.002635 0.243873 
02:   0.194411 0.036440 0.007309 0.004696 0.002633 0.287001 
03:   0.231139 0.036440 0.007342 0.004691 0.002625 0.284021 
04:   0.166518 0.036440 0.007388 0.004702 0.002622 0.207879 
05:   0.191259 0.036440 0.007322 0.004705 0.002621 0.206502 
06:   0.189081 0.036440 0.007300 0.004693 0.002633 0.316464 
07:   0.214200 0.036440 0.007287 0.004705 0.002633 0.240918 
iteration  5
00:   0.010989 0.036338 0.007432 0.004064 0.002622 0.028518 
01:   0.151775 0.036332 0.007389 0.004056 0.002621 0.075712 
02:   0.046632 0.036310 0.007456 0.004059 0.002623 0.095629 
03:   0.234819 0.036343 0.007389 0.004048 0.002607 0.089905 
04:   0.069756 0.036338 0.007352 0.004051 0.002620 0.110016 
05:   0.047934 0.036332 0.007322 0.004065 0.002624 0.022638 
06:   0.021387 0.036319 0.007255 0.004063 0.002624 0.016410 
07:   0.434073 0.036343 0.007312 0.004044 0.002623 0.590830 
iteration  6
00:   0.003129 0.036296 0.007752 0.000869 0.002679 0.010168 
01:   0.003124 0.036215 0.007750 0.000869 0.002678 0.010580 
02:   0.003112 0.036215 0.007685 0.000870 0.002677 0.010604 
03:   0.003114 0.036212 0.007588 0.000869 0.002676 0.010574 
04:   0.003126 0.036310 0.007664 0.000870 0.002678 0.010609 
05:   0.003104 0.036213 0.007509 0.000862 0.002680 0.010102 
06:   0.600599 0.036312 0.007535 0.000873 0.002679 0.010596 
07:   0.003082 0.036212 0.007439 0.000860 0.002681 0.010252 
/nethome/kalgin/z/mst/run.xeon.sh: line 45: 86023 Killed                  ./turbobust_stub.out $i 16
threadsCount = 16
loopsCount = 2164
Done
iterationNumber = 0
iterationNumber = 1
iterationNumber = 2
iterationNumber = 3
iterationNumber = 4
iterationNumber = 5
iterationNumber = 6
0.574
6.006
iteration  0
00:   0.167423 0.117068 0.534193 0.005790 1.018408 0.363669 
01:   0.148527 0.117259 0.474571 0.005787 1.018349 0.361710 
02:   0.150335 0.117569 0.472912 0.005784 1.018363 0.361107 
03:   0.168138 0.117198 0.541429 0.005790 1.018338 0.362684 
04:   0.147278 0.117552 0.475397 0.005791 1.018387 0.360281 
05:   0.167517 0.117174 0.541281 0.005790 1.018397 0.362538 
06:   0.142702 0.116607 0.476662 0.005784 1.018294 0.358669 
07:   0.163182 0.116238 0.542450 0.005795 1.018339 0.360950 
08:   0.125961 0.108216 0.459452 0.005790 1.016911 0.322825 
09:   0.116383 0.107896 0.420779 0.005776 1.016826 0.323037 
10:   0.116695 0.108140 0.428999 0.005790 1.016858 0.322957 
11:   0.114645 0.107873 0.424476 0.005776 1.016840 0.322727 
12:   0.120610 0.107655 0.462556 0.005789 1.016858 0.321781 
13:   0.111199 0.107213 0.424251 0.005789 1.016887 0.321861 
14:   0.110809 0.106793 0.425911 0.005791 1.016822 0.321264 
15:   0.110432 0.106357 0.427073 0.005787 1.016787 0.318297 
iteration  1
00:   0.126292 0.048495 0.067996 0.007730 0.106746 0.287118 
01:   0.126399 0.048474 0.060112 0.007734 0.106737 0.290755 
02:   0.126240 0.048481 0.059937 0.007662 0.106734 0.288388 
03:   0.126321 0.048431 0.068353 0.007664 0.106744 0.288185 
04:   0.125769 0.048475 0.060288 0.007732 0.106775 0.286786 
05:   0.126239 0.048467 0.068716 0.007678 0.106741 0.288451 
06:   0.125211 0.048402 0.060054 0.007703 0.106746 0.287476 
07:   0.125053 0.048444 0.068928 0.007660 0.106741 0.284680 
08:   0.110181 0.047959 0.057762 0.007706 0.106702 0.273353 
09:   0.110150 0.047981 0.054829 0.007665 0.106676 0.272519 
10:   0.109122 0.047977 0.054559 0.007716 0.106668 0.270003 
11:   0.108977 0.047999 0.054691 0.007657 0.106691 0.269764 
12:   0.109328 0.047989 0.058062 0.007675 0.106672 0.270274 
13:   0.109805 0.047979 0.054258 0.007653 0.106680 0.272036 
14:   0.109826 0.047811 0.054777 0.007711 0.106714 0.272245 
15:   0.109190 0.047960 0.053741 0.007721 0.106686 0.272570 
iteration  2
00:   0.120703 0.040383 0.012628 0.003841 0.009081 0.307964 
01:   0.122404 0.040384 0.011139 0.003837 0.009081 0.255483 
02:   0.120761 0.040383 0.011600 0.003863 0.009076 0.284604 
03:   0.120535 0.040378 0.012780 0.003858 0.009081 0.258529 
04:   0.121057 0.040378 0.011121 0.003837 0.009075 0.274385 
05:   0.121000 0.040385 0.012391 0.003829 0.009078 0.266999 
06:   0.120969 0.040382 0.011788 0.003852 0.009079 0.261840 
07:   0.119571 0.040378 0.012520 0.003865 0.009075 0.277045 
08:   0.106234 0.040366 0.008420 0.003855 0.009054 0.254924 
09:   0.107087 0.040365 0.008490 0.003930 0.009057 0.244748 
10:   0.104058 0.040366 0.007917 0.003832 0.009055 0.259279 
11:   0.104407 0.040367 0.008679 0.003851 0.009054 0.242837 
12:   0.104439 0.040367 0.008532 0.003864 0.009057 0.236363 
13:   0.104752 0.040367 0.008111 0.003869 0.009053 0.250743 
14:   0.105854 0.040367 0.008072 0.003859 0.009054 0.248388 
15:   0.107386 0.040366 0.008226 0.003843 0.009054 0.243134 
iteration  3
00:   0.147746 0.039811 0.009577 0.002655 0.002997 0.063619 
01:   0.110667 0.039810 0.009494 0.002655 0.002983 0.308149 
02:   0.130687 0.039811 0.009408 0.002640 0.002986 0.097043 
03:   0.112477 0.039810 0.009634 0.002725 0.003009 0.160005 
04:   0.123025 0.039810 0.009515 0.002695 0.003027 0.308639 
05:   0.118410 0.039811 0.009647 0.002665 0.003029 0.198772 
06:   0.114820 0.039811 0.009525 0.002665 0.002988 0.265127 
07:   0.125818 0.039812 0.009562 0.002701 0.003024 0.184830 
08:   0.107034 0.039810 0.005052 0.002642 0.003009 0.287086 
09:   0.100092 0.039810 0.004949 0.002643 0.003025 0.275124 
10:   0.108990 0.039811 0.004971 0.002649 0.003034 0.222855 
11:   0.098963 0.039810 0.005052 0.002650 0.003009 0.330133 
12:   0.096083 0.039810 0.004970 0.002679 0.003002 0.103442 
13:   0.103277 0.039810 0.004994 0.002658 0.003043 0.233916 
14:   0.102193 0.039810 0.004915 0.002675 0.003006 0.234416 
15:   0.099168 0.039810 0.004913 0.002641 0.002992 0.230794 
iteration  4
00:   0.022257 0.040035 0.009529 0.002479 0.003048 0.072579 
01:   0.159030 0.040036 0.009444 0.002440 0.003044 0.106126 
02:   0.036693 0.040035 0.009503 0.002457 0.003045 0.100732 
03:   0.070670 0.040035 0.009493 0.002432 0.003066 0.103533 
04:   0.156853 0.040036 0.009525 0.002460 0.003044 0.189896 
05:   0.090646 0.040035 0.009510 0.002464 0.003063 0.091929 
06:   0.129352 0.040035 0.009496 0.002488 0.003044 0.083969 
07:   0.083898 0.040035 0.009476 0.002474 0.003048 0.114940 
08:   0.137201 0.040036 0.004785 0.002455 0.003054 0.163700 
09:   0.130163 0.040035 0.004797 0.002438 0.003056 0.096485 
10:   0.096448 0.040035 0.004817 0.002524 0.003060 0.122412 
11:   0.166707 0.040036 0.004786 0.002488 0.003046 0.141418 
12:   0.037802 0.040035 0.004793 0.002475 0.003044 0.053949 
13:   0.103439 0.040035 0.004739 0.002485 0.003059 0.182204 
14:   0.105295 0.040035 0.004742 0.002425 0.003064 0.077065 
15:   0.151054 0.040036 0.004782 0.002496 0.003044 0.271718 
iteration  5
00:   0.001510 0.039734 0.009521 0.001195 0.003041 0.015372 
01:   0.001500 0.039734 0.009537 0.001216 0.003024 0.073083 
02:   0.001517 0.039734 0.009492 0.001214 0.003040 0.102667 
03:   0.362714 0.039735 0.009521 0.001204 0.003040 0.021946 
04:   0.112313 0.039734 0.009537 0.001196 0.003040 0.015893 
05:   0.001531 0.039733 0.009475 0.001207 0.003040 0.037187 
06:   0.001535 0.039733 0.009486 0.001202 0.003004 0.049852 
07:   0.001411 0.039733 0.009515 0.001210 0.003041 0.066430 
08:   0.018147 0.039734 0.004832 0.001174 0.003001 0.014809 
09:   0.011144 0.039734 0.004823 0.001177 0.002999 0.026392 
10:   0.001317 0.039734 0.004816 0.001218 0.003008 0.139263 
11:   0.127030 0.039733 0.004793 0.001175 0.003012 0.090308 
12:   0.001325 0.039734 0.004749 0.001173 0.003023 0.014798 
13:   0.118909 0.039734 0.004793 0.001180 0.003009 0.496829 
14:   0.083233 0.039733 0.004795 0.001172 0.003008 0.017992 
15:   0.150017 0.039734 0.004767 0.001171 0.003008 0.030426 
iteration  6
00:   0.001922 0.040612 0.009677 0.000510 0.003054 0.020646 
01:   0.001939 0.040535 0.009648 0.000498 0.003058 0.021022 
02:   0.001935 0.040535 0.009676 0.000509 0.003054 0.020985 
03:   0.001924 0.040593 0.009645 0.000511 0.003067 0.020505 
04:   0.001938 0.040589 0.009686 0.000501 0.003057 0.020581 
05:   0.001927 0.040534 0.009659 0.000509 0.003070 0.020580 
06:   0.001946 0.040532 0.009668 0.000511 0.003055 0.021032 
07:   0.001836 0.040531 0.009622 0.000509 0.003047 0.021006 
08:   0.002016 0.040589 0.004876 0.000482 0.003070 0.021300 
09:   0.001979 0.040528 0.004882 0.000485 0.003067 0.020688 
10:   0.001978 0.040522 0.004866 0.000489 0.003069 0.021293 
11:   0.002012 0.040527 0.004847 0.000490 0.003068 0.021327 
12:   0.001980 0.040643 0.004827 0.000489 0.003053 0.021323 
13:   0.438061 0.040643 0.004876 0.000492 0.003061 0.020691 
14:   0.002002 0.040604 0.004814 0.000491 0.003075 0.021355 
15:   0.001985 0.040603 0.004796 0.000492 0.003053 0.020034 
/nethome/kalgin/z/mst/run.xeon.sh: line 45: 86041 Killed                  ./turbobust_stub.out $i 16
/nethome/kalgin/z/mst/run.xeon.sh: line 45: 86059 Segmentation fault      (core dumped) ./turbobust_stub.out $i 16
/nethome/kalgin/z/mst/run.xeon.sh: line 60: kill: (86059) - No such process
