threadsCount = 16
loopsCount = 0
7.681
1.498
threadsCount = 1
loopsCount = 0
Done
iterationNumber = 0
iterationNumber = 1
iterationNumber = 2
iterationNumber = 3
iterationNumber = 4
iterationNumber = 5
iterationNumber = 6
iterationNumber = 7
1.791
10.569
iteration  0
00:   1.470039 0.706982 1.411855 0.019094 0.264915 2.193129 
iteration  1
00:   0.742179 0.321258 0.439021 0.045973 0.076751 1.057174 
iteration  2
00:   0.268354 0.130718 0.136747 0.043255 0.028039 0.245660 
iteration  3
00:   0.019636 0.088424 0.064659 0.043352 0.014123 0.037297 
iteration  4
00:   0.008331 0.074735 0.040984 0.040275 0.009022 0.021243 
iteration  5
00:   0.007021 0.070773 0.034907 0.026810 0.007700 0.018583 
iteration  6
00:   0.006893 0.070326 0.033909 0.020073 0.007565 0.018102 
iteration  7
00:   0.006825 0.070303 0.033889 0.010555 0.007581 0.018080 
threadsCount = 2
loopsCount = 0
Done
iterationNumber = 0
iterationNumber = 1
iterationNumber = 2
iterationNumber = 3
iterationNumber = 4
iterationNumber = 5
iterationNumber = 6
iterationNumber = 7
1.079
6.850
iteration  0
00:   0.770991 0.376179 1.040589 0.028813 0.692805 1.156171 
01:   0.770483 0.375976 1.074528 0.028784 0.692811 1.156493 
iteration  1
00:   0.387253 0.168633 0.314003 0.034036 0.174883 0.557808 
01:   0.386370 0.168605 0.320672 0.034011 0.174898 0.556838 
iteration  2
00:   0.138683 0.071130 0.089541 0.031460 0.038981 0.136340 
01:   0.138071 0.071074 0.090670 0.031469 0.038979 0.134655 
iteration  3
00:   0.010411 0.049454 0.039948 0.030376 0.012203 0.023086 
01:   0.010314 0.049447 0.039835 0.030444 0.012195 0.023316 
iteration  4
00:   0.004376 0.042686 0.022913 0.027027 0.005589 0.014186 
01:   0.004376 0.042686 0.023049 0.027135 0.005588 0.013832 
iteration  5
00:   0.003674 0.040538 0.018576 0.018790 0.004309 0.012219 
01:   0.003682 0.040539 0.018623 0.018848 0.004311 0.012619 
iteration  6
00:   0.003594 0.040365 0.017572 0.014877 0.004047 0.012087 
01:   0.003621 0.040365 0.017553 0.014954 0.004049 0.012196 
iteration  7
00:   0.003571 0.040300 0.018004 0.005532 0.004142 0.011907 
01:   0.003576 0.040300 0.018001 0.005531 0.004140 0.011592 
/nethome/kalgin/z/mst/run.xeon.sh: line 45: 59816 Killed                  ./turbobust_stub.out $i 16
threadsCount = 4
loopsCount = 0
Done
iterationNumber = 0
iterationNumber = 1
iterationNumber = 2
iterationNumber = 3
iterationNumber = 4
iterationNumber = 5
iterationNumber = 6
iterationNumber = 7
0.836
4.971
iteration  0
00:   0.418760 0.214621 0.728767 0.015650 1.020691 0.661436 
01:   0.419309 0.214440 0.721004 0.015619 1.020659 0.655872 
02:   0.416909 0.214537 0.723458 0.015626 1.020650 0.654854 
03:   0.416548 0.214382 0.722248 0.015618 1.020644 0.652580 
iteration  1
00:   0.213537 0.100952 0.212533 0.017807 0.259816 0.321199 
01:   0.212867 0.100798 0.208130 0.017853 0.259791 0.319517 
02:   0.212131 0.100859 0.208997 0.017863 0.259807 0.320306 
03:   0.211422 0.100804 0.209780 0.017876 0.259814 0.318392 
iteration  2
00:   0.076075 0.050555 0.055609 0.016551 0.054701 0.082211 
01:   0.075316 0.050534 0.054680 0.016541 0.054704 0.081607 
02:   0.075351 0.050570 0.055329 0.016574 0.054711 0.081992 
03:   0.075006 0.050529 0.054538 0.016561 0.054712 0.081107 
iteration  3
00:   0.006014 0.039797 0.024094 0.015906 0.015384 0.016448 
01:   0.005884 0.039780 0.023522 0.015888 0.015386 0.016651 
02:   0.005812 0.039798 0.023675 0.015893 0.015377 0.016381 
03:   0.005935 0.039785 0.023655 0.015920 0.015384 0.016782 
iteration  4
00:   0.002701 0.036371 0.013249 0.014029 0.004068 0.010560 
01:   0.002689 0.036364 0.013022 0.014000 0.004069 0.010820 
02:   0.002685 0.036376 0.013219 0.014023 0.004062 0.010810 
03:   0.002660 0.036367 0.013106 0.014040 0.004066 0.010183 
iteration  5
00:   0.002494 0.035465 0.010327 0.009592 0.002772 0.009615 
01:   0.002466 0.035464 0.010252 0.009580 0.002791 0.009881 
02:   0.002458 0.035463 0.010332 0.009593 0.002790 0.009532 
03:   0.002491 0.035469 0.010354 0.009603 0.002790 0.009747 
iteration  6
00:   0.002378 0.035470 0.010026 0.007581 0.002642 0.010459 
01:   0.002379 0.035470 0.010000 0.007688 0.002642 0.010418 
02:   0.002381 0.035470 0.009937 0.007692 0.002641 0.010423 
03:   0.002384 0.035470 0.009853 0.007585 0.002642 0.010401 
iteration  7
00:   0.002448 0.035267 0.010045 0.002852 0.002593 0.009410 
01:   0.002452 0.035267 0.010091 0.002928 0.002591 0.009724 
02:   0.002438 0.035267 0.010035 0.002893 0.002593 0.009737 
03:   0.002428 0.035267 0.010002 0.002818 0.002593 0.009017 
/nethome/kalgin/z/mst/run.xeon.sh: line 45: 59833 Killed                  ./turbobust_stub.out $i 16
threadsCount = 8
loopsCount = 0
Done
iterationNumber = 0
iterationNumber = 1
iterationNumber = 2
iterationNumber = 3
iterationNumber = 4
iterationNumber = 5
iterationNumber = 6
iterationNumber = 7
0.654
3.630
iteration  0
00:   0.241668 0.140559 0.450880 0.007728 0.830351 0.489994 
01:   0.240327 0.140547 0.456396 0.007729 0.830385 0.490278 
02:   0.240347 0.140375 0.459107 0.007730 0.830388 0.489395 
03:   0.238547 0.140454 0.459683 0.007733 0.830373 0.489908 
04:   0.239013 0.140569 0.461185 0.007727 0.830336 0.489986 
05:   0.239348 0.140461 0.461282 0.007730 0.830383 0.489218 
06:   0.239887 0.140465 0.461946 0.007711 0.830251 0.489035 
07:   0.241422 0.140409 0.463512 0.007729 0.830280 0.488210 
iteration  1
00:   0.128630 0.071706 0.128082 0.009321 0.212537 0.248050 
01:   0.128522 0.071532 0.128944 0.009324 0.212527 0.247909 
02:   0.128387 0.071533 0.130017 0.009327 0.212555 0.247823 
03:   0.128293 0.071578 0.129420 0.009323 0.212527 0.246744 
04:   0.127704 0.071660 0.130477 0.009314 0.212558 0.246695 
05:   0.127940 0.071638 0.130100 0.009316 0.212540 0.246160 
06:   0.128251 0.071638 0.130052 0.009317 0.212553 0.246483 
07:   0.127739 0.071572 0.130501 0.009318 0.212550 0.245931 
iteration  2
00:   0.046613 0.044200 0.031587 0.008576 0.048524 0.061192 
01:   0.046728 0.044195 0.031826 0.008581 0.048533 0.060662 
02:   0.046459 0.044180 0.031719 0.008586 0.048517 0.060086 
03:   0.046734 0.044186 0.031700 0.008586 0.048535 0.060747 
04:   0.046414 0.044214 0.031709 0.008586 0.048529 0.060648 
05:   0.046160 0.044192 0.031969 0.008588 0.048517 0.060301 
06:   0.046375 0.044203 0.031952 0.008587 0.048503 0.061072 
07:   0.046905 0.044205 0.031992 0.008586 0.048508 0.059776 
iteration  3
00:   0.004536 0.038737 0.014236 0.008173 0.014611 0.015091 
01:   0.004550 0.038741 0.014307 0.008190 0.014603 0.015187 
02:   0.004416 0.038730 0.014338 0.008179 0.014604 0.014823 
03:   0.004446 0.038747 0.014449 0.008187 0.014607 0.015400 
04:   0.004532 0.038744 0.014314 0.008186 0.014601 0.015387 
05:   0.004552 0.038742 0.014423 0.008186 0.014601 0.015233 
06:   0.004544 0.038744 0.014422 0.008157 0.014607 0.014958 
07:   0.004470 0.038747 0.014551 0.008188 0.014603 0.014829 
iteration  4
00:   0.002580 0.036761 0.008511 0.007140 0.003456 0.010165 
01:   0.002598 0.036761 0.008566 0.007142 0.003466 0.010467 
02:   0.002570 0.036753 0.008267 0.007149 0.003468 0.010468 
03:   0.002594 0.036765 0.008516 0.007146 0.003469 0.010495 
04:   0.002611 0.036772 0.008630 0.007138 0.003467 0.010471 
05:   0.002514 0.036754 0.008433 0.007150 0.003467 0.010443 
06:   0.002522 0.036763 0.008401 0.007143 0.003467 0.010436 
07:   0.002582 0.036757 0.008283 0.007148 0.003464 0.010100 
iteration  5
00:   0.002337 0.036579 0.007328 0.004888 0.002672 0.009198 
01:   0.002348 0.036579 0.007417 0.004877 0.002670 0.009578 
02:   0.002338 0.036579 0.007375 0.004874 0.002672 0.009578 
03:   0.002355 0.036579 0.007470 0.004859 0.002673 0.009577 
04:   0.002335 0.036581 0.007467 0.004882 0.002624 0.009577 
05:   0.002303 0.036580 0.007377 0.004892 0.002672 0.009110 
06:   0.002298 0.036577 0.007421 0.004883 0.002661 0.009565 
07:   0.002322 0.036578 0.007326 0.004887 0.002673 0.009211 
iteration  6
00:   0.002420 0.036449 0.007420 0.003900 0.002737 0.011952 
01:   0.002397 0.036450 0.007488 0.003914 0.002752 0.011944 
02:   0.002396 0.036449 0.007446 0.003909 0.002752 0.011872 
03:   0.002398 0.036450 0.007444 0.003916 0.002752 0.012275 
04:   0.002402 0.036449 0.007465 0.003915 0.002750 0.012253 
05:   0.002409 0.036450 0.007395 0.003916 0.002751 0.011934 
06:   0.002423 0.036449 0.007380 0.003915 0.002753 0.011843 
07:   0.002410 0.036449 0.007284 0.003907 0.002747 0.011880 
iteration  7
00:   0.002379 0.036557 0.007388 0.001530 0.002664 0.009271 
01:   0.002361 0.036557 0.007459 0.001528 0.002677 0.010179 
02:   0.002409 0.036557 0.007397 0.001533 0.002672 0.010172 
03:   0.002380 0.036557 0.007384 0.001530 0.002670 0.010157 
04:   0.002372 0.036556 0.007425 0.001529 0.002672 0.010163 
05:   0.002394 0.036556 0.007377 0.001530 0.002673 0.010142 
06:   0.002348 0.036556 0.007355 0.001518 0.002672 0.010087 
07:   0.002367 0.036556 0.007378 0.001532 0.002672 0.009253 
/nethome/kalgin/z/mst/run.xeon.sh: line 45: 59851 Killed                  ./turbobust_stub.out $i 16
threadsCount = 16
loopsCount = 0
Done
iterationNumber = 0
iterationNumber = 1
iterationNumber = 2
iterationNumber = 3
iterationNumber = 4
iterationNumber = 5
iterationNumber = 6
iterationNumber = 7
0.577
3.770
iteration  0
00:   0.172807 0.126346 0.349800 0.006893 1.362432 0.275193 
01:   0.152148 0.126172 0.326632 0.006920 1.362434 0.268849 
02:   0.152102 0.126288 0.327382 0.006927 1.362411 0.269047 
03:   0.172040 0.126442 0.359219 0.006909 1.362388 0.274213 
04:   0.171949 0.126345 0.361114 0.006898 1.362440 0.274291 
05:   0.151238 0.126274 0.329170 0.006929 1.362420 0.267328 
06:   0.171667 0.126228 0.360917 0.006929 1.362405 0.273598 
07:   0.170931 0.126222 0.363801 0.006899 1.362405 0.272850 
08:   0.116509 0.115563 0.283649 0.006904 1.358893 0.261597 
09:   0.134713 0.115490 0.310655 0.006910 1.358829 0.263606 
10:   0.133478 0.115560 0.307515 0.006916 1.358857 0.263407 
11:   0.133255 0.115671 0.309821 0.006896 1.358890 0.264075 
12:   0.133404 0.115671 0.309995 0.006933 1.358935 0.263602 
13:   0.133010 0.115533 0.309361 0.006895 1.358926 0.262680 
14:   0.132960 0.115337 0.310113 0.006936 1.358954 0.262927 
15:   0.135414 0.115534 0.308520 0.006941 1.358902 0.261811 
iteration  1
00:   0.071608 0.064513 0.096819 0.009785 0.349046 0.143948 
01:   0.071927 0.064554 0.090547 0.009787 0.349036 0.144087 
02:   0.071572 0.064495 0.090386 0.009792 0.349049 0.144490 
03:   0.071526 0.064538 0.099581 0.009782 0.348985 0.143576 
04:   0.071488 0.064563 0.099591 0.009787 0.349036 0.143181 
05:   0.071540 0.064532 0.091058 0.009771 0.349059 0.143905 
06:   0.071732 0.064492 0.099654 0.009779 0.349044 0.143859 
07:   0.071566 0.064496 0.099725 0.009781 0.349012 0.143872 
08:   0.067733 0.062056 0.079809 0.009784 0.348113 0.140340 
09:   0.067636 0.062166 0.085654 0.009779 0.348077 0.139722 
10:   0.067585 0.062222 0.084817 0.009818 0.348057 0.139755 
11:   0.067444 0.062215 0.085761 0.009793 0.348104 0.139221 
12:   0.067406 0.062215 0.085776 0.009812 0.348072 0.141174 
13:   0.067113 0.062212 0.085223 0.009815 0.348074 0.139346 
14:   0.067307 0.061768 0.085251 0.009776 0.348073 0.138680 
15:   0.067599 0.062215 0.085749 0.009787 0.348096 0.139093 
iteration  2
00:   0.025194 0.045049 0.024004 0.007573 0.087633 0.045347 
01:   0.025122 0.045047 0.022407 0.007592 0.087629 0.045734 
02:   0.025282 0.045012 0.022323 0.007557 0.087624 0.045649 
03:   0.025253 0.045055 0.024540 0.007556 0.087634 0.045645 
04:   0.024870 0.045059 0.024433 0.007579 0.087639 0.045349 
05:   0.025119 0.045034 0.022402 0.007572 0.087641 0.045355 
06:   0.024976 0.045052 0.024415 0.007561 0.087673 0.045398 
07:   0.025252 0.045019 0.024538 0.007569 0.087637 0.045449 
08:   0.026103 0.044632 0.019369 0.007595 0.087432 0.040090 
09:   0.025726 0.044650 0.019884 0.007545 0.087414 0.042010 
10:   0.025794 0.044668 0.020065 0.007567 0.087450 0.041338 
11:   0.025820 0.044663 0.019972 0.007559 0.087425 0.042127 
12:   0.026270 0.044679 0.020379 0.007542 0.087420 0.042155 
13:   0.025888 0.044667 0.019999 0.007539 0.087416 0.041757 
14:   0.026001 0.044523 0.020124 0.007557 0.087419 0.041982 
15:   0.026031 0.044655 0.020061 0.007606 0.087420 0.041291 
iteration  3
00:   0.002420 0.041251 0.012816 0.005930 0.026484 0.017332 
01:   0.002431 0.041266 0.012023 0.005933 0.026473 0.017698 
02:   0.002474 0.041259 0.011833 0.005879 0.026483 0.017488 
03:   0.002376 0.041258 0.012791 0.005900 0.026451 0.017607 
04:   0.002358 0.041257 0.012695 0.005904 0.026453 0.017865 
05:   0.002413 0.041257 0.011811 0.005900 0.026452 0.017221 
06:   0.002382 0.041258 0.012850 0.005886 0.026482 0.017601 
07:   0.002460 0.041259 0.012977 0.005884 0.026452 0.017651 
08:   0.002589 0.041187 0.008800 0.005906 0.026412 0.016924 
09:   0.002570 0.041198 0.008831 0.005871 0.026392 0.017162 
10:   0.002543 0.041194 0.008849 0.005914 0.026396 0.017008 
11:   0.002614 0.041198 0.008934 0.005883 0.026396 0.016839 
12:   0.002546 0.041199 0.008907 0.005912 0.026401 0.017489 
13:   0.002511 0.041202 0.008759 0.005931 0.026389 0.016910 
14:   0.002560 0.041189 0.008838 0.005884 0.026425 0.016810 
15:   0.002600 0.041196 0.008817 0.005875 0.026389 0.016400 
iteration  4
00:   0.001238 0.040453 0.010049 0.004570 0.005277 0.013537 
01:   0.001254 0.040455 0.009858 0.004585 0.005295 0.014535 
02:   0.001225 0.040452 0.009651 0.004547 0.005253 0.014869 
03:   0.001249 0.040457 0.010003 0.004555 0.005313 0.014857 
04:   0.001287 0.040457 0.010102 0.004549 0.005254 0.014507 
05:   0.001221 0.040452 0.009697 0.004564 0.005272 0.014861 
06:   0.001209 0.040452 0.009971 0.004562 0.005269 0.014864 
07:   0.001218 0.040454 0.010015 0.004578 0.005293 0.014550 
08:   0.001370 0.040449 0.005492 0.004641 0.005241 0.014733 
09:   0.001353 0.040452 0.005439 0.004638 0.005283 0.014738 
10:   0.001344 0.040448 0.005211 0.004627 0.005247 0.014723 
11:   0.001350 0.040449 0.005328 0.004573 0.005252 0.014713 
12:   0.001379 0.040452 0.005522 0.004657 0.005268 0.014768 
13:   0.001371 0.040451 0.005449 0.004559 0.005284 0.014283 
14:   0.001331 0.040449 0.005304 0.004564 0.005252 0.014754 
15:   0.001283 0.040451 0.005425 0.004637 0.005267 0.014315 
iteration  5
00:   0.001162 0.040555 0.009624 0.003141 0.003054 0.011228 
01:   0.001192 0.040555 0.009583 0.003122 0.003007 0.010846 
02:   0.001197 0.040555 0.009567 0.003132 0.003016 0.011768 
03:   0.001195 0.040555 0.009584 0.003101 0.003060 0.011780 
04:   0.001184 0.040556 0.009608 0.003100 0.003039 0.011785 
05:   0.001214 0.040555 0.009550 0.003095 0.003044 0.011776 
06:   0.001192 0.040555 0.009598 0.003103 0.003029 0.011775 
07:   0.001109 0.040555 0.009588 0.003096 0.003060 0.011794 
08:   0.001353 0.040554 0.005013 0.003112 0.003026 0.011491 
09:   0.001349 0.040554 0.004964 0.003096 0.003012 0.011031 
10:   0.001341 0.040554 0.004920 0.003085 0.003022 0.010143 
11:   0.001313 0.040554 0.004933 0.003082 0.003043 0.011495 
12:   0.001373 0.040554 0.004916 0.003095 0.003058 0.011489 
13:   0.001329 0.040554 0.004898 0.003099 0.003004 0.010612 
14:   0.001320 0.040554 0.004924 0.003084 0.003037 0.011482 
15:   0.001276 0.040555 0.004842 0.003097 0.003033 0.011100 
iteration  6
00:   0.001072 0.040272 0.009553 0.002351 0.003087 0.009562 
01:   0.001049 0.040272 0.009539 0.002332 0.003085 0.009442 
02:   0.001042 0.040272 0.009542 0.002335 0.003087 0.010612 
03:   0.001092 0.040272 0.009542 0.002327 0.003083 0.010617 
04:   0.001042 0.040272 0.009556 0.002342 0.003084 0.010606 
05:   0.001061 0.040272 0.009504 0.002327 0.003086 0.010601 
06:   0.001063 0.040272 0.009519 0.002345 0.003084 0.010585 
07:   0.001009 0.040272 0.009487 0.002347 0.003090 0.010621 
08:   0.001149 0.040272 0.004839 0.002318 0.003066 0.010233 
09:   0.001149 0.040272 0.004842 0.002287 0.003059 0.010179 
10:   0.001147 0.040272 0.004835 0.002313 0.003067 0.010198 
11:   0.001133 0.040272 0.004872 0.002308 0.003067 0.010206 
12:   0.001135 0.040272 0.004870 0.002312 0.003065 0.010215 
13:   0.001123 0.040272 0.004815 0.002316 0.003067 0.010209 
14:   0.001140 0.040272 0.004814 0.002300 0.003066 0.009695 
15:   0.001079 0.040272 0.004813 0.002293 0.003069 0.009739 
iteration  7
00:   0.000983 0.040180 0.009589 0.001094 0.003063 0.015486 
01:   0.000981 0.040180 0.009580 0.001095 0.003063 0.016654 
02:   0.000991 0.040180 0.009587 0.001093 0.003033 0.016570 
03:   0.001011 0.040180 0.009565 0.001099 0.003059 0.016664 
04:   0.001026 0.040180 0.009579 0.001100 0.003025 0.017059 
05:   0.001013 0.040180 0.009568 0.001098 0.003034 0.017061 
06:   0.001000 0.040180 0.009509 0.001093 0.003036 0.015797 
07:   0.000936 0.040180 0.009561 0.001097 0.003033 0.017074 
08:   0.001062 0.040180 0.004860 0.001073 0.003036 0.017742 
09:   0.001039 0.040180 0.004871 0.001073 0.003035 0.017709 
10:   0.001049 0.040180 0.004829 0.001074 0.003035 0.017745 
11:   0.001047 0.040180 0.004830 0.001071 0.003034 0.016962 
12:   0.001035 0.040180 0.004857 0.001077 0.003048 0.017731 
13:   0.001048 0.040179 0.004779 0.001074 0.003021 0.017716 
14:   0.001058 0.040180 0.004813 0.001074 0.003020 0.017724 
15:   0.000941 0.040180 0.004804 0.001077 0.003049 0.017166 
/nethome/kalgin/z/mst/run.xeon.sh: line 45: 59870 Killed                  ./turbobust_stub.out $i 16
/nethome/kalgin/z/mst/run.xeon.sh: line 45: 59888 Segmentation fault      (core dumped) ./turbobust_stub.out $i 16
/nethome/kalgin/z/mst/run.xeon.sh: line 60: kill: (59888) - No such process
