threadsCount = 16
loopsCount = 2164
7.576
3.789
threadsCount = 1
loopsCount = 2164
Done
iterationNumber = 0
iterationNumber = 1
iterationNumber = 2
iterationNumber = 3
iterationNumber = 4
iterationNumber = 5
iterationNumber = 6
6.137
6.176
iteration  0
00:   0.212042 0.000000 2.064978 0.015447 0.674150 
iteration  1
00:   0.256018 0.000000 0.372936 0.030581 0.141886 
iteration  2
00:   0.172539 0.000000 0.127319 0.021066 0.066491 
iteration  3
00:   0.142884 0.000000 0.103483 0.015986 0.061780 
iteration  4
00:   0.140045 0.000000 0.101643 0.015559 0.062455 
iteration  5
00:   0.169420 0.000000 0.101520 0.013561 0.052446 
iteration  6
00:   0.910039 0.000000 0.101480 0.005595 0.006500 
threadsCount = 2
loopsCount = 2164
Done
iterationNumber = 0
iterationNumber = 1
iterationNumber = 2
iterationNumber = 3
iterationNumber = 4
iterationNumber = 5
iterationNumber = 6
3.404
4.185
iteration  0
00:   0.112393 0.000000 1.331322 0.008040 0.413782 
01:   0.111940 0.000000 1.338330 0.008071 0.418136 
iteration  1
00:   0.133679 0.000000 0.226785 0.016925 0.090263 
01:   0.129137 0.000000 0.223037 0.016956 0.092559 
iteration  2
00:   0.091544 0.000000 0.072197 0.011007 0.036426 
01:   0.087477 0.000000 0.072417 0.011049 0.040846 
iteration  3
00:   0.073067 0.000000 0.058492 0.008071 0.036251 
01:   0.074519 0.000000 0.058363 0.008103 0.036635 
iteration  4
00:   0.074783 0.000000 0.056833 0.007797 0.053673 
01:   0.070360 0.000000 0.056792 0.007773 0.012474 
iteration  5
00:   0.142954 0.000000 0.057145 0.006765 0.048653 
01:   0.028862 0.000000 0.057126 0.006835 0.003567 
iteration  6
00:   0.905585 0.000000 0.057808 0.002820 0.003301 
01:   0.004743 0.000000 0.057824 0.002833 0.003371 
/nethome/kalgin/z/mst/run.xeon.sh: line 45: 176200 Killed                  ./turbobust_stub.out $i 16
threadsCount = 4
loopsCount = 2164
Done
iterationNumber = 0
iterationNumber = 1
iterationNumber = 2
iterationNumber = 3
iterationNumber = 4
iterationNumber = 5
iterationNumber = 6
2.018
3.073
iteration  0
00:   0.060333 0.000000 0.887318 0.003997 0.246172 
01:   0.060106 0.000000 0.891588 0.003996 0.249584 
02:   0.059774 0.000000 0.891205 0.004007 0.248513 
03:   0.060277 0.000000 0.886711 0.004008 0.247834 
iteration  1
00:   0.072664 0.000000 0.152011 0.008581 0.060742 
01:   0.070658 0.000000 0.151654 0.008613 0.066166 
02:   0.070208 0.000000 0.149741 0.008662 0.064991 
03:   0.069789 0.000000 0.150039 0.008647 0.066079 
iteration  2
00:   0.048981 0.000000 0.053359 0.005591 0.018969 
01:   0.049512 0.000000 0.053935 0.005593 0.024654 
02:   0.047230 0.000000 0.053372 0.005603 0.021852 
03:   0.047124 0.000000 0.053824 0.005620 0.025734 
iteration  3
00:   0.036354 0.000000 0.045064 0.004032 0.024492 
01:   0.042969 0.000000 0.044782 0.004076 0.019381 
02:   0.038274 0.000000 0.044819 0.004083 0.025047 
03:   0.042731 0.000000 0.044655 0.004098 0.020428 
iteration  4
00:   0.047101 0.000000 0.043901 0.003947 0.012951 
01:   0.033434 0.000000 0.043895 0.003951 0.046757 
02:   0.045457 0.000000 0.043840 0.003948 0.013864 
03:   0.030357 0.000000 0.043867 0.003961 0.001886 
iteration  5
00:   0.028551 0.000000 0.043948 0.003439 0.047374 
01:   0.117119 0.000000 0.043974 0.003411 0.001827 
02:   0.027980 0.000000 0.043976 0.003446 0.001833 
03:   0.002676 0.000000 0.043972 0.003453 0.001862 
iteration  6
00:   0.896449 0.000000 0.043985 0.001443 0.001731 
01:   0.002745 0.000001 0.044019 0.001468 0.001756 
02:   0.002754 0.000001 0.043942 0.001475 0.001782 
03:   0.002798 0.000000 0.043982 0.001476 0.001803 
/nethome/kalgin/z/mst/run.xeon.sh: line 45: 176219 Killed                  ./turbobust_stub.out $i 16
threadsCount = 8
loopsCount = 2164
Done
iterationNumber = 0
iterationNumber = 1
iterationNumber = 2
iterationNumber = 3
iterationNumber = 4
iterationNumber = 5
iterationNumber = 6
1.151
2.655
iteration  0
00:   0.036659 0.000000 0.654688 0.002120 0.157530 
01:   0.036650 0.000000 0.656458 0.002116 0.178306 
02:   0.036520 0.000000 0.657883 0.002120 0.177156 
03:   0.036288 0.000000 0.656334 0.002125 0.177212 
04:   0.036445 0.000000 0.655825 0.002120 0.175029 
05:   0.036347 0.000000 0.658446 0.002120 0.177640 
06:   0.036396 0.000000 0.656146 0.002121 0.176097 
07:   0.037116 0.000000 0.655111 0.002114 0.176726 
iteration  1
00:   0.043738 0.000000 0.121700 0.004457 0.113233 
01:   0.042944 0.000000 0.116199 0.004458 0.118397 
02:   0.042407 0.000000 0.117157 0.004458 0.123016 
03:   0.042102 0.000000 0.118367 0.004451 0.126464 
04:   0.041722 0.000000 0.116625 0.004457 0.125052 
05:   0.042244 0.000000 0.117173 0.004458 0.126254 
06:   0.042061 0.000000 0.117113 0.004454 0.125997 
07:   0.041969 0.000000 0.117139 0.004457 0.126187 
iteration  2
00:   0.030058 0.000000 0.047399 0.002922 0.012694 
01:   0.027985 0.000000 0.047290 0.002920 0.014691 
02:   0.028546 0.000000 0.047388 0.002915 0.016156 
03:   0.029963 0.000000 0.047708 0.002918 0.018459 
04:   0.027931 0.000000 0.047096 0.002914 0.014905 
05:   0.028195 0.000000 0.047263 0.002915 0.016621 
06:   0.028147 0.000000 0.047559 0.002916 0.018202 
07:   0.028171 0.000000 0.047364 0.002923 0.016879 
iteration  3
00:   0.020961 0.000000 0.042250 0.002123 0.019418 
01:   0.023055 0.000000 0.042050 0.002131 0.018328 
02:   0.023371 0.000000 0.042041 0.002114 0.016959 
03:   0.027676 0.000000 0.042026 0.002108 0.013657 
04:   0.021974 0.000000 0.041946 0.002132 0.014153 
05:   0.024099 0.000000 0.042094 0.002129 0.020977 
06:   0.027088 0.000000 0.042030 0.002129 0.016585 
07:   0.023950 0.000000 0.041843 0.002130 0.012771 
iteration  4
00:   0.030817 0.000000 0.042262 0.002022 0.012851 
01:   0.023884 0.000000 0.042225 0.002022 0.001121 
02:   0.023485 0.000000 0.042244 0.002003 0.045618 
03:   0.016330 0.000000 0.042112 0.002023 0.001332 
04:   0.020806 0.000000 0.042074 0.002020 0.003875 
05:   0.031852 0.000000 0.042176 0.002018 0.008363 
06:   0.023156 0.000000 0.041998 0.002019 0.001174 
07:   0.013250 0.000000 0.042069 0.002026 0.001211 
iteration  5
00:   0.028300 0.000000 0.041874 0.001804 0.046832 
01:   0.001979 0.000000 0.041848 0.001808 0.000953 
02:   0.115191 0.000000 0.041845 0.001809 0.000979 
03:   0.003745 0.000000 0.041832 0.001800 0.000966 
04:   0.010597 0.000000 0.041810 0.001805 0.001001 
05:   0.020011 0.000000 0.041770 0.001799 0.000985 
06:   0.002060 0.000000 0.041792 0.001799 0.001011 
07:   0.002054 0.000000 0.041702 0.001814 0.001032 
iteration  6
00:   0.900957 0.000000 0.042361 0.000747 0.000982 
01:   0.002450 0.000001 0.042342 0.000745 0.000935 
02:   0.002437 0.000001 0.042323 0.000748 0.000970 
03:   0.002462 0.000000 0.042274 0.000736 0.000944 
04:   0.002473 0.000000 0.042279 0.000747 0.000978 
05:   0.002453 0.000000 0.042227 0.000749 0.000963 
06:   0.002474 0.000000 0.042166 0.000743 0.000984 
07:   0.002499 0.000000 0.042189 0.000748 0.001000 
/nethome/kalgin/z/mst/run.xeon.sh: line 45: 176237 Killed                  ./turbobust_stub.out $i 16
threadsCount = 16
loopsCount = 2164
Done
iterationNumber = 0
iterationNumber = 1
iterationNumber = 2
iterationNumber = 3
iterationNumber = 4
iterationNumber = 5
iterationNumber = 6
0.924
3.610
iteration  0
00:   0.021141 0.000000 0.601400 0.001727 0.381777 
01:   0.020603 0.000000 0.556075 0.001740 0.536125 
02:   0.021025 0.000000 0.601844 0.001726 0.528633 
03:   0.020911 0.000000 0.607117 0.001737 0.538444 
04:   0.020839 0.000000 0.558815 0.001758 0.533409 
05:   0.020863 0.000000 0.556911 0.001757 0.539310 
06:   0.020954 0.000000 0.605792 0.001727 0.540322 
07:   0.021007 0.000000 0.607776 0.001729 0.540397 
08:   0.019600 0.000000 0.493306 0.001736 0.550895 
09:   0.019354 0.000000 0.520807 0.001727 0.547502 
10:   0.019480 0.000000 0.524835 0.001727 0.553088 
11:   0.019458 0.000000 0.521883 0.001725 0.550977 
12:   0.019294 0.000000 0.524147 0.001742 0.553081 
13:   0.019449 0.000000 0.489438 0.001759 0.547035 
14:   0.019288 0.000000 0.520809 0.001730 0.549638 
15:   0.020252 0.000000 0.519964 0.001733 0.551458 
iteration  1
00:   0.028828 0.000000 0.127882 0.004961 0.176165 
01:   0.028461 0.000000 0.108293 0.004999 0.195341 
02:   0.028284 0.000000 0.113525 0.004987 0.190135 
03:   0.028602 0.000000 0.114658 0.004977 0.196339 
04:   0.027923 0.000000 0.107466 0.004977 0.198387 
05:   0.027931 0.000000 0.108054 0.005013 0.211871 
06:   0.027990 0.000000 0.114686 0.004982 0.210442 
07:   0.028072 0.000000 0.115733 0.004980 0.215690 
08:   0.025178 0.000000 0.098871 0.005024 0.210724 
09:   0.024704 0.000001 0.103733 0.004979 0.212399 
10:   0.025256 0.000000 0.103926 0.004975 0.214095 
11:   0.024881 0.000000 0.103333 0.004990 0.214663 
12:   0.025225 0.000000 0.104254 0.005004 0.216243 
13:   0.024454 0.000001 0.098808 0.005019 0.211300 
14:   0.024656 0.000001 0.103287 0.005046 0.216347 
15:   0.024917 0.000000 0.103708 0.004984 0.215476 
iteration  2
00:   0.020098 0.000000 0.051476 0.002339 0.049764 
01:   0.019512 0.000000 0.050423 0.002334 0.048643 
02:   0.017762 0.000000 0.051328 0.002347 0.052194 
03:   0.019071 0.000000 0.051383 0.002335 0.056582 
04:   0.018487 0.000000 0.050234 0.002334 0.050032 
05:   0.019193 0.000000 0.050746 0.002327 0.060904 
06:   0.019440 0.000000 0.051833 0.002352 0.062689 
07:   0.020379 0.000000 0.051519 0.002333 0.059201 
08:   0.016755 0.000000 0.046871 0.002318 0.055512 
09:   0.017227 0.000000 0.047028 0.002320 0.051085 
10:   0.017267 0.000000 0.047288 0.002321 0.060978 
11:   0.016837 0.000000 0.047073 0.002314 0.056038 
12:   0.017352 0.000000 0.047522 0.002320 0.062685 
13:   0.016638 0.000000 0.046996 0.002310 0.061016 
14:   0.017023 0.000000 0.047086 0.002320 0.057904 
15:   0.016902 0.000000 0.047192 0.002314 0.061010 
iteration  3
00:   0.013897 0.000000 0.047833 0.001321 0.032375 
01:   0.013719 0.000000 0.047761 0.001326 0.029829 
02:   0.014537 0.000000 0.047751 0.001304 0.031502 
03:   0.015882 0.000000 0.047777 0.001323 0.030616 
04:   0.012658 0.000000 0.047701 0.001335 0.027005 
05:   0.017855 0.000000 0.047662 0.001301 0.029850 
06:   0.020794 0.000000 0.047717 0.001332 0.008173 
07:   0.016109 0.000000 0.047761 0.001326 0.030768 
08:   0.014167 0.000000 0.043141 0.001314 0.025002 
09:   0.012975 0.000000 0.043069 0.001306 0.027081 
10:   0.015649 0.000000 0.043226 0.001307 0.032170 
11:   0.013661 0.000000 0.043170 0.001318 0.031844 
12:   0.017401 0.000000 0.043043 0.001315 0.026368 
13:   0.015785 0.000000 0.043052 0.001302 0.027861 
14:   0.013901 0.000000 0.042975 0.001320 0.025706 
15:   0.015388 0.000000 0.042978 0.001306 0.012713 
iteration  4
00:   0.020900 0.000000 0.047724 0.001227 0.013008 
01:   0.019517 0.000000 0.047727 0.001191 0.011440 
02:   0.014939 0.000000 0.047642 0.001196 0.000641 
03:   0.015729 0.000000 0.047727 0.001201 0.000638 
04:   0.014050 0.000000 0.047729 0.001190 0.044062 
05:   0.016023 0.000000 0.047719 0.001219 0.021057 
06:   0.004945 0.000000 0.047687 0.001227 0.001402 
07:   0.015565 0.000000 0.047661 0.001206 0.000638 
08:   0.011620 0.000000 0.042943 0.001182 0.000502 
09:   0.011750 0.000000 0.042914 0.001178 0.005050 
10:   0.018242 0.000000 0.042931 0.001178 0.011620 
11:   0.018609 0.000000 0.042932 0.001180 0.005660 
12:   0.013767 0.000000 0.042856 0.001194 0.000516 
13:   0.011999 0.000000 0.042894 0.001176 0.000520 
14:   0.009372 0.000000 0.042839 0.001178 0.000512 
15:   0.005118 0.000000 0.042886 0.001203 0.000525 
iteration  5
00:   0.021541 0.000000 0.047762 0.001063 0.000652 
01:   0.017619 0.000000 0.047761 0.001076 0.048068 
02:   0.001394 0.000000 0.047699 0.001059 0.000631 
03:   0.001371 0.000000 0.047755 0.001077 0.000626 
04:   0.122288 0.000000 0.047745 0.001054 0.000656 
05:   0.054161 0.000000 0.047738 0.001045 0.000624 
06:   0.003538 0.000000 0.047750 0.001074 0.000642 
07:   0.001445 0.000000 0.047710 0.001108 0.000619 
08:   0.001333 0.000000 0.042952 0.001073 0.000499 
09:   0.011347 0.000000 0.042953 0.001070 0.000485 
10:   0.015614 0.000000 0.042968 0.001079 0.000486 
11:   0.008628 0.000000 0.042930 0.001057 0.000485 
12:   0.001305 0.000000 0.042888 0.001092 0.000504 
13:   0.001260 0.000000 0.042919 0.001130 0.000494 
14:   0.001320 0.000000 0.042855 0.001050 0.000502 
15:   0.001317 0.000001 0.042886 0.001126 0.000512 
iteration  6
00:   0.001380 0.000000 0.047244 0.000484 0.000592 
01:   1.407711 0.000000 0.047255 0.000495 0.000578 
02:   0.001350 0.000000 0.047166 0.000479 0.000576 
03:   0.001342 0.000000 0.047252 0.000474 0.000568 
04:   0.001382 0.000001 0.047245 0.000477 0.000593 
05:   0.001346 0.000000 0.047254 0.000497 0.000576 
06:   0.001374 0.000001 0.047243 0.000478 0.000579 
07:   0.001428 0.000000 0.047247 0.000516 0.000569 
08:   0.001218 0.000001 0.042525 0.000475 0.000457 
09:   0.001188 0.000000 0.042508 0.000483 0.000451 
10:   0.001172 0.000000 0.042531 0.000509 0.000446 
11:   0.001170 0.000001 0.042501 0.000513 0.000445 
12:   0.001183 0.000000 0.042466 0.000481 0.000457 
13:   0.001207 0.000000 0.042456 0.000520 0.000457 
14:   0.001192 0.000000 0.042482 0.000496 0.000462 
15:   0.001217 0.000013 0.042494 0.000494 0.000474 
/nethome/kalgin/z/mst/run.xeon.sh: line 45: 176255 Killed                  ./turbobust_stub.out $i 16
/nethome/kalgin/z/mst/run.xeon.sh: line 45: 176273 Segmentation fault      (core dumped) ./turbobust_stub.out $i 16
/nethome/kalgin/z/mst/run.xeon.sh: line 60: kill: (176273) - No such process
