threadsCount = 16
loopsCount = 0
7.686
1.511
threadsCount = 1
loopsCount = 0
Done
iterationNumber = 0
iterationNumber = 1
iterationNumber = 2
iterationNumber = 3
iterationNumber = 4
iterationNumber = 5
iterationNumber = 6
iterationNumber = 7
5.035
3.089
iteration  0
00:   0.343486 0.000000 0.088755 0.081909 0.348962 
iteration  1
00:   0.356397 0.000000 0.054569 0.066045 0.244506 
iteration  2
00:   0.421433 0.000000 0.029594 0.061781 0.095275 
iteration  3
00:   0.474643 0.000000 0.018181 0.062225 0.023664 
iteration  4
00:   0.055261 0.000000 0.010322 0.056686 0.012717 
iteration  5
00:   0.014852 0.000000 0.007560 0.033241 0.010510 
iteration  6
00:   0.009640 0.000000 0.007174 0.027817 0.010062 
iteration  7
00:   0.008872 0.000000 0.007185 0.010303 0.010044 
threadsCount = 2
loopsCount = 0
Done
iterationNumber = 0
iterationNumber = 1
iterationNumber = 2
iterationNumber = 3
iterationNumber = 4
iterationNumber = 5
iterationNumber = 6
iterationNumber = 7
2.744
1.821
iteration  0
00:   0.180568 0.000000 0.047206 0.044269 0.158669 
01:   0.184425 0.000000 0.047236 0.044212 0.159290 
iteration  1
00:   0.183481 0.000000 0.027779 0.036785 0.181341 
01:   0.183330 0.000000 0.027809 0.036823 0.199866 
iteration  2
00:   0.217123 0.000000 0.015267 0.033108 0.088278 
01:   0.218772 0.000000 0.015303 0.033112 0.092699 
iteration  3
00:   0.250737 0.000000 0.009585 0.032160 0.030606 
01:   0.249633 0.000000 0.009562 0.032279 0.030580 
iteration  4
00:   0.028755 0.000000 0.005426 0.028639 0.025750 
01:   0.029516 0.000000 0.005434 0.028786 0.025564 
iteration  5
00:   0.007834 0.000000 0.003953 0.016787 0.024839 
01:   0.007900 0.000000 0.003949 0.016872 0.024624 
iteration  6
00:   0.005184 0.000000 0.003791 0.013987 0.024710 
01:   0.005206 0.000000 0.003756 0.014107 0.024515 
iteration  7
00:   0.004780 0.000000 0.003779 0.005527 0.024711 
01:   0.004800 0.000000 0.003764 0.005536 0.024538 
/nethome/kalgin/z/mst/run.xeon.sh: line 45: 182332 Killed                  ./turbobust_stub.out $i 16
threadsCount = 4
loopsCount = 0
Done
iterationNumber = 0
iterationNumber = 1
iterationNumber = 2
iterationNumber = 3
iterationNumber = 4
iterationNumber = 5
iterationNumber = 6
iterationNumber = 7
1.595
1.179
iteration  0
00:   0.105933 0.000000 0.026701 0.022608 0.091288 
01:   0.107252 0.000000 0.026891 0.022619 0.095257 
02:   0.106913 0.000000 0.026846 0.022611 0.095424 
03:   0.108642 0.000000 0.026545 0.022636 0.095319 
iteration  1
00:   0.100383 0.000000 0.014838 0.018984 0.138847 
01:   0.100192 0.000000 0.014874 0.018987 0.147124 
02:   0.100288 0.000000 0.014872 0.019064 0.152384 
03:   0.099689 0.000000 0.014734 0.019042 0.144654 
iteration  2
00:   0.119337 0.000000 0.008248 0.017005 0.067320 
01:   0.118025 0.000000 0.008271 0.017093 0.076442 
02:   0.119960 0.000000 0.008243 0.017131 0.079650 
03:   0.118089 0.000000 0.008174 0.017130 0.069822 
iteration  3
00:   0.140518 0.000000 0.005320 0.016416 0.021745 
01:   0.140754 0.000000 0.005320 0.016553 0.029075 
02:   0.140156 0.000000 0.005347 0.016544 0.033680 
03:   0.138432 0.000000 0.005255 0.016550 0.021744 
iteration  4
00:   0.016008 0.000000 0.003088 0.014625 0.018634 
01:   0.016087 0.000000 0.003078 0.014743 0.025903 
02:   0.016414 0.000000 0.003089 0.014745 0.030786 
03:   0.016227 0.000000 0.003056 0.014747 0.018634 
iteration  5
00:   0.004524 0.000000 0.002440 0.008606 0.018206 
01:   0.004301 0.000000 0.002351 0.008701 0.025196 
02:   0.004495 0.000000 0.002404 0.008706 0.030384 
03:   0.004396 0.000000 0.002380 0.008700 0.018205 
iteration  6
00:   0.003052 0.000000 0.002278 0.007344 0.018130 
01:   0.003007 0.000000 0.002272 0.007520 0.025097 
02:   0.003066 0.000000 0.002277 0.007511 0.030353 
03:   0.003041 0.000000 0.002263 0.007404 0.018129 
iteration  7
00:   0.002893 0.000000 0.002328 0.002791 0.018147 
01:   0.002891 0.000000 0.002324 0.002828 0.025145 
02:   0.002918 0.000000 0.002357 0.002798 0.030357 
03:   0.002864 0.000000 0.002336 0.002793 0.018148 
/nethome/kalgin/z/mst/run.xeon.sh: line 45: 182349 Killed                  ./turbobust_stub.out $i 16
threadsCount = 8
loopsCount = 0
Done
iterationNumber = 0
iterationNumber = 1
iterationNumber = 2
iterationNumber = 3
iterationNumber = 4
iterationNumber = 5
iterationNumber = 6
iterationNumber = 7
3.074
1.131
iteration  0
00:   0.079132 0.000000 0.019160 0.012921 0.071505 
01:   0.083256 0.000000 0.019254 0.012930 0.071550 
02:   0.082747 0.000000 0.019247 0.012901 0.072787 
03:   0.082705 0.000000 0.019222 0.012918 0.071831 
04:   0.083173 0.000000 0.019285 0.012921 0.072268 
05:   0.082648 0.000000 0.019184 0.012928 0.071726 
06:   0.082836 0.000000 0.019139 0.012930 0.071558 
07:   0.084666 0.000000 0.018970 0.012930 0.071489 
iteration  1
00:   0.062857 0.000000 0.009816 0.010938 0.266413 
01:   0.063167 0.000000 0.009795 0.010923 0.294883 
02:   0.062853 0.000000 0.009744 0.010883 0.297538 
03:   0.062430 0.000000 0.009674 0.010946 0.300164 
04:   0.063040 0.000000 0.009787 0.010935 0.305069 
05:   0.062567 0.000000 0.009788 0.010949 0.302421 
06:   0.062683 0.000000 0.009805 0.010947 0.296624 
07:   0.062863 0.000000 0.009713 0.010936 0.290750 
iteration  2
00:   0.074527 0.000000 0.005799 0.009815 0.094763 
01:   0.074331 0.000000 0.005792 0.009814 0.113436 
02:   0.074133 0.000000 0.005758 0.009805 0.116636 
03:   0.072234 0.000000 0.005758 0.009805 0.120321 
04:   0.075643 0.000000 0.005790 0.009803 0.122913 
05:   0.074472 0.000000 0.005787 0.009809 0.119554 
06:   0.073083 0.000000 0.005770 0.009808 0.116625 
07:   0.074366 0.000000 0.005733 0.009795 0.112070 
iteration  3
00:   0.089024 0.000000 0.003668 0.009432 0.021532 
01:   0.088202 0.000000 0.003621 0.009393 0.021628 
02:   0.088232 0.000000 0.003601 0.009438 0.027939 
03:   0.087760 0.000000 0.003580 0.009422 0.030759 
04:   0.089140 0.000000 0.003642 0.009424 0.034262 
05:   0.087378 0.000000 0.003609 0.009436 0.030745 
06:   0.087125 0.000000 0.003655 0.009431 0.025651 
07:   0.087860 0.000000 0.003582 0.009434 0.021532 
iteration  4
00:   0.010081 0.000000 0.002221 0.008357 0.019483 
01:   0.010449 0.000000 0.002184 0.008340 0.019519 
02:   0.010247 0.000000 0.002147 0.008354 0.025696 
03:   0.010196 0.000000 0.002144 0.008355 0.028678 
04:   0.010617 0.000000 0.002177 0.008362 0.032235 
05:   0.010392 0.000000 0.002197 0.008361 0.028625 
06:   0.010425 0.000000 0.002216 0.008365 0.023364 
07:   0.010409 0.000000 0.002251 0.008366 0.019482 
iteration  5
00:   0.003268 0.000000 0.001991 0.004952 0.019054 
01:   0.003235 0.000000 0.001980 0.004956 0.019052 
02:   0.003013 0.000000 0.001954 0.004955 0.023321 
03:   0.003175 0.000000 0.001961 0.004958 0.028230 
04:   0.003236 0.000000 0.001959 0.004959 0.031867 
05:   0.003197 0.000000 0.001987 0.004959 0.028230 
06:   0.003171 0.000000 0.001974 0.004961 0.022945 
07:   0.003113 0.000000 0.002003 0.004957 0.019058 
iteration  6
00:   0.002513 0.000000 0.001973 0.004253 0.018977 
01:   0.002517 0.000000 0.001952 0.004236 0.018978 
02:   0.002488 0.000000 0.001920 0.004256 0.023311 
03:   0.002497 0.000000 0.001942 0.004259 0.028322 
04:   0.002507 0.000000 0.001936 0.004257 0.031819 
05:   0.002507 0.000000 0.001964 0.004237 0.028325 
06:   0.002477 0.000000 0.001953 0.004248 0.023309 
07:   0.002356 0.000000 0.001979 0.004255 0.018977 
iteration  7
00:   0.002450 0.000000 0.001990 0.001711 0.018918 
01:   0.002438 0.000000 0.001996 0.001714 0.018919 
02:   0.002436 0.000000 0.001977 0.001711 0.023353 
03:   0.002433 0.000000 0.002009 0.001701 0.028284 
04:   0.002444 0.000000 0.001984 0.001712 0.031788 
05:   0.002444 0.000000 0.002003 0.001713 0.028285 
06:   0.002442 0.000000 0.002008 0.001711 0.023359 
07:   0.002213 0.000000 0.002013 0.001703 0.018917 
/nethome/kalgin/z/mst/run.xeon.sh: line 45: 182367 Killed                  ./turbobust_stub.out $i 16
threadsCount = 16
loopsCount = 0
Done
iterationNumber = 0
iterationNumber = 1
iterationNumber = 2
iterationNumber = 3
iterationNumber = 4
iterationNumber = 5
iterationNumber = 6
iterationNumber = 7
4.707
1.184
iteration  0
00:   0.042459 0.000000 0.010412 0.010818 0.051130 
01:   0.044043 0.000000 0.010447 0.010804 0.051670 
02:   0.043629 0.000001 0.010456 0.010796 0.051731 
03:   0.043775 0.000001 0.010534 0.010860 0.051889 
04:   0.043467 0.000001 0.010484 0.010855 0.051864 
05:   0.043399 0.000001 0.010450 0.010774 0.051884 
06:   0.043572 0.000001 0.010449 0.010905 0.051953 
07:   0.043214 0.000001 0.010727 0.010905 0.052235 
08:   0.045375 0.000000 0.011183 0.010836 0.057206 
09:   0.045919 0.000001 0.011190 0.010892 0.056754 
10:   0.045903 0.000000 0.011155 0.010773 0.056264 
11:   0.045868 0.000001 0.011145 0.010848 0.055690 
12:   0.045841 0.000001 0.011020 0.010806 0.055299 
13:   0.045502 0.000000 0.011042 0.010817 0.054939 
14:   0.045887 0.000000 0.011065 0.010838 0.054886 
15:   0.046211 0.000000 0.011031 0.010841 0.054807 
iteration  1
00:   0.034583 0.000000 0.005550 0.010619 0.339416 
01:   0.034734 0.000000 0.005531 0.010580 0.400997 
02:   0.034764 0.000000 0.005535 0.010612 0.410428 
03:   0.035023 0.000000 0.005567 0.010551 0.417396 
04:   0.034893 0.000000 0.005541 0.010595 0.422810 
05:   0.034484 0.000000 0.005524 0.010622 0.422474 
06:   0.034599 0.000000 0.005522 0.010583 0.425721 
07:   0.034691 0.000000 0.005766 0.010649 0.426680 
08:   0.033259 0.000000 0.005575 0.010522 0.451710 
09:   0.033128 0.000000 0.005590 0.010551 0.449862 
10:   0.032973 0.000000 0.005541 0.010558 0.447457 
11:   0.032930 0.000000 0.005538 0.010546 0.448302 
12:   0.033167 0.000000 0.005555 0.010531 0.441735 
13:   0.032924 0.000000 0.005466 0.010585 0.442552 
14:   0.033005 0.000000 0.005528 0.010569 0.441226 
15:   0.033024 0.000000 0.005458 0.010534 0.440701 
iteration  2
00:   0.044675 0.000000 0.002799 0.008309 0.154316 
01:   0.044326 0.000000 0.002786 0.008321 0.193160 
02:   0.043963 0.000000 0.002795 0.008250 0.197470 
03:   0.044194 0.000000 0.002816 0.008270 0.198968 
04:   0.044856 0.000000 0.002834 0.008282 0.202897 
05:   0.043323 0.000000 0.002818 0.008241 0.205865 
06:   0.043005 0.000000 0.002808 0.008305 0.211817 
07:   0.042987 0.000000 0.003105 0.008321 0.212297 
08:   0.042008 0.000000 0.003170 0.008359 0.224426 
09:   0.041412 0.000000 0.003180 0.008294 0.222287 
10:   0.040878 0.000000 0.003138 0.008308 0.219436 
11:   0.041883 0.000000 0.003143 0.008326 0.219843 
12:   0.040222 0.000000 0.003129 0.008271 0.218393 
13:   0.040795 0.000000 0.003126 0.008320 0.218476 
14:   0.041416 0.000000 0.003141 0.008308 0.217918 
15:   0.040763 0.000000 0.003144 0.008349 0.215853 
iteration  3
00:   0.055543 0.000000 0.001608 0.006787 0.020815 
01:   0.055587 0.000000 0.001634 0.006793 0.020798 
02:   0.055063 0.000000 0.001642 0.006794 0.020809 
03:   0.054913 0.000000 0.001656 0.006813 0.021591 
04:   0.055803 0.000000 0.001662 0.006758 0.025206 
05:   0.054415 0.000000 0.001641 0.006794 0.027005 
06:   0.054867 0.000000 0.001622 0.006824 0.029418 
07:   0.054609 0.000000 0.001808 0.006793 0.030534 
08:   0.053297 0.000000 0.001959 0.006776 0.032916 
09:   0.051607 0.000000 0.001926 0.006786 0.032265 
10:   0.050478 0.000000 0.001908 0.006784 0.029924 
11:   0.052228 0.000000 0.001908 0.006804 0.028437 
12:   0.050922 0.000000 0.001911 0.006742 0.025502 
13:   0.051342 0.000000 0.001907 0.006728 0.022239 
14:   0.051880 0.000000 0.001923 0.006787 0.021803 
15:   0.050859 0.000000 0.001915 0.006778 0.021841 
iteration  4
00:   0.006287 0.000000 0.000878 0.005296 0.019650 
01:   0.006311 0.000000 0.000901 0.005305 0.019653 
02:   0.006602 0.000000 0.000879 0.005317 0.019649 
03:   0.006446 0.000000 0.000874 0.005318 0.019650 
04:   0.006469 0.000000 0.000860 0.005296 0.022508 
05:   0.006364 0.000000 0.000861 0.005302 0.025551 
06:   0.006425 0.000000 0.000863 0.005302 0.027921 
07:   0.006313 0.000000 0.000914 0.005323 0.028994 
08:   0.005930 0.000000 0.001049 0.005272 0.030671 
09:   0.005760 0.000000 0.001028 0.005281 0.029526 
10:   0.005600 0.000000 0.001036 0.005267 0.028716 
11:   0.005797 0.000000 0.001022 0.005274 0.026788 
12:   0.005714 0.000000 0.001038 0.005268 0.020795 
13:   0.005684 0.000000 0.001002 0.005270 0.019699 
14:   0.005777 0.000000 0.001020 0.005269 0.019700 
15:   0.005523 0.000000 0.001027 0.005263 0.019699 
iteration  5
00:   0.001603 0.000000 0.000654 0.003207 0.019140 
01:   0.001670 0.000000 0.000650 0.003234 0.019169 
02:   0.001664 0.000000 0.000634 0.003236 0.019149 
03:   0.001634 0.000000 0.000644 0.003219 0.019145 
04:   0.001495 0.000000 0.000650 0.003204 0.021711 
05:   0.001492 0.000000 0.000637 0.003215 0.025086 
06:   0.001625 0.000000 0.000628 0.003212 0.027404 
07:   0.001619 0.000000 0.000735 0.003210 0.028602 
08:   0.001660 0.000000 0.000751 0.003165 0.029917 
09:   0.001656 0.000000 0.000760 0.003172 0.029633 
10:   0.001626 0.000000 0.000729 0.003171 0.028410 
11:   0.001617 0.000000 0.000750 0.003179 0.026432 
12:   0.001612 0.000000 0.000751 0.003171 0.021434 
13:   0.001588 0.000000 0.000743 0.003168 0.019163 
14:   0.001581 0.000000 0.000743 0.003181 0.019163 
15:   0.001487 0.000000 0.000757 0.003187 0.019160 
iteration  6
00:   0.000972 0.000000 0.000579 0.002575 0.019259 
01:   0.000988 0.000000 0.000591 0.002568 0.019256 
02:   0.000936 0.000000 0.000581 0.002614 0.019250 
03:   0.000988 0.000000 0.000578 0.002597 0.019277 
04:   0.000957 0.000000 0.000588 0.002570 0.021751 
05:   0.000973 0.000000 0.000593 0.002553 0.025277 
06:   0.000975 0.000000 0.000569 0.002588 0.027460 
07:   0.001039 0.000000 0.000623 0.002631 0.028599 
08:   0.001144 0.000000 0.000617 0.002533 0.029833 
09:   0.001129 0.000000 0.000610 0.002545 0.029531 
10:   0.001139 0.000000 0.000634 0.002567 0.028471 
11:   0.001119 0.000000 0.000626 0.002528 0.026664 
12:   0.001094 0.000000 0.000664 0.002554 0.020459 
13:   0.001097 0.000000 0.000638 0.002559 0.019404 
14:   0.001073 0.000000 0.000621 0.002605 0.019404 
15:   0.000949 0.000000 0.000645 0.002548 0.019402 
iteration  7
00:   0.000923 0.000000 0.000570 0.001169 0.019327 
01:   0.000898 0.000000 0.000579 0.001180 0.019333 
02:   0.000910 0.000000 0.000582 0.001199 0.019322 
03:   0.000907 0.000000 0.000570 0.001172 0.019306 
04:   0.000922 0.000000 0.000577 0.001181 0.021437 
05:   0.000904 0.000000 0.000575 0.001203 0.025182 
06:   0.000888 0.000000 0.000571 0.001164 0.027457 
07:   0.000980 0.000000 0.000634 0.001217 0.028592 
08:   0.001106 0.000000 0.000589 0.001181 0.029871 
09:   0.001088 0.000000 0.000589 0.001161 0.029562 
10:   0.001081 0.000000 0.000607 0.001158 0.028502 
11:   0.001092 0.000000 0.000585 0.001180 0.026648 
12:   0.001067 0.000000 0.000601 0.001180 0.021519 
13:   0.001084 0.000000 0.000620 0.001176 0.019418 
14:   0.000997 0.000000 0.000611 0.001179 0.019414 
15:   0.000907 0.000000 0.000620 0.001156 0.019408 
/nethome/kalgin/z/mst/run.xeon.sh: line 45: 182385 Killed                  ./turbobust_stub.out $i 16
/nethome/kalgin/z/mst/run.xeon.sh: line 45: 182403 Segmentation fault      (core dumped) ./turbobust_stub.out $i 16
/nethome/kalgin/z/mst/run.xeon.sh: line 60: kill: (182403) - No such process
