threadsCount = 16
loopsCount = 2164
7.578
3.709
threadsCount = 1
loopsCount = 2164
Done
iterationNumber = 0
iterationNumber = 1
iterationNumber = 2
iterationNumber = 3
iterationNumber = 4
iterationNumber = 5
iterationNumber = 6
5.934
8.836
iteration  0
00:   0.207582 0.613277 1.409717 0.015376 0.000000 0.214839 
iteration  1
00:   0.812830 0.159311 0.207483 0.030752 0.000000 0.032458 
iteration  2
00:   0.781854 0.076751 0.050245 0.021183 0.000000 0.009031 
iteration  3
00:   0.747253 0.068293 0.035113 0.016285 0.000000 0.006623 
iteration  4
00:   0.744062 0.067769 0.033894 0.015915 0.000000 0.006493 
iteration  5
00:   0.784392 0.067870 0.033757 0.014132 0.000000 0.006511 
iteration  6
00:   1.413997 0.067908 0.033761 0.005592 0.000000 0.006482 
threadsCount = 2
loopsCount = 2164
Done
iterationNumber = 0
iterationNumber = 1
iterationNumber = 2
iterationNumber = 3
iterationNumber = 4
iterationNumber = 5
iterationNumber = 6
3.259
5.957
iteration  0
00:   0.111807 0.330161 0.974938 0.007911 0.000000 0.113925 
01:   0.112717 0.319300 0.996792 0.007936 0.000000 0.114352 
iteration  1
00:   0.432782 0.085972 0.135867 0.016952 0.000000 0.018102 
01:   0.433619 0.085965 0.133867 0.016996 0.000000 0.017582 
iteration  2
00:   0.421827 0.043801 0.028249 0.011015 0.000000 0.004697 
01:   0.402434 0.043783 0.028512 0.011050 0.000000 0.004797 
iteration  3
00:   0.394736 0.039549 0.018744 0.008227 0.000000 0.003386 
01:   0.402053 0.039549 0.018687 0.008246 0.000000 0.003463 
iteration  4
00:   0.410172 0.039763 0.017887 0.007943 0.000000 0.003301 
01:   0.383394 0.039763 0.017824 0.007961 0.000000 0.003377 
iteration  5
00:   0.679849 0.038725 0.017622 0.007064 0.000000 0.003316 
01:   0.141301 0.038695 0.017606 0.007146 0.000000 0.003392 
iteration  6
00:   1.417806 0.039126 0.017436 0.002793 0.000000 0.003289 
01:   0.004960 0.039090 0.017586 0.002812 0.000000 0.003369 
/nethome/kalgin/z/mst/run.xeon.sh: line 45: 148062 Killed                  ./turbobust_stub.out $i 16
threadsCount = 4
loopsCount = 2164
Done
iterationNumber = 0
iterationNumber = 1
iterationNumber = 2
iterationNumber = 3
iterationNumber = 4
iterationNumber = 5
iterationNumber = 6
2.063
4.289
iteration  0
00:   0.059679 0.189477 0.685670 0.003992 0.000000 0.063877 
01:   0.058863 0.188083 0.696040 0.003991 0.000000 0.063657 
02:   0.057618 0.185858 0.697759 0.003996 0.000000 0.061594 
03:   0.057735 0.181175 0.696811 0.004001 0.000000 0.061344 
iteration  1
00:   0.219859 0.057720 0.091580 0.008646 0.000000 0.010004 
01:   0.223139 0.057745 0.092670 0.008681 0.000000 0.010017 
02:   0.217386 0.057748 0.090622 0.008712 0.000000 0.009593 
03:   0.210839 0.057749 0.090375 0.008705 0.000000 0.009573 
iteration  2
00:   0.210183 0.036103 0.016988 0.005610 0.000000 0.002451 
01:   0.214223 0.036117 0.017623 0.005611 0.000000 0.002538 
02:   0.203554 0.036102 0.017239 0.005631 0.000000 0.002483 
03:   0.202392 0.036104 0.017557 0.005662 0.000000 0.002579 
iteration  3
00:   0.177728 0.034083 0.011030 0.004149 0.000000 0.001814 
01:   0.214451 0.034084 0.010876 0.004164 0.000000 0.001778 
02:   0.188359 0.034082 0.010775 0.004162 0.000000 0.001833 
03:   0.212774 0.034084 0.010639 0.004205 0.000000 0.001848 
iteration  4
00:   0.240325 0.033892 0.010370 0.004040 0.000000 0.001745 
01:   0.165607 0.033891 0.010544 0.004036 0.000000 0.001749 
02:   0.233462 0.033892 0.010458 0.004038 0.000000 0.001772 
03:   0.148019 0.033891 0.010276 0.004055 0.000000 0.001804 
iteration  5
00:   0.138776 0.033906 0.010244 0.003567 0.000000 0.001773 
01:   0.527650 0.033907 0.010267 0.003564 0.000000 0.001758 
02:   0.137260 0.033901 0.010232 0.003554 0.000000 0.001786 
03:   0.002747 0.033881 0.010170 0.003564 0.000000 0.001813 
iteration  6
00:   1.409413 0.033942 0.010367 0.001406 0.000000 0.001741 
01:   0.003227 0.033911 0.010434 0.001437 0.000000 0.001752 
02:   0.003203 0.033920 0.010355 0.001437 0.000000 0.001778 
03:   0.003189 0.033920 0.010307 0.001449 0.000000 0.001807 
/nethome/kalgin/z/mst/run.xeon.sh: line 45: 148079 Killed                  ./turbobust_stub.out $i 16
threadsCount = 8
loopsCount = 2164
Done
iterationNumber = 0
iterationNumber = 1
iterationNumber = 2
iterationNumber = 3
iterationNumber = 4
iterationNumber = 5
iterationNumber = 6
1.291
3.499
iteration  0
00:   0.033655 0.136711 0.513901 0.002089 0.000000 0.037424 
01:   0.033416 0.136600 0.512836 0.002091 0.000000 0.036688 
02:   0.033508 0.136561 0.516181 0.002092 0.000000 0.036780 
03:   0.033200 0.135426 0.514693 0.002092 0.000000 0.037156 
04:   0.033563 0.135166 0.514661 0.002101 0.000000 0.036499 
05:   0.032919 0.134556 0.518136 0.002089 0.000000 0.037097 
06:   0.033705 0.133171 0.516539 0.002091 0.000000 0.036423 
07:   0.034271 0.131526 0.516537 0.002090 0.000000 0.036158 
iteration  1
00:   0.116077 0.049449 0.067799 0.004447 0.000000 0.006048 
01:   0.114408 0.049452 0.065976 0.004449 0.000000 0.005723 
02:   0.114971 0.049442 0.066879 0.004446 0.000000 0.005791 
03:   0.114418 0.049441 0.067742 0.004446 0.000000 0.006035 
04:   0.117343 0.049446 0.065994 0.004445 0.000000 0.005761 
05:   0.118729 0.049470 0.066186 0.004449 0.000000 0.005760 
06:   0.119105 0.049174 0.066607 0.004447 0.000000 0.005702 
07:   0.114304 0.049446 0.066607 0.004426 0.000000 0.005709 
iteration  2
00:   0.114390 0.035546 0.011761 0.002859 0.000000 0.001404 
01:   0.106264 0.035534 0.011879 0.002857 0.000000 0.001398 
02:   0.109065 0.035535 0.011945 0.002856 0.000000 0.001440 
03:   0.115520 0.035554 0.012349 0.002859 0.000000 0.001484 
04:   0.107438 0.035542 0.011819 0.002860 0.000000 0.001427 
05:   0.108115 0.035538 0.011985 0.002862 0.000000 0.001454 
06:   0.108143 0.035539 0.012198 0.002851 0.000000 0.001499 
07:   0.107882 0.035539 0.012009 0.002850 0.000000 0.001464 
iteration  3
00:   0.087709 0.034571 0.008012 0.002137 0.000000 0.001022 
01:   0.099154 0.034570 0.007855 0.002135 0.000000 0.000950 
02:   0.100368 0.034570 0.007895 0.002124 0.000000 0.001005 
03:   0.123388 0.034571 0.007776 0.002115 0.000000 0.000981 
04:   0.094295 0.034571 0.007749 0.002131 0.000000 0.001006 
05:   0.104579 0.034570 0.007846 0.002125 0.000000 0.001016 
06:   0.120819 0.034572 0.007761 0.002125 0.000000 0.001028 
07:   0.104138 0.034568 0.007645 0.002127 0.000000 0.001017 
iteration  4
00:   0.141902 0.034056 0.007699 0.002032 0.000000 0.000983 
01:   0.106489 0.034056 0.007678 0.002031 0.000000 0.000942 
02:   0.104407 0.034056 0.007636 0.002035 0.000000 0.000978 
03:   0.068484 0.034056 0.007687 0.002031 0.000000 0.000970 
04:   0.091304 0.034056 0.007679 0.002025 0.000000 0.000980 
05:   0.150965 0.034057 0.007676 0.002020 0.000000 0.000963 
06:   0.102140 0.034056 0.007593 0.002022 0.000000 0.001002 
07:   0.054206 0.034056 0.007579 0.002027 0.000000 0.001011 
iteration  5
00:   0.136037 0.034196 0.007555 0.001853 0.000000 0.000993 
01:   0.002070 0.034177 0.007533 0.001859 0.000000 0.000935 
02:   0.515323 0.034198 0.007481 0.001854 0.000000 0.000990 
03:   0.009707 0.034180 0.007551 0.001849 0.000000 0.000966 
04:   0.045658 0.034166 0.007523 0.001856 0.000000 0.001004 
05:   0.094132 0.034158 0.007437 0.001858 0.000000 0.000980 
06:   0.002105 0.034132 0.007379 0.001854 0.000000 0.001020 
07:   0.001995 0.034132 0.007487 0.001845 0.000000 0.001025 
iteration  6
00:   1.371139 0.033679 0.007769 0.000749 0.000000 0.000955 
01:   0.002812 0.033611 0.007768 0.000748 0.000000 0.000941 
02:   0.003029 0.033610 0.007737 0.000745 0.000000 0.000940 
03:   0.003022 0.033674 0.007802 0.000747 0.000000 0.000943 
04:   0.002941 0.033653 0.007624 0.000746 0.000000 0.000963 
05:   0.003028 0.033608 0.007736 0.000743 0.000000 0.000947 
06:   0.002941 0.033608 0.007663 0.000749 0.000000 0.000978 
07:   0.002731 0.033606 0.007613 0.000747 0.000000 0.000979 
/nethome/kalgin/z/mst/run.xeon.sh: line 45: 148097 Killed                  ./turbobust_stub.out $i 16
threadsCount = 16
loopsCount = 2164
Done
iterationNumber = 0
iterationNumber = 1
iterationNumber = 2
iterationNumber = 3
iterationNumber = 4
iterationNumber = 5
iterationNumber = 6
0.858
3.935
iteration  0
00:   0.019055 0.109405 0.490374 0.001717 0.000000 0.020924 
01:   0.026975 0.109695 0.437131 0.001710 0.000000 0.021535 
02:   0.018491 0.109812 0.437870 0.001749 0.000000 0.020993 
03:   0.018799 0.109537 0.488108 0.001725 0.000000 0.021061 
04:   0.016772 0.109707 0.438373 0.001769 0.000000 0.020682 
05:   0.018462 0.109604 0.442056 0.001754 0.000000 0.021097 
06:   0.018958 0.108657 0.439637 0.001738 0.000000 0.021529 
07:   0.019248 0.108622 0.489065 0.001782 0.000000 0.021199 
08:   0.017738 0.100763 0.416344 0.001734 0.000000 0.020656 
09:   0.017364 0.100256 0.386090 0.001722 0.000000 0.020196 
10:   0.017840 0.100604 0.419970 0.001730 0.000000 0.020652 
11:   0.017679 0.100230 0.418108 0.001738 0.000000 0.020942 
12:   0.017640 0.100025 0.387246 0.001738 0.000000 0.021093 
13:   0.015683 0.099573 0.414356 0.001713 0.000000 0.019912 
14:   0.016840 0.099101 0.416811 0.001738 0.000000 0.020105 
15:   0.017648 0.098661 0.386786 0.001736 0.000000 0.020101 
iteration  1
00:   0.071172 0.045557 0.064665 0.004642 0.000000 0.003697 
01:   0.075611 0.045556 0.056563 0.004639 0.000000 0.003644 
02:   0.071727 0.045562 0.054424 0.004614 0.000000 0.003425 
03:   0.072646 0.045585 0.062808 0.004646 0.000000 0.003538 
04:   0.070863 0.045542 0.055959 0.004634 0.000000 0.003465 
05:   0.072009 0.045556 0.056850 0.004639 0.000000 0.003575 
06:   0.074487 0.045395 0.056618 0.004637 0.000000 0.003647 
07:   0.073838 0.045565 0.064270 0.004647 0.000000 0.003726 
08:   0.071827 0.045062 0.052473 0.004606 0.000000 0.003016 
09:   0.071504 0.045011 0.049602 0.004599 0.000000 0.003125 
10:   0.074074 0.045087 0.052844 0.004599 0.000000 0.003131 
11:   0.072287 0.045045 0.052686 0.004604 0.000000 0.003069 
12:   0.073264 0.045018 0.049331 0.004609 0.000000 0.003160 
13:   0.072396 0.045034 0.052271 0.004615 0.000000 0.003037 
14:   0.068611 0.044880 0.052227 0.004609 0.000000 0.003093 
15:   0.066736 0.045044 0.049435 0.004601 0.000000 0.003056 
iteration  2
00:   0.073660 0.037696 0.012343 0.002107 0.000000 0.000795 
01:   0.072055 0.037696 0.011508 0.002097 0.000000 0.000793 
02:   0.064314 0.037692 0.011409 0.002143 0.000000 0.000796 
03:   0.070136 0.037695 0.012343 0.002112 0.000000 0.000816 
04:   0.067413 0.037691 0.011307 0.002147 0.000000 0.000797 
05:   0.070779 0.037694 0.011744 0.002106 0.000000 0.000845 
06:   0.071666 0.037695 0.011886 0.002137 0.000000 0.000887 
07:   0.076409 0.037695 0.012431 0.002111 0.000000 0.000821 
08:   0.065121 0.037676 0.008070 0.002135 0.000000 0.000674 
09:   0.067712 0.037678 0.007897 0.002109 0.000000 0.000640 
10:   0.067797 0.037678 0.008169 0.002110 0.000000 0.000683 
11:   0.065935 0.037676 0.008081 0.002110 0.000000 0.000670 
12:   0.068858 0.037683 0.008197 0.002108 0.000000 0.000728 
13:   0.065279 0.037674 0.008160 0.002101 0.000000 0.000691 
14:   0.066673 0.037676 0.008039 0.002134 0.000000 0.000667 
15:   0.065836 0.037679 0.007957 0.002111 0.000000 0.000703 
iteration  3
00:   0.056314 0.037558 0.009892 0.001212 0.000000 0.000615 
01:   0.055961 0.037557 0.009874 0.001179 0.000000 0.000611 
02:   0.059875 0.037558 0.009820 0.001213 0.000000 0.000599 
03:   0.066969 0.037557 0.009910 0.001200 0.000000 0.000591 
04:   0.051238 0.037558 0.009846 0.001212 0.000000 0.000614 
05:   0.077414 0.037559 0.009847 0.001258 0.000000 0.000598 
06:   0.092411 0.037559 0.009762 0.001207 0.000000 0.000594 
07:   0.068523 0.037559 0.009867 0.001213 0.000000 0.000597 
08:   0.062642 0.037558 0.005162 0.001192 0.000000 0.000471 
09:   0.056217 0.037557 0.005124 0.001216 0.000000 0.000469 
10:   0.072064 0.037558 0.005215 0.001231 0.000000 0.000477 
11:   0.060303 0.037557 0.005152 0.001211 0.000000 0.000481 
12:   0.082196 0.037559 0.005168 0.001179 0.000000 0.000479 
13:   0.072767 0.037558 0.005096 0.001190 0.000000 0.000480 
14:   0.061061 0.037557 0.005039 0.001178 0.000000 0.000473 
15:   0.070113 0.037557 0.005092 0.001185 0.000000 0.000494 
iteration  4
00:   0.094738 0.037257 0.009751 0.001107 0.000000 0.000595 
01:   0.091738 0.037257 0.009752 0.001111 0.000000 0.000572 
02:   0.066384 0.037256 0.009714 0.001093 0.000000 0.000569 
03:   0.070932 0.037256 0.009752 0.001109 0.000000 0.000567 
04:   0.062281 0.037256 0.009733 0.001109 0.000000 0.000600 
05:   0.072395 0.037256 0.009686 0.001111 0.000000 0.000566 
06:   0.018162 0.037254 0.009663 0.001088 0.000000 0.000583 
07:   0.069666 0.037257 0.009729 0.001108 0.000000 0.000565 
08:   0.057051 0.037257 0.004979 0.001088 0.000000 0.000449 
09:   0.058322 0.037256 0.005014 0.001076 0.000000 0.000449 
10:   0.097174 0.037257 0.004965 0.001075 0.000000 0.000438 
11:   0.099302 0.037257 0.004955 0.001092 0.000000 0.000443 
12:   0.070717 0.037256 0.004939 0.001083 0.000000 0.000454 
13:   0.059038 0.037256 0.004954 0.001086 0.000000 0.000456 
14:   0.044998 0.037256 0.004894 0.001076 0.000000 0.000454 
15:   0.022506 0.037255 0.004958 0.001082 0.000000 0.000469 
iteration  5
00:   0.100438 0.037851 0.009801 0.000960 0.000000 0.000589 
01:   0.085600 0.037836 0.009759 0.000964 0.000000 0.000585 
02:   0.001199 0.037844 0.009749 0.000952 0.000000 0.000573 
03:   0.001185 0.037848 0.009759 0.000992 0.000000 0.000567 
04:   0.483432 0.037854 0.009747 0.000982 0.000000 0.000589 
05:   0.248149 0.037853 0.009750 0.000946 0.000000 0.000573 
06:   0.011462 0.037845 0.009739 0.000983 0.000000 0.000581 
07:   0.001243 0.037849 0.009681 0.001002 0.000000 0.000572 
08:   0.001062 0.037834 0.005021 0.000935 0.000000 0.000461 
09:   0.059414 0.037828 0.005013 0.000962 0.000000 0.000449 
10:   0.082368 0.037831 0.004968 0.000958 0.000000 0.000452 
11:   0.044017 0.037835 0.004992 0.000950 0.000000 0.000450 
12:   0.000937 0.037833 0.004963 0.000944 0.000000 0.000464 
13:   0.000910 0.037826 0.004955 0.000985 0.000000 0.000462 
14:   0.000956 0.037830 0.004929 0.000956 0.000000 0.000458 
15:   0.001072 0.037834 0.004875 0.000995 0.000000 0.000479 
iteration  6
00:   0.000857 0.037865 0.009761 0.000507 0.000000 0.000582 
01:   2.072125 0.037866 0.009746 0.000509 0.000000 0.000571 
02:   0.001607 0.037815 0.009754 0.000506 0.000000 0.000567 
03:   0.001547 0.037815 0.009751 0.000494 0.000000 0.000566 
04:   0.000845 0.037805 0.009757 0.000511 0.000000 0.000588 
05:   0.000827 0.037751 0.009730 0.000507 0.000000 0.000563 
06:   0.001628 0.037750 0.009672 0.000506 0.000000 0.000573 
07:   0.001637 0.037756 0.009698 0.000495 0.000000 0.000569 
08:   0.001471 0.037804 0.005087 0.000484 0.000000 0.000451 
09:   0.001428 0.037740 0.005082 0.000480 0.000000 0.000452 
10:   0.001478 0.037740 0.005106 0.000483 0.000000 0.000442 
11:   0.001408 0.037762 0.005126 0.000487 0.000000 0.000448 
12:   0.001124 0.037804 0.005054 0.000483 0.000000 0.000451 
13:   0.001097 0.037738 0.005055 0.000484 0.000000 0.000456 
14:   0.001148 0.037737 0.005098 0.000486 0.000000 0.000460 
15:   0.001471 0.037762 0.005048 0.000484 0.000000 0.000469 
/nethome/kalgin/z/mst/run.xeon.sh: line 45: 148115 Killed                  ./turbobust_stub.out $i 16
/nethome/kalgin/z/mst/run.xeon.sh: line 45: 148133 Segmentation fault      (core dumped) ./turbobust_stub.out $i 16
/nethome/kalgin/z/mst/run.xeon.sh: line 60: kill: (148133) - No such process
