threadsCount = 16
loopsCount = 0
7.684
1.499
threadsCount = 1
loopsCount = 0
Done
iterationNumber = 0
iterationNumber = 1
iterationNumber = 2
iterationNumber = 3
iterationNumber = 4
iterationNumber = 5
iterationNumber = 6
iterationNumber = 7
4.813
7.326
iteration  0
00:   0.218942 0.663626 1.356103 0.017690 0.000000 0.231243 
iteration  1
00:   0.854710 0.299585 0.430301 0.042313 0.000000 0.077097 
iteration  2
00:   1.035357 0.126375 0.136423 0.040153 0.000000 0.029394 
iteration  3
00:   0.884183 0.085369 0.065483 0.040456 0.000000 0.013194 
iteration  4
00:   0.088176 0.071983 0.041323 0.037160 0.000000 0.007169 
iteration  5
00:   0.017634 0.068164 0.034902 0.024782 0.000000 0.005612 
iteration  6
00:   0.009829 0.067758 0.033806 0.019607 0.000000 0.005337 
iteration  7
00:   0.008538 0.067755 0.033701 0.010576 0.000000 0.005388 
threadsCount = 2
loopsCount = 0
Done
iterationNumber = 0
iterationNumber = 1
iterationNumber = 2
iterationNumber = 3
iterationNumber = 4
iterationNumber = 5
iterationNumber = 6
iterationNumber = 7
2.626
4.398
iteration  0
00:   0.118851 0.360585 1.041779 0.009211 0.000000 0.119821 
01:   0.114272 0.355620 1.035001 0.008976 0.000000 0.115749 
iteration  1
00:   0.457931 0.163718 0.309059 0.023487 0.000000 0.042722 
01:   0.443167 0.162485 0.304722 0.023058 0.000000 0.040526 
iteration  2
00:   0.555975 0.071853 0.091493 0.021897 0.000000 0.015612 
01:   0.535428 0.071664 0.091898 0.021386 0.000000 0.015164 
iteration  3
00:   0.481663 0.049234 0.040580 0.021325 0.000000 0.007284 
01:   0.471385 0.049267 0.041396 0.020899 0.000000 0.006813 
iteration  4
00:   0.048555 0.042508 0.023662 0.019534 0.000000 0.003766 
01:   0.045312 0.042504 0.022900 0.019097 0.000000 0.004775 
iteration  5
00:   0.009849 0.040403 0.019178 0.012991 0.000000 0.002926 
01:   0.009258 0.040402 0.018342 0.012886 0.000000 0.003349 
iteration  6
00:   0.005427 0.040527 0.017871 0.010083 0.000000 0.002748 
01:   0.005235 0.040528 0.017593 0.010137 0.000000 0.002731 
iteration  7
00:   0.004599 0.040660 0.018377 0.005566 0.000000 0.002875 
01:   0.004623 0.040660 0.017814 0.005375 0.000000 0.002761 
/nethome/kalgin/z/mst/run.xeon.sh: line 45: 64904 Killed                  ./turbobust_stub.out $i 16
threadsCount = 4
loopsCount = 0
Done
iterationNumber = 0
iterationNumber = 1
iterationNumber = 2
iterationNumber = 3
iterationNumber = 4
iterationNumber = 5
iterationNumber = 6
iterationNumber = 7
1.579
2.639
iteration  0
00:   0.062575 0.206295 0.706271 0.004467 0.000000 0.061914 
01:   0.060348 0.202848 0.694083 0.004547 0.000000 0.059714 
02:   0.062612 0.203212 0.706150 0.004545 0.000000 0.060379 
03:   0.060144 0.202966 0.696454 0.004551 0.000000 0.058699 
iteration  1
00:   0.237879 0.099032 0.206057 0.012526 0.000000 0.022668 
01:   0.235920 0.097930 0.197683 0.011912 0.000000 0.021550 
02:   0.238011 0.098217 0.201973 0.011933 0.000000 0.021508 
03:   0.222915 0.097990 0.198106 0.011912 0.000000 0.021429 
iteration  2
00:   0.290727 0.050270 0.053958 0.011321 0.000000 0.008287 
01:   0.276032 0.050057 0.053280 0.011042 0.000000 0.008103 
02:   0.279250 0.050099 0.053645 0.011773 0.000000 0.007974 
03:   0.272292 0.050068 0.053155 0.011054 0.000000 0.008011 
iteration  3
00:   0.255279 0.038590 0.024139 0.011072 0.000000 0.003782 
01:   0.248632 0.038605 0.023456 0.010737 0.000000 0.003692 
02:   0.244584 0.038593 0.023278 0.010768 0.000000 0.003606 
03:   0.245352 0.038615 0.023236 0.010748 0.000000 0.003630 
iteration  4
00:   0.026455 0.035420 0.013843 0.010119 0.000000 0.001943 
01:   0.024984 0.035415 0.013178 0.009654 0.000000 0.001938 
02:   0.024166 0.035414 0.013222 0.009665 0.000000 0.001906 
03:   0.024140 0.035409 0.013309 0.009698 0.000000 0.001933 
iteration  5
00:   0.005687 0.034567 0.010848 0.006633 0.000000 0.001516 
01:   0.005155 0.034568 0.010524 0.006589 0.000000 0.001508 
02:   0.005165 0.034570 0.010551 0.006590 0.000000 0.001508 
03:   0.005192 0.034568 0.010483 0.006583 0.000000 0.001517 
iteration  6
00:   0.003156 0.034108 0.010148 0.005198 0.000000 0.001444 
01:   0.003246 0.034108 0.010144 0.005310 0.000000 0.001444 
02:   0.003152 0.034109 0.010128 0.005294 0.000000 0.001429 
03:   0.003160 0.034108 0.010090 0.005240 0.000000 0.001444 
iteration  7
00:   0.002757 0.033764 0.010263 0.003030 0.000000 0.001454 
01:   0.002876 0.033764 0.010202 0.003030 0.000000 0.001450 
02:   0.002805 0.033764 0.010189 0.003022 0.000000 0.001448 
03:   0.002811 0.033764 0.010173 0.002913 0.000000 0.001445 
/nethome/kalgin/z/mst/run.xeon.sh: line 45: 64921 Killed                  ./turbobust_stub.out $i 16
threadsCount = 8
loopsCount = 0
Done
iterationNumber = 0
iterationNumber = 1
iterationNumber = 2
iterationNumber = 3
iterationNumber = 4
iterationNumber = 5
iterationNumber = 6
iterationNumber = 7
0.895
1.662
iteration  0
00:   0.034892 0.145135 0.425271 0.002455 0.000000 0.034267 
01:   0.034553 0.145211 0.435779 0.002465 0.000000 0.033967 
02:   0.034631 0.145071 0.437872 0.002466 0.000000 0.033310 
03:   0.034757 0.145103 0.439338 0.002468 0.000000 0.033839 
04:   0.034777 0.145147 0.441116 0.002465 0.000000 0.033636 
05:   0.034817 0.145266 0.441186 0.002470 0.000000 0.033727 
06:   0.034608 0.144992 0.441594 0.002468 0.000000 0.033790 
07:   0.034990 0.145033 0.440941 0.002467 0.000000 0.033488 
iteration  1
00:   0.120069 0.074583 0.121476 0.006089 0.000000 0.012585 
01:   0.120315 0.074609 0.122579 0.006097 0.000000 0.012492 
02:   0.120845 0.074570 0.122972 0.006090 0.000000 0.012311 
03:   0.125765 0.074572 0.122719 0.006088 0.000000 0.012254 
04:   0.125939 0.074619 0.123327 0.006090 0.000000 0.012399 
05:   0.125773 0.074618 0.123877 0.006093 0.000000 0.012470 
06:   0.125513 0.074384 0.123620 0.006084 0.000000 0.012419 
07:   0.117184 0.074517 0.123685 0.006078 0.000000 0.012345 
iteration  2
00:   0.151447 0.043343 0.030175 0.005595 0.000000 0.004562 
01:   0.150188 0.043338 0.030388 0.005596 0.000000 0.004545 
02:   0.149630 0.043309 0.030837 0.005594 0.000000 0.004584 
03:   0.148934 0.043328 0.030953 0.005595 0.000000 0.004542 
04:   0.150068 0.043334 0.030951 0.005598 0.000000 0.004548 
05:   0.151373 0.043353 0.031118 0.005600 0.000000 0.004571 
06:   0.149432 0.043111 0.030886 0.005602 0.000000 0.004596 
07:   0.148852 0.043302 0.030488 0.005601 0.000000 0.004501 
iteration  3
00:   0.137248 0.036729 0.014001 0.005423 0.000000 0.002059 
01:   0.135411 0.036715 0.014194 0.005425 0.000000 0.002087 
02:   0.137381 0.036724 0.014243 0.005436 0.000000 0.002066 
03:   0.136818 0.036737 0.014304 0.005437 0.000000 0.002059 
04:   0.134226 0.036726 0.014132 0.005429 0.000000 0.002026 
05:   0.136537 0.036738 0.014232 0.005438 0.000000 0.002050 
06:   0.137787 0.036693 0.014147 0.005438 0.000000 0.002070 
07:   0.135002 0.036734 0.014111 0.005426 0.000000 0.002058 
iteration  4
00:   0.014438 0.034536 0.008689 0.004901 0.000000 0.001020 
01:   0.014461 0.034534 0.009030 0.004899 0.000000 0.001037 
02:   0.014028 0.034528 0.008749 0.004900 0.000000 0.001022 
03:   0.014612 0.034543 0.008781 0.004900 0.000000 0.001001 
04:   0.013848 0.034532 0.008807 0.004901 0.000000 0.001023 
05:   0.013999 0.034527 0.008795 0.004890 0.000000 0.000988 
06:   0.013877 0.034522 0.008785 0.004883 0.000000 0.001026 
07:   0.013979 0.034528 0.008854 0.004899 0.000000 0.001032 
iteration  5
00:   0.003618 0.034583 0.007767 0.003340 0.000000 0.000798 
01:   0.003743 0.034585 0.007816 0.003343 0.000000 0.000810 
02:   0.003559 0.034584 0.007749 0.003336 0.000000 0.000807 
03:   0.003575 0.034583 0.007743 0.003336 0.000000 0.000794 
04:   0.003653 0.034585 0.007768 0.003342 0.000000 0.000801 
05:   0.003491 0.034582 0.007670 0.003343 0.000000 0.000791 
06:   0.003639 0.034583 0.007652 0.003341 0.000000 0.000787 
07:   0.003601 0.034584 0.007743 0.003341 0.000000 0.000810 
iteration  6
00:   0.002700 0.034461 0.007583 0.002754 0.000000 0.000763 
01:   0.002723 0.034461 0.007602 0.002759 0.000000 0.000778 
02:   0.002711 0.034461 0.007632 0.002755 0.000000 0.000779 
03:   0.002580 0.034461 0.007644 0.002763 0.000000 0.000768 
04:   0.002700 0.034462 0.007608 0.002757 0.000000 0.000764 
05:   0.002693 0.034462 0.007535 0.002755 0.000000 0.000774 
06:   0.002712 0.034461 0.007544 0.002753 0.000000 0.000774 
07:   0.002669 0.034461 0.007634 0.002757 0.000000 0.000778 
iteration  7
00:   0.002328 0.034471 0.007687 0.001611 0.000000 0.000769 
01:   0.002450 0.034471 0.007747 0.001617 0.000000 0.000779 
02:   0.002429 0.034471 0.007718 0.001609 0.000000 0.000778 
03:   0.002387 0.034471 0.007712 0.001619 0.000000 0.000770 
04:   0.002433 0.034471 0.007600 0.001607 0.000000 0.000765 
05:   0.002432 0.034470 0.007610 0.001606 0.000000 0.000774 
06:   0.002447 0.034471 0.007520 0.001611 0.000000 0.000767 
07:   0.002354 0.034470 0.007639 0.001610 0.000000 0.000779 
/nethome/kalgin/z/mst/run.xeon.sh: line 45: 64940 Killed                  ./turbobust_stub.out $i 16
threadsCount = 16
loopsCount = 0
Done
iterationNumber = 0
iterationNumber = 1
iterationNumber = 2
iterationNumber = 3
iterationNumber = 4
iterationNumber = 5
iterationNumber = 6
iterationNumber = 7
0.726
1.286
iteration  0
00:   0.019308 0.120367 0.327788 0.001957 0.000000 0.020290 
01:   0.019323 0.120331 0.334160 0.001970 0.000000 0.020517 
02:   0.019447 0.120368 0.304685 0.001961 0.000000 0.020403 
03:   0.018947 0.120459 0.335238 0.001947 0.000000 0.020203 
04:   0.018953 0.120185 0.305143 0.001949 0.000000 0.020488 
05:   0.019010 0.120319 0.307109 0.001944 0.000000 0.020314 
06:   0.018763 0.119964 0.336514 0.001970 0.000000 0.020491 
07:   0.018830 0.120280 0.308772 0.001940 0.000000 0.020559 
08:   0.017672 0.109689 0.292793 0.001960 0.000000 0.017137 
09:   0.017568 0.109470 0.294196 0.001931 0.000000 0.017223 
10:   0.017325 0.109600 0.294226 0.001960 0.000000 0.016926 
11:   0.017443 0.109670 0.294552 0.001993 0.000000 0.017156 
12:   0.017699 0.109736 0.270539 0.001933 0.000000 0.017419 
13:   0.018203 0.109496 0.269464 0.001954 0.000000 0.017143 
14:   0.018024 0.109297 0.268759 0.001937 0.000000 0.017097 
15:   0.018175 0.109486 0.268555 0.001936 0.000000 0.017247 
iteration  1
00:   0.077131 0.061482 0.091495 0.006043 0.000000 0.007571 
01:   0.077809 0.061583 0.091558 0.006036 0.000000 0.007591 
02:   0.079510 0.061552 0.083060 0.006035 0.000000 0.007575 
03:   0.074192 0.061561 0.091815 0.006040 0.000000 0.007577 
04:   0.073194 0.061466 0.083068 0.006035 0.000000 0.007637 
05:   0.073937 0.061582 0.083514 0.006052 0.000000 0.007569 
06:   0.073392 0.061087 0.091848 0.006059 0.000000 0.007514 
07:   0.073277 0.061570 0.083794 0.006062 0.000000 0.007556 
08:   0.068453 0.059227 0.078914 0.006027 0.000000 0.006329 
09:   0.068153 0.059172 0.078735 0.006025 0.000000 0.006348 
10:   0.067596 0.059195 0.078935 0.006025 0.000000 0.006362 
11:   0.069682 0.059236 0.079262 0.006024 0.000000 0.006304 
12:   0.070632 0.059160 0.072755 0.006025 0.000000 0.006334 
13:   0.073444 0.059192 0.072946 0.006034 0.000000 0.006293 
14:   0.070644 0.058720 0.072840 0.006025 0.000000 0.006324 
15:   0.063961 0.059122 0.072750 0.006025 0.000000 0.006367 
iteration  2
00:   0.094082 0.042069 0.022793 0.004976 0.000000 0.002722 
01:   0.092260 0.042062 0.022887 0.004980 0.000000 0.002779 
02:   0.093148 0.042067 0.020703 0.004972 0.000000 0.002758 
03:   0.091405 0.042066 0.022715 0.004972 0.000000 0.002723 
04:   0.091282 0.042055 0.020787 0.004973 0.000000 0.002775 
05:   0.093079 0.042053 0.020976 0.004977 0.000000 0.002797 
06:   0.090782 0.041970 0.022796 0.004976 0.000000 0.002768 
07:   0.090980 0.042041 0.021170 0.004981 0.000000 0.002768 
08:   0.089171 0.041680 0.018776 0.004982 0.000000 0.002356 
09:   0.088234 0.041663 0.018463 0.004977 0.000000 0.002246 
10:   0.089387 0.041683 0.018618 0.004982 0.000000 0.002294 
11:   0.088404 0.041688 0.018738 0.004984 0.000000 0.002315 
12:   0.087195 0.041664 0.017710 0.004983 0.000000 0.002342 
13:   0.087437 0.041677 0.017627 0.004980 0.000000 0.002327 
14:   0.087176 0.041531 0.017453 0.004970 0.000000 0.002306 
15:   0.085834 0.041664 0.017542 0.004979 0.000000 0.002319 
iteration  3
00:   0.084962 0.038001 0.012716 0.003919 0.000000 0.001143 
01:   0.084060 0.038009 0.012835 0.003942 0.000000 0.001190 
02:   0.083587 0.038001 0.011967 0.003951 0.000000 0.001227 
03:   0.082834 0.038003 0.012802 0.003930 0.000000 0.001169 
04:   0.083792 0.037998 0.012051 0.003921 0.000000 0.001207 
05:   0.085664 0.038002 0.012058 0.003923 0.000000 0.001202 
06:   0.084610 0.037995 0.012887 0.003923 0.000000 0.001184 
07:   0.083884 0.038006 0.012154 0.003948 0.000000 0.001197 
08:   0.083131 0.037945 0.008744 0.003950 0.000000 0.000995 
09:   0.079647 0.037939 0.008549 0.003954 0.000000 0.000966 
10:   0.082396 0.037946 0.008662 0.003980 0.000000 0.000986 
11:   0.082209 0.037949 0.008633 0.003958 0.000000 0.000953 
12:   0.083389 0.037942 0.008489 0.003934 0.000000 0.000989 
13:   0.082175 0.037949 0.008451 0.003946 0.000000 0.000976 
14:   0.080976 0.037939 0.008464 0.003986 0.000000 0.000994 
15:   0.079795 0.037941 0.008385 0.003936 0.000000 0.000968 
iteration  4
00:   0.008706 0.037164 0.010104 0.003124 0.000000 0.000599 
01:   0.009420 0.037166 0.010170 0.003103 0.000000 0.000614 
02:   0.009349 0.037164 0.009972 0.003108 0.000000 0.000637 
03:   0.008778 0.037162 0.010148 0.003113 0.000000 0.000620 
04:   0.009006 0.037165 0.009902 0.003112 0.000000 0.000627 
05:   0.008815 0.037163 0.009929 0.003124 0.000000 0.000611 
06:   0.009168 0.037161 0.010117 0.003127 0.000000 0.000610 
07:   0.009103 0.037166 0.009941 0.003111 0.000000 0.000607 
08:   0.008038 0.037157 0.005673 0.003110 0.000000 0.000497 
09:   0.008156 0.037155 0.005664 0.003082 0.000000 0.000497 
10:   0.008271 0.037158 0.005554 0.003096 0.000000 0.000485 
11:   0.007903 0.037156 0.005533 0.003102 0.000000 0.000476 
12:   0.008195 0.037156 0.005624 0.003106 0.000000 0.000491 
13:   0.007713 0.037157 0.005588 0.003105 0.000000 0.000493 
14:   0.008144 0.037157 0.005627 0.003097 0.000000 0.000496 
15:   0.007737 0.037156 0.005591 0.003085 0.000000 0.000481 
iteration  5
00:   0.002070 0.037281 0.009709 0.002265 0.000000 0.000481 
01:   0.002020 0.037282 0.009690 0.002240 0.000000 0.000478 
02:   0.002148 0.037282 0.009712 0.002263 0.000000 0.000493 
03:   0.002044 0.037282 0.009733 0.002220 0.000000 0.000492 
04:   0.002098 0.037281 0.009624 0.002269 0.000000 0.000491 
05:   0.002129 0.037281 0.009623 0.002264 0.000000 0.000482 
06:   0.001918 0.037281 0.009690 0.002222 0.000000 0.000481 
07:   0.001943 0.037282 0.009653 0.002265 0.000000 0.000482 
08:   0.001922 0.037280 0.005102 0.002253 0.000000 0.000382 
09:   0.001928 0.037281 0.005102 0.002214 0.000000 0.000373 
10:   0.001879 0.037280 0.005050 0.002224 0.000000 0.000376 
11:   0.001803 0.037280 0.005043 0.002254 0.000000 0.000372 
12:   0.001970 0.037280 0.005150 0.002220 0.000000 0.000369 
13:   0.001917 0.037280 0.005073 0.002223 0.000000 0.000377 
14:   0.001939 0.037281 0.005047 0.002270 0.000000 0.000383 
15:   0.001892 0.037281 0.004971 0.002255 0.000000 0.000380 
iteration  6
00:   0.001282 0.037479 0.009813 0.001723 0.000000 0.000470 
01:   0.001168 0.037480 0.009761 0.001752 0.000000 0.000462 
02:   0.001233 0.037480 0.009784 0.001725 0.000000 0.000473 
03:   0.001226 0.037480 0.009769 0.001704 0.000000 0.000476 
04:   0.001329 0.037480 0.009761 0.001750 0.000000 0.000474 
05:   0.001386 0.037480 0.009727 0.001741 0.000000 0.000477 
06:   0.001006 0.037480 0.009770 0.001733 0.000000 0.000470 
07:   0.001137 0.037480 0.009740 0.001728 0.000000 0.000461 
08:   0.001119 0.037480 0.005033 0.001708 0.000000 0.000368 
09:   0.001101 0.037480 0.005006 0.001718 0.000000 0.000365 
10:   0.001243 0.037479 0.005029 0.001703 0.000000 0.000369 
11:   0.001214 0.037480 0.005032 0.001705 0.000000 0.000365 
12:   0.001253 0.037479 0.004976 0.001706 0.000000 0.000364 
13:   0.001235 0.037480 0.004979 0.001695 0.000000 0.000373 
14:   0.001283 0.037480 0.004953 0.001736 0.000000 0.000369 
15:   0.001241 0.037479 0.004969 0.001696 0.000000 0.000368 
iteration  7
00:   0.001068 0.037298 0.009678 0.001110 0.000000 0.000456 
01:   0.001001 0.037299 0.009678 0.001099 0.000000 0.000461 
02:   0.000974 0.037298 0.009660 0.001124 0.000000 0.000471 
03:   0.001016 0.037298 0.009653 0.001126 0.000000 0.000477 
04:   0.001116 0.037299 0.009675 0.001133 0.000000 0.000477 
05:   0.001161 0.037299 0.009647 0.001101 0.000000 0.000477 
06:   0.000811 0.037299 0.009605 0.001104 0.000000 0.000465 
07:   0.000839 0.037298 0.009600 0.001121 0.000000 0.000459 
08:   0.000960 0.037299 0.005028 0.001115 0.000000 0.000369 
09:   0.000956 0.037299 0.005005 0.001133 0.000000 0.000368 
10:   0.001047 0.037299 0.004989 0.001133 0.000000 0.000370 
11:   0.001023 0.037299 0.004984 0.001107 0.000000 0.000367 
12:   0.001079 0.037299 0.004961 0.001130 0.000000 0.000362 
13:   0.001056 0.037299 0.004951 0.001163 0.000000 0.000375 
14:   0.001031 0.037299 0.004957 0.001138 0.000000 0.000369 
15:   0.001063 0.037299 0.004978 0.001133 0.000000 0.000374 
/nethome/kalgin/z/mst/run.xeon.sh: line 45: 64958 Killed                  ./turbobust_stub.out $i 16
/nethome/kalgin/z/mst/run.xeon.sh: line 45: 64976 Segmentation fault      (core dumped) ./turbobust_stub.out $i 16
/nethome/kalgin/z/mst/run.xeon.sh: line 60: kill: (64976) - No such process
