threadsCount = 16
loopsCount = 58
15.636
3.249
threadsCount = 1
loopsCount = 58
Done
iterationNumber = 0
iterationNumber = 1
iterationNumber = 2
iterationNumber = 3
iterationNumber = 4
iterationNumber = 5
iterationNumber = 6
iterationNumber = 7
iterationNumber = 8
iterationNumber = 9
10.839
14.680
iteration  0
00:   0.225473 0.663230 1.382843 0.017721 0.000000 0.238734 
iteration  1
00:   0.902585 0.296967 0.435115 0.040642 0.000000 0.075531 
iteration  2
00:   1.024332 0.116728 0.122814 0.031064 0.000000 0.020196 
iteration  3
00:   0.945433 0.076958 0.050300 0.026144 0.000000 0.006030 
iteration  4
00:   0.916975 0.069099 0.036540 0.019646 0.000000 0.003149 
iteration  5
00:   0.911462 0.067866 0.034154 0.017084 0.000000 0.002694 
iteration  6
00:   0.913247 0.067705 0.033790 0.015376 0.000000 0.002620 
iteration  7
00:   0.931979 0.067748 0.033702 0.014790 0.000000 0.002621 
iteration  8
00:   1.236732 0.067812 0.033694 0.021051 0.000000 0.002610 
iteration  9
00:   2.323431 0.067708 0.033771 0.004804 0.000000 0.002649 
threadsCount = 2
loopsCount = 58
Done
iterationNumber = 0
iterationNumber = 1
iterationNumber = 2
iterationNumber = 3
iterationNumber = 4
iterationNumber = 5
iterationNumber = 6
iterationNumber = 7
iterationNumber = 8
iterationNumber = 9
5.602
10.146
iteration  0
00:   0.114339 0.355485 1.017586 0.008968 0.000000 0.114965 
01:   0.115648 0.354893 1.047815 0.008965 0.000000 0.116169 
iteration  1
00:   0.467968 0.156984 0.301496 0.022327 0.000000 0.039169 
01:   0.471684 0.156702 0.306233 0.022371 0.000000 0.038974 
iteration  2
00:   0.533530 0.063971 0.079408 0.016835 0.000000 0.010617 
01:   0.530015 0.064032 0.078958 0.016833 0.000000 0.010396 
iteration  3
00:   0.507604 0.043929 0.028881 0.013428 0.000000 0.003100 
01:   0.499602 0.043909 0.028876 0.013486 0.000000 0.003068 
iteration  4
00:   0.502048 0.040154 0.019930 0.009944 0.000000 0.001585 
01:   0.486050 0.040154 0.019937 0.009942 0.000000 0.001597 
iteration  5
00:   0.496009 0.039289 0.018630 0.008590 0.000000 0.001336 
01:   0.490151 0.039291 0.018632 0.008536 0.000000 0.001357 
iteration  6
00:   0.424860 0.039159 0.017784 0.007658 0.000000 0.001315 
01:   0.558882 0.039160 0.017762 0.007726 0.000000 0.001319 
iteration  7
00:   0.355120 0.039540 0.017848 0.007491 0.000000 0.001305 
01:   0.635900 0.039541 0.017810 0.007493 0.000000 0.001308 
iteration  8
00:   1.243471 0.039198 0.018131 0.010483 0.000000 0.001309 
01:   0.002549 0.039168 0.018123 0.010618 0.000000 0.001312 
iteration  9
00:   2.344144 0.038600 0.018177 0.002432 0.000000 0.001312 
01:   0.002600 0.038567 0.018203 0.002432 0.000000 0.001316 
/nethome/kalgin/z/mst/run.rand.sh: line 47: 36621 Killed                  ./turbobust_stub.out $i 16
threadsCount = 4
loopsCount = 58
Done
iterationNumber = 0
iterationNumber = 1
iterationNumber = 2
iterationNumber = 3
iterationNumber = 4
iterationNumber = 5
iterationNumber = 6
iterationNumber = 7
iterationNumber = 8
iterationNumber = 9
2.979
7.563
iteration  0
00:   0.060714 0.202396 0.683721 0.004498 0.000000 0.058769 
01:   0.059336 0.202083 0.695941 0.004500 0.000000 0.060085 
02:   0.058927 0.202112 0.703834 0.004509 0.000000 0.060444 
03:   0.059804 0.202010 0.703650 0.004494 0.000000 0.060231 
iteration  1
00:   0.244432 0.095061 0.200133 0.011377 0.000000 0.020780 
01:   0.232783 0.094924 0.201218 0.011446 0.000000 0.020974 
02:   0.226479 0.094860 0.202370 0.011450 0.000000 0.020917 
03:   0.222382 0.094812 0.202431 0.011410 0.000000 0.020962 
iteration  2
00:   0.270444 0.046323 0.051425 0.008526 0.000000 0.005776 
01:   0.269014 0.046374 0.051064 0.008508 0.000000 0.005714 
02:   0.265574 0.046348 0.051158 0.008607 0.000000 0.005668 
03:   0.263616 0.046348 0.050988 0.008583 0.000000 0.005682 
iteration  3
00:   0.251731 0.036040 0.017897 0.006798 0.000000 0.001647 
01:   0.248561 0.036029 0.017794 0.006822 0.000000 0.001668 
02:   0.245207 0.036029 0.017877 0.006855 0.000000 0.001667 
03:   0.244751 0.036025 0.017613 0.006844 0.000000 0.001620 
iteration  4
00:   0.237527 0.034184 0.011468 0.005005 0.000000 0.000807 
01:   0.251287 0.034186 0.011235 0.005023 0.000000 0.000789 
02:   0.244875 0.034188 0.011292 0.005040 0.000000 0.000804 
03:   0.226918 0.034183 0.011343 0.005041 0.000000 0.000803 
iteration  5
00:   0.263950 0.033991 0.010420 0.004172 0.000000 0.000667 
01:   0.216486 0.033989 0.010419 0.004303 0.000000 0.000670 
02:   0.245962 0.033990 0.010365 0.004307 0.000000 0.000676 
03:   0.228358 0.033990 0.010377 0.004305 0.000000 0.000674 
iteration  6
00:   0.176887 0.033588 0.010084 0.003926 0.000000 0.000656 
01:   0.235798 0.033589 0.010073 0.003917 0.000000 0.000656 
02:   0.284977 0.033590 0.010145 0.003923 0.000000 0.000658 
03:   0.255217 0.033589 0.010075 0.003919 0.000000 0.000653 
iteration  7
00:   0.095281 0.033745 0.010201 0.003754 0.000000 0.000653 
01:   0.246332 0.033739 0.010310 0.003589 0.000000 0.000652 
02:   0.608205 0.033747 0.010244 0.003860 0.000000 0.000652 
03:   0.001229 0.033720 0.010152 0.003798 0.000000 0.000652 
iteration  8
00:   0.001912 0.033685 0.010196 0.005318 0.000000 0.000654 
01:   1.234645 0.033686 0.010294 0.005276 0.000000 0.000652 
02:   0.001904 0.033657 0.010137 0.005379 0.000000 0.000652 
03:   0.001847 0.033656 0.010174 0.005252 0.000000 0.000652 
iteration  9
00:   0.002090 0.033715 0.010820 0.001231 0.000000 0.000659 
01:   2.299723 0.033716 0.010663 0.001257 0.000000 0.000656 
02:   0.002073 0.033688 0.010810 0.001259 0.000000 0.000655 
03:   0.002078 0.033688 0.010578 0.001261 0.000000 0.000657 
/nethome/kalgin/z/mst/run.rand.sh: line 47: 36638 Killed                  ./turbobust_stub.out $i 16
threadsCount = 8
loopsCount = 58
Done
iterationNumber = 0
iterationNumber = 1
iterationNumber = 2
iterationNumber = 3
iterationNumber = 4
iterationNumber = 5
iterationNumber = 6
iterationNumber = 7
iterationNumber = 8
iterationNumber = 9
2.036
5.935
iteration  0
00:   0.033740 0.145178 0.435864 0.002381 0.000000 0.034070 
01:   0.033519 0.145188 0.444527 0.002383 0.000000 0.033805 
02:   0.033505 0.145057 0.446315 0.002382 0.000000 0.034022 
03:   0.033799 0.145057 0.446510 0.002382 0.000000 0.034117 
04:   0.034019 0.145149 0.447817 0.002385 0.000000 0.034009 
05:   0.033027 0.145184 0.450414 0.002384 0.000000 0.034140 
06:   0.033866 0.145051 0.449548 0.002382 0.000000 0.034044 
07:   0.034497 0.145039 0.450105 0.002382 0.000000 0.033727 
iteration  1
00:   0.129510 0.074135 0.130934 0.005878 0.000000 0.012088 
01:   0.122747 0.074090 0.130577 0.005871 0.000000 0.012002 
02:   0.123393 0.074077 0.131945 0.005879 0.000000 0.012123 
03:   0.127819 0.074084 0.131448 0.005884 0.000000 0.012105 
04:   0.128369 0.074044 0.131279 0.005872 0.000000 0.012051 
05:   0.132560 0.074067 0.132001 0.005881 0.000000 0.012032 
06:   0.129355 0.073782 0.131804 0.005883 0.000000 0.012085 
07:   0.116780 0.073993 0.132164 0.005872 0.000000 0.012079 
iteration  2
00:   0.143428 0.041567 0.034440 0.004425 0.000000 0.003423 
01:   0.140163 0.041569 0.033870 0.004424 0.000000 0.003396 
02:   0.141928 0.041607 0.034001 0.004426 0.000000 0.003432 
03:   0.141471 0.041582 0.033952 0.004426 0.000000 0.003304 
04:   0.141312 0.041572 0.033925 0.004407 0.000000 0.003359 
05:   0.141757 0.041590 0.033762 0.004426 0.000000 0.003325 
06:   0.141120 0.041425 0.033814 0.004407 0.000000 0.003379 
07:   0.138852 0.041560 0.033772 0.004425 0.000000 0.003326 
iteration  3
00:   0.132715 0.035363 0.011961 0.003493 0.000000 0.000951 
01:   0.132380 0.035353 0.011765 0.003488 0.000000 0.000939 
02:   0.133124 0.035358 0.011818 0.003488 0.000000 0.000945 
03:   0.127803 0.035353 0.011881 0.003489 0.000000 0.000958 
04:   0.130510 0.035361 0.011804 0.003489 0.000000 0.000962 
05:   0.128454 0.035356 0.011703 0.003490 0.000000 0.000944 
06:   0.130381 0.035347 0.011847 0.003491 0.000000 0.000948 
07:   0.129644 0.035355 0.011568 0.003490 0.000000 0.000925 
iteration  4
00:   0.124432 0.034457 0.008112 0.002622 0.000000 0.000421 
01:   0.126313 0.034456 0.008087 0.002618 0.000000 0.000404 
02:   0.126055 0.034453 0.008032 0.002623 0.000000 0.000408 
03:   0.137918 0.034460 0.008019 0.002620 0.000000 0.000406 
04:   0.132694 0.034461 0.008039 0.002621 0.000000 0.000415 
05:   0.125289 0.034456 0.008047 0.002616 0.000000 0.000404 
06:   0.124190 0.034456 0.007951 0.002619 0.000000 0.000408 
07:   0.116883 0.034456 0.008086 0.002622 0.000000 0.000421 
iteration  5
00:   0.157582 0.034183 0.007672 0.002194 0.000000 0.000338 
01:   0.118929 0.034182 0.007715 0.002198 0.000000 0.000340 
02:   0.111540 0.034181 0.007668 0.002191 0.000000 0.000340 
03:   0.116588 0.034183 0.007668 0.002193 0.000000 0.000336 
04:   0.135076 0.034182 0.007708 0.002197 0.000000 0.000346 
05:   0.123528 0.034183 0.007652 0.002194 0.000000 0.000341 
06:   0.114141 0.034182 0.007562 0.002194 0.000000 0.000342 
07:   0.128354 0.034182 0.007573 0.002193 0.000000 0.000345 
iteration  6
00:   0.070691 0.034933 0.007755 0.002053 0.000000 0.000330 
01:   0.114932 0.034933 0.007723 0.002052 0.000000 0.000327 
02:   0.171215 0.034934 0.007706 0.002043 0.000000 0.000327 
03:   0.072976 0.034933 0.007764 0.002054 0.000000 0.000330 
04:   0.174252 0.034934 0.007731 0.002049 0.000000 0.000330 
05:   0.122677 0.034933 0.007600 0.002055 0.000000 0.000331 
06:   0.154991 0.034933 0.007557 0.002039 0.000000 0.000327 
07:   0.112994 0.034933 0.007631 0.002019 0.000000 0.000332 
iteration  7
00:   0.098031 0.033995 0.007643 0.001924 0.000000 0.000330 
01:   0.001168 0.033953 0.007617 0.001925 0.000000 0.000329 
02:   0.111913 0.033992 0.007623 0.001938 0.000000 0.000330 
03:   0.143000 0.033994 0.007597 0.001934 0.000000 0.000330 
04:   0.137184 0.033998 0.007603 0.001938 0.000000 0.000329 
05:   0.480221 0.033999 0.007526 0.001939 0.000000 0.000329 
06:   0.001147 0.033953 0.007454 0.001933 0.000000 0.000329 
07:   0.001176 0.033952 0.007510 0.001937 0.000000 0.000334 
iteration  8
00:   0.001964 0.033901 0.007803 0.002705 0.000000 0.000330 
01:   0.001987 0.033851 0.007750 0.002705 0.000000 0.000329 
02:   0.994398 0.033903 0.007745 0.002702 0.000000 0.000329 
03:   0.235905 0.033850 0.007736 0.002691 0.000000 0.000329 
04:   0.001947 0.033840 0.007797 0.002691 0.000000 0.000329 
05:   0.001982 0.033786 0.007655 0.002699 0.000000 0.000330 
06:   0.001976 0.033785 0.007643 0.002702 0.000000 0.000329 
07:   0.001967 0.033784 0.007614 0.002704 0.000000 0.000333 
iteration  9
00:   0.002135 0.033538 0.007898 0.000656 0.000000 0.000334 
01:   0.002124 0.033488 0.007747 0.000653 0.000000 0.000332 
02:   0.002131 0.033487 0.007830 0.000653 0.000000 0.000331 
03:   2.261542 0.033542 0.007818 0.000653 0.000000 0.000330 
04:   0.002072 0.033478 0.007728 0.000653 0.000000 0.000332 
05:   0.002101 0.033425 0.007781 0.000654 0.000000 0.000332 
06:   0.002147 0.033424 0.007710 0.000654 0.000000 0.000334 
07:   0.002115 0.033423 0.007712 0.000657 0.000000 0.000340 
/nethome/kalgin/z/mst/run.rand.sh: line 47: 36657 Killed                  ./turbobust_stub.out $i 16
threadsCount = 16
loopsCount = 58
Done
iterationNumber = 0
iterationNumber = 1
iterationNumber = 2
iterationNumber = 3
iterationNumber = 4
iterationNumber = 5
iterationNumber = 6
iterationNumber = 7
iterationNumber = 8
iterationNumber = 9
1.255
7.164
iteration  0
00:   0.022188 0.123555 0.339456 0.001983 0.000000 0.019847 
01:   0.021051 0.123585 0.315884 0.001973 0.000000 0.019742 
02:   0.020402 0.123707 0.347751 0.001976 0.000000 0.019402 
03:   0.019765 0.123566 0.349067 0.001963 0.000000 0.019622 
04:   0.020196 0.123480 0.349829 0.001969 0.000000 0.019589 
05:   0.020187 0.123585 0.349443 0.001978 0.000000 0.019569 
06:   0.020306 0.123078 0.348697 0.001986 0.000000 0.019816 
07:   0.019922 0.123547 0.348559 0.001981 0.000000 0.019440 
08:   0.018108 0.112122 0.303059 0.001966 0.000000 0.018969 
09:   0.018254 0.111876 0.303111 0.001968 0.000000 0.019099 
10:   0.018236 0.112052 0.303920 0.001965 0.000000 0.018861 
11:   0.018022 0.112067 0.303051 0.001966 0.000000 0.019046 
12:   0.018483 0.112126 0.303379 0.001965 0.000000 0.018870 
13:   0.017854 0.112038 0.302458 0.001979 0.000000 0.018424 
14:   0.018192 0.111780 0.303024 0.001965 0.000000 0.018651 
15:   0.018059 0.111855 0.302537 0.001963 0.000000 0.018664 
iteration  1
00:   0.081914 0.061070 0.101604 0.005955 0.000000 0.006728 
01:   0.082176 0.061041 0.091657 0.005950 0.000000 0.006779 
02:   0.076955 0.061019 0.101177 0.005971 0.000000 0.006714 
03:   0.077753 0.061135 0.101195 0.005994 0.000000 0.006678 
04:   0.077539 0.061026 0.101769 0.005967 0.000000 0.006746 
05:   0.077744 0.061030 0.102453 0.005937 0.000000 0.006801 
06:   0.076673 0.060673 0.101526 0.005922 0.000000 0.006771 
07:   0.075720 0.061049 0.101452 0.005978 0.000000 0.006735 
08:   0.078553 0.058790 0.085797 0.005912 0.000000 0.006636 
09:   0.078499 0.058751 0.086401 0.005914 0.000000 0.006746 
10:   0.078248 0.058835 0.086347 0.005948 0.000000 0.006658 
11:   0.078740 0.058789 0.086269 0.005946 0.000000 0.006659 
12:   0.078577 0.058654 0.086206 0.005912 0.000000 0.006610 
13:   0.077540 0.058809 0.085841 0.005921 0.000000 0.006495 
14:   0.074177 0.058365 0.086641 0.005934 0.000000 0.006651 
15:   0.068931 0.058758 0.085696 0.005948 0.000000 0.006595 
iteration  2
00:   0.089629 0.041049 0.027744 0.004205 0.000000 0.001822 
01:   0.091405 0.041061 0.025012 0.004239 0.000000 0.001877 
02:   0.089556 0.041052 0.027831 0.004227 0.000000 0.001829 
03:   0.088593 0.041042 0.027718 0.004185 0.000000 0.001841 
04:   0.089906 0.041066 0.027894 0.004158 0.000000 0.001849 
05:   0.091377 0.041077 0.027893 0.004220 0.000000 0.001871 
06:   0.089317 0.041003 0.027616 0.004241 0.000000 0.001824 
07:   0.089174 0.041040 0.027626 0.004216 0.000000 0.001777 
08:   0.086116 0.040815 0.022129 0.004201 0.000000 0.001792 
09:   0.087635 0.040807 0.022380 0.004168 0.000000 0.001794 
10:   0.087264 0.040823 0.022118 0.004155 0.000000 0.001764 
11:   0.087217 0.040792 0.022240 0.004161 0.000000 0.001777 
12:   0.087550 0.040792 0.022101 0.004164 0.000000 0.001770 
13:   0.087267 0.040808 0.022124 0.004153 0.000000 0.001771 
14:   0.086362 0.040728 0.022218 0.004177 0.000000 0.001784 
15:   0.084037 0.040802 0.021949 0.004174 0.000000 0.001726 
iteration  3
00:   0.088548 0.039012 0.011940 0.002449 0.000000 0.000444 
01:   0.091968 0.039017 0.010987 0.002391 0.000000 0.000448 
02:   0.091187 0.039016 0.011875 0.002422 0.000000 0.000416 
03:   0.089881 0.039010 0.012025 0.002385 0.000000 0.000456 
04:   0.090454 0.039010 0.011846 0.002440 0.000000 0.000434 
05:   0.092465 0.039016 0.012052 0.002358 0.000000 0.000446 
06:   0.090200 0.039010 0.011966 0.002375 0.000000 0.000450 
07:   0.085253 0.039005 0.011960 0.002371 0.000000 0.000452 
08:   0.087732 0.039000 0.007492 0.002386 0.000000 0.000480 
09:   0.088331 0.038997 0.007416 0.002371 0.000000 0.000458 
10:   0.087107 0.038998 0.007396 0.002393 0.000000 0.000442 
11:   0.086693 0.038996 0.007387 0.002372 0.000000 0.000481 
12:   0.087763 0.038998 0.007362 0.002361 0.000000 0.000460 
13:   0.088727 0.038996 0.007360 0.002360 0.000000 0.000453 
14:   0.089049 0.038996 0.007355 0.002404 0.000000 0.000443 
15:   0.084704 0.038999 0.007186 0.002365 0.000000 0.000432 
iteration  4
00:   0.080721 0.037108 0.009963 0.001570 0.000000 0.000202 
01:   0.082452 0.037109 0.009881 0.001578 0.000000 0.000218 
02:   0.079681 0.037109 0.009925 0.001536 0.000000 0.000202 
03:   0.086826 0.037110 0.009940 0.001529 0.000000 0.000202 
04:   0.078859 0.037108 0.009942 0.001540 0.000000 0.000209 
05:   0.088014 0.037108 0.009905 0.001557 0.000000 0.000198 
06:   0.090633 0.037110 0.009962 0.001538 0.000000 0.000203 
07:   0.093064 0.037109 0.009954 0.001552 0.000000 0.000199 
08:   0.090014 0.037108 0.005239 0.001556 0.000000 0.000209 
09:   0.084056 0.037107 0.005264 0.001576 0.000000 0.000217 
10:   0.077024 0.037107 0.005224 0.001525 0.000000 0.000204 
11:   0.087162 0.037108 0.005261 0.001524 0.000000 0.000207 
12:   0.081487 0.037107 0.005223 0.001545 0.000000 0.000202 
13:   0.081408 0.037107 0.005204 0.001518 0.000000 0.000206 
14:   0.079415 0.037107 0.005226 0.001521 0.000000 0.000206 
15:   0.072105 0.037106 0.005207 0.001518 0.000000 0.000211 
iteration  5
00:   0.077559 0.037068 0.009808 0.001199 0.000000 0.000164 
01:   0.128890 0.037068 0.009798 0.001186 0.000000 0.000170 
02:   0.078475 0.037068 0.009821 0.001154 0.000000 0.000168 
03:   0.075939 0.037068 0.009817 0.001155 0.000000 0.000166 
04:   0.081466 0.037067 0.009819 0.001174 0.000000 0.000172 
05:   0.063849 0.037068 0.009790 0.001173 0.000000 0.000168 
06:   0.069785 0.037067 0.009768 0.001182 0.000000 0.000168 
07:   0.082357 0.037068 0.009813 0.001202 0.000000 0.000164 
08:   0.074726 0.037068 0.005029 0.001148 0.000000 0.000170 
09:   0.099522 0.037068 0.005034 0.001150 0.000000 0.000170 
10:   0.075490 0.037068 0.004995 0.001166 0.000000 0.000167 
11:   0.083810 0.037067 0.004994 0.001180 0.000000 0.000169 
12:   0.074275 0.037067 0.004954 0.001158 0.000000 0.000169 
13:   0.072382 0.037066 0.004967 0.001149 0.000000 0.000167 
14:   0.072782 0.037066 0.004996 0.001175 0.000000 0.000168 
15:   0.090964 0.037068 0.004968 0.001150 0.000000 0.000167 
iteration  6
00:   0.015483 0.037128 0.009767 0.001044 0.000000 0.000166 
01:   0.075928 0.037128 0.009750 0.001102 0.000000 0.000164 
02:   0.105355 0.037129 0.009718 0.001064 0.000000 0.000162 
03:   0.044989 0.037128 0.009744 0.001069 0.000000 0.000162 
04:   0.146093 0.037130 0.009769 0.001048 0.000000 0.000164 
05:   0.083120 0.037129 0.009667 0.001059 0.000000 0.000163 
06:   0.072881 0.037129 0.009743 0.001096 0.000000 0.000164 
07:   0.022497 0.037128 0.009720 0.001047 0.000000 0.000163 
08:   0.122442 0.037129 0.005052 0.001070 0.000000 0.000163 
09:   0.107617 0.037129 0.005000 0.001088 0.000000 0.000162 
10:   0.054429 0.037129 0.004968 0.001038 0.000000 0.000164 
11:   0.105224 0.037129 0.005013 0.001100 0.000000 0.000166 
12:   0.126597 0.037129 0.004962 0.001080 0.000000 0.000162 
13:   0.077274 0.037129 0.004972 0.001073 0.000000 0.000162 
14:   0.090442 0.037128 0.004937 0.001045 0.000000 0.000162 
15:   0.054675 0.037128 0.004946 0.001052 0.000000 0.000162 
iteration  7
00:   0.000288 0.037066 0.009730 0.000970 0.000000 0.000162 
01:   0.129199 0.037051 0.009714 0.000987 0.000000 0.000163 
02:   0.000286 0.037051 0.009631 0.001022 0.000000 0.000162 
03:   0.000289 0.037052 0.009737 0.000985 0.000000 0.000162 
04:   0.118245 0.037031 0.009693 0.000998 0.000000 0.000162 
05:   0.033036 0.037027 0.009721 0.001004 0.000000 0.000163 
06:   0.125110 0.037030 0.009692 0.000966 0.000000 0.000162 
07:   0.068729 0.037030 0.009704 0.001006 0.000000 0.000163 
08:   0.091543 0.037074 0.005063 0.000993 0.000000 0.000162 
09:   0.090916 0.037033 0.005031 0.000988 0.000000 0.000162 
10:   0.222804 0.037076 0.004981 0.000991 0.000000 0.000162 
11:   0.433001 0.037077 0.004982 0.001023 0.000000 0.000162 
12:   0.000359 0.037048 0.004946 0.000975 0.000000 0.000162 
13:   0.000383 0.037037 0.004922 0.001016 0.000000 0.000162 
14:   0.000377 0.037040 0.004881 0.000990 0.000000 0.000162 
15:   0.000373 0.037045 0.004909 0.001019 0.000000 0.000162 
iteration  8
00:   0.000393 0.038267 0.009901 0.001663 0.000000 0.000165 
01:   0.000345 0.038226 0.009846 0.001666 0.000000 0.000165 
02:   0.000370 0.038225 0.009885 0.001663 0.000000 0.000165 
03:   0.000411 0.038223 0.009876 0.001667 0.000000 0.000165 
04:   0.000358 0.038269 0.009877 0.001652 0.000000 0.000165 
05:   1.446832 0.038270 0.009886 0.001662 0.000000 0.000166 
06:   0.000359 0.038223 0.009862 0.001663 0.000000 0.000165 
07:   0.323791 0.038223 0.009873 0.001648 0.000000 0.000166 
08:   0.000684 0.038213 0.005056 0.001538 0.000000 0.000187 
09:   0.000684 0.038207 0.005060 0.001527 0.000000 0.000187 
10:   0.000714 0.038210 0.004997 0.001530 0.000000 0.000187 
11:   0.000667 0.038173 0.005025 0.001530 0.000000 0.000187 
12:   0.000673 0.038213 0.005031 0.001530 0.000000 0.000187 
13:   0.000727 0.038173 0.004966 0.001526 0.000000 0.000187 
14:   0.000715 0.038172 0.005021 0.001525 0.000000 0.000187 
15:   0.000720 0.038170 0.005034 0.001524 0.000000 0.000188 
iteration  9
00:   0.000499 0.038089 0.009676 0.000476 0.000000 0.000166 
01:   0.000492 0.038045 0.009680 0.000507 0.000000 0.000162 
02:   0.000481 0.038045 0.009635 0.000483 0.000000 0.000165 
03:   0.000499 0.038045 0.009665 0.000471 0.000000 0.000165 
04:   0.000413 0.038091 0.009703 0.000461 0.000000 0.000170 
05:   0.000431 0.038046 0.009670 0.000460 0.000000 0.000165 
06:   0.000419 0.038044 0.009668 0.000496 0.000000 0.000162 
07:   3.509892 0.038096 0.009605 0.000459 0.000000 0.000163 
08:   0.000699 0.038023 0.005175 0.000465 0.000000 0.000163 
09:   0.000799 0.037976 0.005132 0.000461 0.000000 0.000165 
10:   0.000783 0.037975 0.005142 0.000464 0.000000 0.000162 
11:   0.000725 0.037974 0.005122 0.000462 0.000000 0.000165 
12:   0.000755 0.038038 0.005126 0.000491 0.000000 0.000162 
13:   0.000782 0.037973 0.005123 0.000474 0.000000 0.000162 
14:   0.000805 0.037972 0.005044 0.000466 0.000000 0.000162 
15:   0.000755 0.038003 0.005107 0.000457 0.000000 0.000162 
/nethome/kalgin/z/mst/run.rand.sh: line 47: 36675 Killed                  ./turbobust_stub.out $i 16
/nethome/kalgin/z/mst/run.rand.sh: line 47: 36694 Segmentation fault      (core dumped) ./turbobust_stub.out $i 16
/nethome/kalgin/z/mst/run.rand.sh: line 62: kill: (36694) - No such process
ls: cannot access /tmp/data.bin: No such file or directory
ls: cannot access /tmp/data.bin: No such file or directory
