threadsCount = 16
loopsCount = 60
15.713
3.301
threadsCount = 1
loopsCount = 60
Done
iterationNumber = 0
iterationNumber = 1
iterationNumber = 2
iterationNumber = 3
iterationNumber = 4
iterationNumber = 5
iterationNumber = 6
iterationNumber = 7
iterationNumber = 8
10.833
13.383
iteration  0
00:   0.218177 0.662974 1.365843 0.017545 0.000000 0.232037 
iteration  1
00:   0.889342 0.297066 0.430537 0.040440 0.000000 0.073057 
iteration  2
00:   1.027022 0.116474 0.122206 0.031139 0.000000 0.019594 
iteration  3
00:   0.954172 0.076679 0.050174 0.026391 0.000000 0.005891 
iteration  4
00:   0.922985 0.068962 0.036422 0.019975 0.000000 0.003114 
iteration  5
00:   0.919421 0.067713 0.034217 0.016689 0.000000 0.002679 
iteration  6
00:   0.923100 0.067539 0.033856 0.015816 0.000000 0.002610 
iteration  7
00:   0.981396 0.067593 0.033727 0.012958 0.000000 0.002605 
iteration  8
00:   2.362657 0.067672 0.033766 0.004806 0.000000 0.002640 
threadsCount = 2
loopsCount = 60
Done
iterationNumber = 0
iterationNumber = 1
iterationNumber = 2
iterationNumber = 3
iterationNumber = 4
iterationNumber = 5
iterationNumber = 6
iterationNumber = 7
iterationNumber = 8
5.601
8.912
iteration  0
00:   0.112148 0.354591 1.010962 0.008849 0.000000 0.115915 
01:   0.115324 0.354079 1.044635 0.008840 0.000000 0.117445 
iteration  1
00:   0.455992 0.156474 0.298259 0.022050 0.000000 0.039292 
01:   0.473166 0.156409 0.305548 0.022070 0.000000 0.039470 
iteration  2
00:   0.523801 0.063987 0.078523 0.016629 0.000000 0.010549 
01:   0.529824 0.063971 0.079258 0.016650 0.000000 0.010592 
iteration  3
00:   0.486687 0.043441 0.028948 0.013113 0.000000 0.003085 
01:   0.496408 0.043452 0.029015 0.013165 0.000000 0.003113 
iteration  4
00:   0.471235 0.039647 0.019649 0.009922 0.000000 0.001546 
01:   0.486128 0.039642 0.019722 0.009948 0.000000 0.001580 
iteration  5
00:   0.454514 0.039013 0.018093 0.008377 0.000000 0.001339 
01:   0.499581 0.039014 0.018019 0.008371 0.000000 0.001325 
iteration  6
00:   0.590670 0.039021 0.018035 0.007943 0.000000 0.001302 
01:   0.360883 0.039019 0.017947 0.007915 0.000000 0.001300 
iteration  7
00:   0.697692 0.038525 0.018305 0.006533 0.000000 0.001306 
01:   0.307423 0.038495 0.018305 0.006777 0.000000 0.001304 
iteration  8
00:   2.363876 0.038759 0.018439 0.002441 0.000000 0.001303 
01:   0.002498 0.038726 0.018443 0.002442 0.000000 0.001300 
/nethome/kalgin/z/mst/run.rand.sh: line 47: 159902 Killed                  ./turbobust_stub.out $i 16
threadsCount = 4
loopsCount = 60
Done
iterationNumber = 0
iterationNumber = 1
iterationNumber = 2
iterationNumber = 3
iterationNumber = 4
iterationNumber = 5
iterationNumber = 6
iterationNumber = 7
iterationNumber = 8
3.044
6.296
iteration  0
00:   0.060902 0.201024 0.679987 0.004522 0.000000 0.057289 
01:   0.059917 0.200763 0.699568 0.004526 0.000000 0.057909 
02:   0.061977 0.200911 0.702903 0.004522 0.000000 0.058281 
03:   0.060914 0.200722 0.702211 0.004522 0.000000 0.057861 
iteration  1
00:   0.245530 0.094498 0.198458 0.011366 0.000000 0.020196 
01:   0.243979 0.094562 0.201428 0.011405 0.000000 0.020349 
02:   0.256101 0.094515 0.202553 0.011393 0.000000 0.020517 
03:   0.235988 0.094436 0.201578 0.011435 0.000000 0.020345 
iteration  2
00:   0.272704 0.046696 0.050901 0.008555 0.000000 0.005612 
01:   0.273679 0.046690 0.051021 0.008619 0.000000 0.005559 
02:   0.276635 0.046737 0.051346 0.008599 0.000000 0.005589 
03:   0.269066 0.046707 0.051324 0.008632 0.000000 0.005588 
iteration  3
00:   0.256815 0.036364 0.017730 0.006740 0.000000 0.001625 
01:   0.256916 0.036360 0.017653 0.006768 0.000000 0.001599 
02:   0.258720 0.036369 0.017816 0.006802 0.000000 0.001623 
03:   0.260317 0.036372 0.017817 0.006785 0.000000 0.001648 
iteration  4
00:   0.255437 0.034079 0.011453 0.005069 0.000000 0.000780 
01:   0.245108 0.034075 0.011554 0.005121 0.000000 0.000798 
02:   0.253388 0.034072 0.011685 0.005110 0.000000 0.000802 
03:   0.258164 0.034079 0.011467 0.005096 0.000000 0.000816 
iteration  5
00:   0.218396 0.033727 0.010020 0.004105 0.000000 0.000683 
01:   0.263717 0.033729 0.010042 0.004207 0.000000 0.000676 
02:   0.252212 0.033729 0.010094 0.004213 0.000000 0.000669 
03:   0.273363 0.033727 0.010114 0.004167 0.000000 0.000674 
iteration  6
00:   0.335500 0.033413 0.009978 0.004005 0.000000 0.000657 
01:   0.288640 0.033412 0.009993 0.003992 0.000000 0.000655 
02:   0.183231 0.033412 0.010040 0.003997 0.000000 0.000655 
03:   0.196665 0.033412 0.009937 0.003997 0.000000 0.000655 
iteration  7
00:   0.482801 0.033907 0.010139 0.003202 0.000000 0.000658 
01:   0.240475 0.033906 0.010116 0.003271 0.000000 0.000655 
02:   0.301423 0.033907 0.010194 0.003211 0.000000 0.000654 
03:   0.016744 0.033899 0.010139 0.003212 0.000000 0.000657 
iteration  8
00:   2.356894 0.033902 0.010012 0.001233 0.000000 0.000659 
01:   0.002179 0.033861 0.010048 0.001232 0.000000 0.000657 
02:   0.002150 0.033861 0.009987 0.001242 0.000000 0.000657 
03:   0.002180 0.033861 0.009998 0.001244 0.000000 0.000659 
/nethome/kalgin/z/mst/run.rand.sh: line 47: 159919 Killed                  ./turbobust_stub.out $i 16
threadsCount = 8
loopsCount = 60
Done
iterationNumber = 0
iterationNumber = 1
iterationNumber = 2
iterationNumber = 3
iterationNumber = 4
iterationNumber = 5
iterationNumber = 6
iterationNumber = 7
iterationNumber = 8
1.649
4.968
iteration  0
00:   0.035369 0.145440 0.434799 0.002387 0.000000 0.033784 
01:   0.033779 0.145247 0.442770 0.002378 0.000000 0.033187 
02:   0.033774 0.145249 0.445843 0.002378 0.000000 0.033626 
03:   0.034561 0.145254 0.445338 0.002378 0.000000 0.033736 
04:   0.034535 0.145268 0.447776 0.002381 0.000000 0.033753 
05:   0.035381 0.145330 0.448441 0.002386 0.000000 0.033787 
06:   0.035161 0.145139 0.448362 0.002379 0.000000 0.033687 
07:   0.034628 0.145161 0.448038 0.002378 0.000000 0.033480 
iteration  1
00:   0.133813 0.073596 0.129865 0.005873 0.000000 0.011861 
01:   0.125691 0.073509 0.130220 0.005870 0.000000 0.011908 
02:   0.125763 0.073623 0.131464 0.005881 0.000000 0.011977 
03:   0.131652 0.073588 0.130703 0.005886 0.000000 0.011881 
04:   0.132206 0.073613 0.131443 0.005888 0.000000 0.012098 
05:   0.137967 0.073566 0.131508 0.005879 0.000000 0.012039 
06:   0.135135 0.073292 0.131644 0.005876 0.000000 0.012046 
07:   0.119120 0.073606 0.130983 0.005880 0.000000 0.011930 
iteration  2
00:   0.143310 0.041475 0.034178 0.004436 0.000000 0.003370 
01:   0.142274 0.041461 0.033424 0.004432 0.000000 0.003300 
02:   0.143414 0.041467 0.033879 0.004436 0.000000 0.003356 
03:   0.142457 0.041456 0.033663 0.004433 0.000000 0.003274 
04:   0.144446 0.041485 0.033888 0.004434 0.000000 0.003377 
05:   0.145612 0.041454 0.033656 0.004438 0.000000 0.003332 
06:   0.145016 0.041313 0.033774 0.004431 0.000000 0.003367 
07:   0.140006 0.041458 0.033863 0.004438 0.000000 0.003373 
iteration  3
00:   0.136756 0.035393 0.011863 0.003485 0.000000 0.000953 
01:   0.131493 0.035393 0.011670 0.003490 0.000000 0.000931 
02:   0.135138 0.035392 0.011659 0.003491 0.000000 0.000922 
03:   0.132473 0.035381 0.011639 0.003477 0.000000 0.000944 
04:   0.137063 0.035392 0.011686 0.003492 0.000000 0.000934 
05:   0.133770 0.035389 0.011767 0.003493 0.000000 0.000953 
06:   0.136899 0.035385 0.011822 0.003484 0.000000 0.000980 
07:   0.138052 0.035394 0.011801 0.003495 0.000000 0.000961 
iteration  4
00:   0.137447 0.034104 0.008130 0.002635 0.000000 0.000395 
01:   0.128989 0.034102 0.007945 0.002641 0.000000 0.000392 
02:   0.122652 0.034103 0.008099 0.002633 0.000000 0.000404 
03:   0.132262 0.034101 0.008072 0.002645 0.000000 0.000406 
04:   0.127301 0.034099 0.008084 0.002627 0.000000 0.000411 
05:   0.137606 0.034105 0.008010 0.002645 0.000000 0.000408 
06:   0.137501 0.034104 0.008020 0.002644 0.000000 0.000403 
07:   0.134496 0.034102 0.008044 0.002644 0.000000 0.000425 
iteration  5
00:   0.120423 0.033860 0.007674 0.002189 0.000000 0.000349 
01:   0.107543 0.033859 0.007720 0.002183 0.000000 0.000351 
02:   0.133878 0.033860 0.007636 0.002183 0.000000 0.000345 
03:   0.139788 0.033860 0.007700 0.002183 0.000000 0.000343 
04:   0.139004 0.033861 0.007664 0.002174 0.000000 0.000340 
05:   0.124242 0.033859 0.007693 0.002181 0.000000 0.000343 
06:   0.141459 0.033860 0.007711 0.002186 0.000000 0.000341 
07:   0.146043 0.033859 0.007710 0.002179 0.000000 0.000355 
iteration  6
00:   0.128722 0.033972 0.007622 0.002015 0.000000 0.000327 
01:   0.216066 0.033973 0.007838 0.002015 0.000000 0.000329 
02:   0.136540 0.033972 0.007746 0.002009 0.000000 0.000328 
03:   0.160922 0.033972 0.007758 0.002014 0.000000 0.000328 
04:   0.072729 0.033972 0.007715 0.002007 0.000000 0.000327 
05:   0.118202 0.033972 0.007698 0.002016 0.000000 0.000327 
06:   0.096243 0.033971 0.007587 0.002019 0.000000 0.000326 
07:   0.110702 0.033971 0.007625 0.002014 0.000000 0.000331 
iteration  7
00:   0.001236 0.034243 0.007751 0.001648 0.000000 0.000327 
01:   0.478569 0.034243 0.007817 0.001651 0.000000 0.000328 
02:   0.165894 0.034240 0.007769 0.001652 0.000000 0.000326 
03:   0.078692 0.034241 0.007727 0.001652 0.000000 0.000325 
04:   0.194416 0.034229 0.007804 0.001655 0.000000 0.000327 
05:   0.112720 0.034225 0.007700 0.001656 0.000000 0.000326 
06:   0.001216 0.034224 0.007703 0.001651 0.000000 0.000326 
07:   0.017094 0.034228 0.007726 0.001656 0.000000 0.000331 
iteration  8
00:   0.002128 0.033836 0.007673 0.000660 0.000000 0.000331 
01:   2.302802 0.033836 0.007663 0.000659 0.000000 0.000338 
02:   0.002113 0.033785 0.007702 0.000659 0.000000 0.000331 
03:   0.002123 0.033785 0.007758 0.000661 0.000000 0.000332 
04:   0.002131 0.033794 0.007708 0.000659 0.000000 0.000330 
05:   0.002110 0.033754 0.007639 0.000655 0.000000 0.000331 
06:   0.002132 0.033770 0.007640 0.000660 0.000000 0.000332 
07:   0.002131 0.033778 0.007671 0.000665 0.000000 0.000337 
/nethome/kalgin/z/mst/run.rand.sh: line 47: 159937 Killed                  ./turbobust_stub.out $i 16
threadsCount = 16
loopsCount = 60
Done
iterationNumber = 0
iterationNumber = 1
iterationNumber = 2
iterationNumber = 3
iterationNumber = 4
iterationNumber = 5
iterationNumber = 6
iterationNumber = 7
iterationNumber = 8
1.271
5.823
iteration  0
00:   0.020478 0.121054 0.335210 0.001956 0.000000 0.019845 
01:   0.020521 0.121145 0.313523 0.001970 0.000000 0.019307 
02:   0.019501 0.121158 0.344266 0.001946 0.000000 0.018570 
03:   0.019067 0.121055 0.344615 0.001942 0.000000 0.018701 
04:   0.019450 0.121080 0.346577 0.001967 0.000000 0.018906 
05:   0.018970 0.120995 0.315452 0.001969 0.000000 0.018787 
06:   0.018912 0.120732 0.315970 0.001996 0.000000 0.019249 
07:   0.019251 0.120957 0.347328 0.001949 0.000000 0.018766 
08:   0.017488 0.110355 0.274667 0.001966 0.000000 0.020135 
09:   0.017122 0.110170 0.300853 0.001961 0.000000 0.020158 
10:   0.017372 0.110366 0.302029 0.001939 0.000000 0.020081 
11:   0.017298 0.110290 0.301116 0.001990 0.000000 0.020180 
12:   0.017235 0.110327 0.302150 0.001952 0.000000 0.020061 
13:   0.017257 0.110187 0.300644 0.001968 0.000000 0.019630 
14:   0.017560 0.110157 0.300702 0.001938 0.000000 0.019711 
15:   0.018019 0.110115 0.299535 0.001971 0.000000 0.019818 
iteration  1
00:   0.081638 0.060978 0.099623 0.005981 0.000000 0.006661 
01:   0.083578 0.061043 0.090948 0.005950 0.000000 0.006587 
02:   0.077005 0.061002 0.099214 0.005975 0.000000 0.006462 
03:   0.077365 0.060980 0.101137 0.005976 0.000000 0.006682 
04:   0.076743 0.061084 0.101321 0.005979 0.000000 0.006675 
05:   0.075749 0.060978 0.091986 0.005966 0.000000 0.006608 
06:   0.075319 0.060545 0.091817 0.005978 0.000000 0.006732 
07:   0.075093 0.061041 0.100806 0.005975 0.000000 0.006521 
08:   0.073287 0.058828 0.079346 0.005932 0.000000 0.006879 
09:   0.073355 0.058737 0.086304 0.005931 0.000000 0.007024 
10:   0.073644 0.058803 0.085895 0.005934 0.000000 0.006845 
11:   0.073361 0.058806 0.086387 0.005932 0.000000 0.006996 
12:   0.073038 0.058673 0.086399 0.005926 0.000000 0.006909 
13:   0.072346 0.058730 0.085779 0.005928 0.000000 0.006815 
14:   0.070444 0.058391 0.085484 0.005927 0.000000 0.006824 
15:   0.069393 0.058772 0.085357 0.005925 0.000000 0.006854 
iteration  2
00:   0.086833 0.041106 0.026992 0.004241 0.000000 0.001785 
01:   0.087327 0.041102 0.024755 0.004260 0.000000 0.001833 
02:   0.085777 0.041098 0.026949 0.004216 0.000000 0.001694 
03:   0.089118 0.041107 0.027551 0.004233 0.000000 0.001806 
04:   0.087436 0.041102 0.027586 0.004228 0.000000 0.001795 
05:   0.087634 0.041128 0.024750 0.004220 0.000000 0.001805 
06:   0.087977 0.041069 0.024554 0.004174 0.000000 0.001762 
07:   0.086107 0.041087 0.027350 0.004253 0.000000 0.001756 
08:   0.086456 0.040857 0.020635 0.004176 0.000000 0.001811 
09:   0.088342 0.040876 0.022446 0.004180 0.000000 0.001904 
10:   0.086566 0.040843 0.022078 0.004191 0.000000 0.001792 
11:   0.088570 0.040873 0.022305 0.004231 0.000000 0.001819 
12:   0.087153 0.040840 0.022457 0.004184 0.000000 0.001828 
13:   0.087196 0.040858 0.022102 0.004184 0.000000 0.001798 
14:   0.084669 0.040780 0.022378 0.004202 0.000000 0.001868 
15:   0.084440 0.040855 0.021977 0.004190 0.000000 0.001802 
iteration  3
00:   0.086001 0.037649 0.011903 0.002378 0.000000 0.000456 
01:   0.088555 0.037653 0.011103 0.002390 0.000000 0.000430 
02:   0.081291 0.037652 0.011735 0.002384 0.000000 0.000419 
03:   0.087516 0.037651 0.011780 0.002338 0.000000 0.000423 
04:   0.086624 0.037653 0.011653 0.002368 0.000000 0.000407 
05:   0.087156 0.037651 0.011096 0.002358 0.000000 0.000438 
06:   0.083106 0.037643 0.010998 0.002360 0.000000 0.000444 
07:   0.087362 0.037643 0.011668 0.002380 0.000000 0.000421 
08:   0.085535 0.037632 0.007273 0.002333 0.000000 0.000447 
09:   0.093388 0.037636 0.007598 0.002334 0.000000 0.000462 
10:   0.086233 0.037631 0.007485 0.002334 0.000000 0.000466 
11:   0.088135 0.037632 0.007409 0.002337 0.000000 0.000470 
12:   0.090044 0.037635 0.007552 0.002336 0.000000 0.000481 
13:   0.087669 0.037633 0.007390 0.002339 0.000000 0.000464 
14:   0.092039 0.037635 0.007449 0.002340 0.000000 0.000467 
15:   0.087145 0.037628 0.007411 0.002354 0.000000 0.000457 
iteration  4
00:   0.088724 0.037057 0.010019 0.001580 0.000000 0.000205 
01:   0.078124 0.037057 0.009956 0.001553 0.000000 0.000197 
02:   0.078180 0.037057 0.010007 0.001577 0.000000 0.000204 
03:   0.079329 0.037056 0.009988 0.001555 0.000000 0.000194 
04:   0.070568 0.037057 0.010002 0.001558 0.000000 0.000200 
05:   0.079581 0.037058 0.009925 0.001557 0.000000 0.000211 
06:   0.083178 0.037056 0.009824 0.001548 0.000000 0.000206 
07:   0.079020 0.037056 0.009986 0.001557 0.000000 0.000214 
08:   0.076247 0.037055 0.005242 0.001523 0.000000 0.000217 
09:   0.083812 0.037056 0.005227 0.001545 0.000000 0.000208 
10:   0.084193 0.037056 0.005222 0.001567 0.000000 0.000206 
11:   0.088273 0.037056 0.005190 0.001560 0.000000 0.000210 
12:   0.088024 0.037056 0.005250 0.001536 0.000000 0.000211 
13:   0.083795 0.037056 0.005202 0.001565 0.000000 0.000205 
14:   0.085780 0.037055 0.005159 0.001562 0.000000 0.000208 
15:   0.082052 0.037056 0.005259 0.001542 0.000000 0.000226 
iteration  5
00:   0.081564 0.037222 0.009780 0.001121 0.000000 0.000174 
01:   0.059828 0.037222 0.009772 0.001120 0.000000 0.000165 
02:   0.075298 0.037222 0.009767 0.001158 0.000000 0.000171 
03:   0.051508 0.037222 0.009781 0.001159 0.000000 0.000171 
04:   0.067302 0.037222 0.009766 0.001149 0.000000 0.000169 
05:   0.091405 0.037222 0.009771 0.001135 0.000000 0.000172 
06:   0.079446 0.037222 0.009657 0.001156 0.000000 0.000170 
07:   0.087366 0.037222 0.009746 0.001124 0.000000 0.000164 
08:   0.095232 0.037222 0.005011 0.001119 0.000000 0.000164 
09:   0.073113 0.037222 0.005071 0.001101 0.000000 0.000166 
10:   0.069406 0.037221 0.005055 0.001108 0.000000 0.000169 
11:   0.080246 0.037220 0.004994 0.001109 0.000000 0.000165 
12:   0.089482 0.037221 0.004982 0.001139 0.000000 0.000169 
13:   0.081359 0.037221 0.004986 0.001120 0.000000 0.000164 
14:   0.077499 0.037221 0.004935 0.001160 0.000000 0.000169 
15:   0.098596 0.037221 0.005030 0.001115 0.000000 0.000167 
iteration  6
00:   0.120086 0.037153 0.009693 0.001078 0.000000 0.000162 
01:   0.032348 0.037151 0.009745 0.001081 0.000000 0.000162 
02:   0.139182 0.037152 0.009751 0.001068 0.000000 0.000166 
03:   0.126307 0.037152 0.009693 0.001079 0.000000 0.000163 
04:   0.058199 0.037152 0.009739 0.001095 0.000000 0.000162 
05:   0.105917 0.037152 0.009733 0.001083 0.000000 0.000163 
06:   0.177720 0.037153 0.009743 0.001077 0.000000 0.000163 
07:   0.016673 0.037151 0.009742 0.001098 0.000000 0.000164 
08:   0.033298 0.037152 0.004985 0.001043 0.000000 0.000163 
09:   0.054573 0.037152 0.004991 0.001037 0.000000 0.000162 
10:   0.098491 0.037152 0.004948 0.001042 0.000000 0.000162 
11:   0.045115 0.037151 0.004931 0.001045 0.000000 0.000163 
12:   0.077647 0.037151 0.004924 0.001042 0.000000 0.000162 
13:   0.038437 0.037151 0.004939 0.001044 0.000000 0.000162 
14:   0.095394 0.037152 0.004892 0.001041 0.000000 0.000163 
15:   0.038192 0.037151 0.004949 0.001052 0.000000 0.000162 
iteration  7
00:   0.000321 0.037121 0.009742 0.000914 0.000000 0.000162 
01:   0.000328 0.037110 0.009731 0.000863 0.000000 0.000162 
02:   0.530800 0.037124 0.009729 0.000855 0.000000 0.000162 
03:   0.082441 0.037117 0.009682 0.000916 0.000000 0.000163 
04:   0.000312 0.037118 0.009689 0.000890 0.000000 0.000162 
05:   0.203734 0.037118 0.009732 0.000882 0.000000 0.000162 
06:   0.062576 0.037107 0.009691 0.000890 0.000000 0.000162 
07:   0.033440 0.037115 0.009715 0.000894 0.000000 0.000162 
08:   0.241677 0.037121 0.004979 0.000830 0.000000 0.000162 
09:   0.000497 0.037117 0.004967 0.000841 0.000000 0.000162 
10:   0.070389 0.037118 0.004912 0.000832 0.000000 0.000162 
11:   0.070866 0.037120 0.004976 0.000837 0.000000 0.000162 
12:   0.000496 0.037117 0.004961 0.000840 0.000000 0.000162 
13:   0.000495 0.037111 0.004944 0.000838 0.000000 0.000162 
14:   0.020170 0.037111 0.004962 0.000834 0.000000 0.000162 
15:   0.000482 0.037116 0.004896 0.000853 0.000000 0.000162 
iteration  8
00:   0.000514 0.038418 0.009873 0.000493 0.000000 0.000162 
01:   0.000471 0.038371 0.009877 0.000493 0.000000 0.000162 
02:   0.000463 0.038370 0.009881 0.000495 0.000000 0.000162 
03:   3.582516 0.038423 0.009865 0.000499 0.000000 0.000163 
04:   0.000426 0.038358 0.009810 0.000495 0.000000 0.000162 
05:   0.000394 0.038307 0.009864 0.000481 0.000000 0.000162 
06:   0.000503 0.038309 0.009794 0.000483 0.000000 0.000162 
07:   0.000657 0.038328 0.009858 0.000495 0.000000 0.000162 
08:   0.000778 0.038349 0.005038 0.000419 0.000000 0.000184 
09:   0.000799 0.038292 0.005004 0.000409 0.000000 0.000184 
10:   0.000746 0.038291 0.005110 0.000419 0.000000 0.000184 
11:   0.000788 0.038291 0.005071 0.000420 0.000000 0.000184 
12:   0.000764 0.038359 0.005024 0.000411 0.000000 0.000184 
13:   0.000779 0.038289 0.005050 0.000419 0.000000 0.000184 
14:   0.000769 0.038315 0.005021 0.000417 0.000000 0.000185 
15:   0.000785 0.038316 0.005051 0.000416 0.000000 0.000185 
/nethome/kalgin/z/mst/run.rand.sh: line 47: 159956 Killed                  ./turbobust_stub.out $i 16
/nethome/kalgin/z/mst/run.rand.sh: line 47: 159974 Segmentation fault      (core dumped) ./turbobust_stub.out $i 16
/nethome/kalgin/z/mst/run.rand.sh: line 62: kill: (159974) - No such process
ls: cannot access /tmp/data.bin: No such file or directory
ls: cannot access /tmp/data.bin: No such file or directory
