threadsCount = 16
loopsCount = 2164
7.578
3.711
threadsCount = 1
loopsCount = 2164
Done
iterationNumber = 0
iterationNumber = 1
iterationNumber = 2
iterationNumber = 3
iterationNumber = 4
iterationNumber = 5
iterationNumber = 6
1.795
21.943
iteration  0
00:   1.425739 0.657289 1.478433 0.016283 0.226610 2.494953 
iteration  1
00:   1.283582 0.169076 0.213993 0.033016 0.033238 1.896359 
iteration  2
00:   1.297240 0.082194 0.050546 0.024222 0.010355 1.846794 
iteration  3
00:   1.285167 0.072842 0.035946 0.019825 0.007947 1.849518 
iteration  4
00:   1.291026 0.073462 0.035549 0.019512 0.008016 1.842936 
iteration  5
00:   1.060183 0.074005 0.035724 0.017505 0.007917 0.763221 
iteration  6
00:   0.007222 0.073810 0.035532 0.006823 0.007883 0.020634 
threadsCount = 2
loopsCount = 2164
Done
iterationNumber = 0
iterationNumber = 1
iterationNumber = 2
iterationNumber = 3
iterationNumber = 4
iterationNumber = 5
iterationNumber = 6
1.102
12.473
iteration  0
00:   0.762987 0.353519 1.017564 0.026666 0.651721 1.317330 
01:   0.718848 0.342932 1.039714 0.026748 0.651699 1.321476 
iteration  1
00:   0.671404 0.091007 0.141899 0.028500 0.064132 1.008513 
01:   0.671812 0.090872 0.138508 0.028534 0.064140 1.008874 
iteration  2
00:   0.656944 0.045042 0.028187 0.021589 0.006694 0.955700 
01:   0.654837 0.045034 0.028753 0.021669 0.006692 0.958800 
iteration  3
00:   0.652707 0.040674 0.018486 0.018204 0.004368 0.962568 
01:   0.655094 0.040678 0.018614 0.018251 0.004368 0.936079 
iteration  4
00:   0.654863 0.040350 0.017969 0.018103 0.004156 0.714518 
01:   0.631684 0.040350 0.018013 0.018146 0.004154 0.420592 
iteration  5
00:   0.581587 0.040379 0.017755 0.008944 0.004072 0.264449 
01:   0.611956 0.040380 0.017744 0.008965 0.004074 0.578800 
iteration  6
00:   0.043319 0.040309 0.017622 0.003296 0.004080 0.013393 
01:   0.003679 0.040309 0.017601 0.003317 0.004077 0.014496 
/nethome/kalgin/z/mst/run.xeon.sh: line 45: 45339 Killed                  ./turbobust_stub.out $i 16
threadsCount = 4
loopsCount = 2164
Done
iterationNumber = 0
iterationNumber = 1
iterationNumber = 2
iterationNumber = 3
iterationNumber = 4
iterationNumber = 5
iterationNumber = 6
0.735
9.223
iteration  0
00:   0.418955 0.202603 0.722495 0.012787 1.001161 0.778410 
01:   0.411207 0.201188 0.729429 0.012771 1.001166 0.778021 
02:   0.398788 0.198919 0.731121 0.012786 1.001146 0.776827 
03:   0.379380 0.194274 0.730356 0.012811 1.001170 0.772691 
iteration  1
00:   0.368891 0.060186 0.094757 0.015622 0.111673 0.607188 
01:   0.367350 0.060128 0.095896 0.015636 0.111683 0.606941 
02:   0.365619 0.060171 0.095610 0.015654 0.111672 0.604326 
03:   0.364220 0.060145 0.095632 0.015655 0.111671 0.601835 
iteration  2
00:   0.361034 0.037372 0.017294 0.011829 0.006918 0.578598 
01:   0.359691 0.037375 0.017444 0.011810 0.006917 0.579705 
02:   0.359252 0.037351 0.017282 0.011821 0.006915 0.581048 
03:   0.357247 0.037369 0.017576 0.011846 0.006917 0.582231 
iteration  3
00:   0.357009 0.035067 0.010413 0.010024 0.002818 0.564087 
01:   0.357253 0.035069 0.010439 0.009990 0.002818 0.535929 
02:   0.358095 0.035068 0.010339 0.010015 0.002818 0.583375 
03:   0.358804 0.035065 0.010405 0.010036 0.002806 0.498676 
iteration  4
00:   0.349497 0.035008 0.009875 0.009214 0.002618 0.247907 
01:   0.331669 0.035008 0.009791 0.009199 0.002618 0.231855 
02:   0.362028 0.035008 0.009757 0.009223 0.002613 0.294355 
03:   0.358821 0.035008 0.009731 0.009218 0.002618 0.336871 
iteration  5
00:   0.097104 0.035096 0.009962 0.004250 0.002610 0.059659 
01:   0.216069 0.035091 0.009996 0.004257 0.002610 0.118729 
02:   0.624503 0.035099 0.009998 0.004281 0.002606 0.536564 
03:   0.232321 0.035093 0.009998 0.004281 0.002610 0.198399 
iteration  6
00:   0.002778 0.035471 0.010547 0.001664 0.002623 0.011604 
01:   0.612928 0.035471 0.010463 0.001671 0.002623 0.011557 
02:   0.002810 0.035465 0.010332 0.001686 0.002624 0.011603 
03:   0.002676 0.035442 0.010200 0.001691 0.002616 0.011276 
/nethome/kalgin/z/mst/run.xeon.sh: line 45: 45356 Killed                  ./turbobust_stub.out $i 16
threadsCount = 8
loopsCount = 2164
Done
iterationNumber = 0
iterationNumber = 1
iterationNumber = 2
iterationNumber = 3
iterationNumber = 4
iterationNumber = 5
iterationNumber = 6
0.642
7.351
iteration  0
00:   0.238813 0.133854 0.548391 0.006010 0.916489 0.579921 
01:   0.236663 0.133780 0.547534 0.006002 0.916464 0.579855 
02:   0.236961 0.133811 0.548150 0.006000 0.916471 0.579948 
03:   0.230907 0.132784 0.549238 0.006009 0.916398 0.579867 
04:   0.229398 0.132377 0.544973 0.006006 0.916452 0.579622 
05:   0.225864 0.131634 0.552049 0.006008 0.916409 0.577314 
06:   0.220173 0.130584 0.552088 0.006004 0.916448 0.577130 
07:   0.214932 0.128850 0.550795 0.005998 0.916442 0.576934 
iteration  1
00:   0.211262 0.049264 0.069085 0.008045 0.107748 0.495627 
01:   0.210394 0.049270 0.071833 0.008033 0.107735 0.494174 
02:   0.210241 0.049274 0.072026 0.008046 0.107738 0.495363 
03:   0.208870 0.049274 0.069451 0.008049 0.107722 0.495264 
04:   0.209904 0.049300 0.069644 0.008041 0.107735 0.495153 
05:   0.209445 0.049280 0.069841 0.008034 0.107745 0.493062 
06:   0.209652 0.049268 0.070853 0.008046 0.107729 0.492748 
07:   0.208977 0.049215 0.071337 0.008045 0.107741 0.493061 
iteration  2
00:   0.210754 0.037308 0.012153 0.006040 0.009781 0.479939 
01:   0.210589 0.037295 0.012027 0.006038 0.009759 0.476222 
02:   0.210186 0.037285 0.011969 0.006038 0.009781 0.483386 
03:   0.210110 0.037301 0.012119 0.006037 0.009783 0.477087 
04:   0.210898 0.037295 0.012021 0.006037 0.009780 0.485899 
05:   0.209697 0.037291 0.011900 0.006040 0.009781 0.473065 
06:   0.210079 0.037291 0.012024 0.006034 0.009781 0.477760 
07:   0.210242 0.037290 0.012241 0.006035 0.009783 0.479146 
iteration  3
00:   0.207438 0.036167 0.007651 0.005065 0.002660 0.470738 
01:   0.204456 0.036166 0.007459 0.005053 0.002661 0.427091 
02:   0.208723 0.036168 0.007480 0.005050 0.002656 0.475658 
03:   0.203210 0.036165 0.007422 0.005065 0.002661 0.414454 
04:   0.210236 0.036165 0.007331 0.005060 0.002661 0.425195 
05:   0.202267 0.036166 0.007548 0.005067 0.002652 0.430032 
06:   0.204335 0.036166 0.007447 0.005048 0.002655 0.365282 
07:   0.205848 0.036165 0.007509 0.005048 0.002659 0.488145 
iteration  4
00:   0.215496 0.035926 0.007514 0.004402 0.002587 0.099304 
01:   0.184004 0.035924 0.007425 0.004381 0.002587 0.117385 
02:   0.214973 0.035925 0.007476 0.004392 0.002575 0.242693 
03:   0.228862 0.035925 0.007536 0.004403 0.002575 0.830319 
04:   0.180712 0.035925 0.007444 0.004401 0.002578 0.259896 
05:   0.184354 0.035924 0.007397 0.004397 0.002590 0.074316 
06:   0.152006 0.035924 0.007413 0.004398 0.002590 0.170472 
07:   0.228413 0.035926 0.007378 0.004402 0.002587 0.151865 
iteration  5
00:   0.002690 0.035720 0.007375 0.004388 0.002645 0.101729 
01:   0.032466 0.035667 0.007517 0.004388 0.002640 0.136228 
02:   0.133871 0.035728 0.007468 0.004365 0.002640 0.040076 
03:   0.338949 0.035729 0.007435 0.004385 0.002642 0.146824 
04:   0.290344 0.035717 0.007393 0.004391 0.002641 0.088966 
05:   0.055641 0.035668 0.007324 0.004390 0.002632 0.305368 
06:   0.043679 0.035667 0.007395 0.004383 0.002639 0.165507 
07:   0.141468 0.035728 0.007396 0.004387 0.002648 0.218624 
iteration  6
00:   0.002762 0.036497 0.007599 0.000866 0.002646 0.009825 
01:   0.002729 0.036446 0.007567 0.000869 0.002648 0.010711 
02:   0.002757 0.036444 0.007638 0.000868 0.002645 0.010749 
03:   0.002735 0.036444 0.007613 0.000868 0.002643 0.010740 
04:   0.491155 0.036498 0.007533 0.000870 0.002640 0.010751 
05:   0.002768 0.036443 0.007526 0.000866 0.002645 0.010686 
06:   0.002737 0.036442 0.007400 0.000865 0.002646 0.010759 
07:   0.002763 0.036440 0.007403 0.000868 0.002646 0.010989 
/nethome/kalgin/z/mst/run.xeon.sh: line 45: 45374 Killed                  ./turbobust_stub.out $i 16
threadsCount = 16
loopsCount = 2164
Done
iterationNumber = 0
iterationNumber = 1
iterationNumber = 2
iterationNumber = 3
iterationNumber = 4
iterationNumber = 5
iterationNumber = 6
0.539
6.421
iteration  0
00:   0.166424 0.118880 0.527148 0.005796 1.149245 0.348828 
01:   0.171456 0.119196 0.538696 0.005791 1.149255 0.348380 
02:   0.149300 0.119403 0.473912 0.005791 1.149235 0.344662 
03:   0.146665 0.119191 0.479174 0.005793 1.149249 0.345372 
04:   0.170328 0.119301 0.539728 0.005771 1.149258 0.347818 
05:   0.168164 0.119119 0.540976 0.005785 1.149285 0.348047 
06:   0.144453 0.118502 0.478688 0.005794 1.149187 0.344431 
07:   0.164302 0.118174 0.543248 0.005774 1.149272 0.346690 
08:   0.115670 0.110183 0.421952 0.005747 1.147730 0.315084 
09:   0.111969 0.109839 0.421773 0.005748 1.147783 0.315241 
10:   0.125588 0.110024 0.461361 0.005746 1.147675 0.315140 
11:   0.123739 0.109756 0.459198 0.005747 1.147718 0.314478 
12:   0.121796 0.109606 0.461502 0.005747 1.147683 0.314695 
13:   0.119281 0.109128 0.457061 0.005744 1.147735 0.314896 
14:   0.106326 0.108755 0.422734 0.005745 1.147730 0.314611 
15:   0.117638 0.108246 0.459133 0.005760 1.147728 0.314045 
iteration  1
00:   0.123832 0.048482 0.068298 0.007708 0.121678 0.287126 
01:   0.123865 0.048443 0.068971 0.007750 0.121668 0.290051 
02:   0.123824 0.048475 0.060382 0.007717 0.121693 0.287144 
03:   0.123290 0.048467 0.059768 0.007696 0.121680 0.289342 
04:   0.123206 0.048454 0.068254 0.007713 0.121687 0.289987 
05:   0.123483 0.048456 0.068304 0.007737 0.121658 0.287631 
06:   0.122478 0.048458 0.059979 0.007764 0.121680 0.286758 
07:   0.122828 0.048487 0.068747 0.007740 0.121673 0.286945 
08:   0.106699 0.047903 0.054268 0.007733 0.121591 0.267236 
09:   0.107360 0.047968 0.053298 0.007784 0.121582 0.267992 
10:   0.106924 0.047996 0.059104 0.007748 0.121629 0.266037 
11:   0.107174 0.047953 0.057624 0.007716 0.121597 0.265918 
12:   0.106885 0.047960 0.059052 0.007755 0.121597 0.267638 
13:   0.106525 0.047957 0.058196 0.007767 0.121593 0.266869 
14:   0.106574 0.047797 0.053529 0.007781 0.121593 0.268603 
15:   0.107196 0.047953 0.058067 0.007750 0.121619 0.263228 
iteration  2
00:   0.124398 0.040385 0.012794 0.003858 0.010110 0.270185 
01:   0.124548 0.040384 0.012501 0.003857 0.010103 0.255986 
02:   0.122783 0.040384 0.011241 0.003859 0.010087 0.266333 
03:   0.124441 0.040384 0.011590 0.003866 0.010110 0.295704 
04:   0.124722 0.040381 0.012392 0.003849 0.010110 0.266806 
05:   0.122472 0.040384 0.012746 0.003868 0.010112 0.283844 
06:   0.122886 0.040380 0.011371 0.003858 0.010143 0.271618 
07:   0.123260 0.040383 0.012526 0.003854 0.010106 0.262697 
08:   0.108686 0.040366 0.008067 0.003881 0.010089 0.272522 
09:   0.108602 0.040370 0.008184 0.003880 0.010074 0.249156 
10:   0.106830 0.040366 0.008094 0.003899 0.010105 0.260247 
11:   0.107064 0.040371 0.008433 0.003889 0.010078 0.254032 
12:   0.106910 0.040370 0.008377 0.003890 0.010133 0.245470 
13:   0.107218 0.040368 0.008221 0.003843 0.010073 0.249587 
14:   0.108676 0.040365 0.007957 0.003885 0.010090 0.246276 
15:   0.108105 0.040366 0.008553 0.003860 0.010085 0.240179 
iteration  3
00:   0.119559 0.039807 0.009652 0.002738 0.003066 0.196447 
01:   0.111033 0.039807 0.009651 0.002713 0.003065 0.179919 
02:   0.116920 0.039807 0.009549 0.002724 0.003077 0.241176 
03:   0.137426 0.039807 0.009491 0.002725 0.003067 0.157683 
04:   0.117043 0.039807 0.009624 0.002739 0.003086 0.233190 
05:   0.131592 0.039806 0.009715 0.002682 0.003071 0.343948 
06:   0.122000 0.039807 0.009360 0.002715 0.003082 0.262421 
07:   0.114990 0.039806 0.009659 0.002698 0.003061 0.285289 
08:   0.117555 0.039806 0.004992 0.002661 0.003112 0.224045 
09:   0.102537 0.039806 0.005079 0.002678 0.003111 0.220910 
10:   0.109298 0.039806 0.004969 0.002671 0.003063 0.285701 
11:   0.104633 0.039806 0.004951 0.002662 0.003089 0.198146 
12:   0.099861 0.039806 0.004946 0.002660 0.003094 0.097189 
13:   0.102641 0.039806 0.004846 0.002688 0.003068 0.209718 
14:   0.100085 0.039806 0.004910 0.002705 0.003111 0.294645 
15:   0.098241 0.039807 0.004993 0.002679 0.003063 0.241243 
iteration  4
00:   0.082634 0.039797 0.009369 0.002575 0.003034 0.177203 
01:   0.074225 0.039795 0.009342 0.002539 0.003054 0.186282 
02:   0.161658 0.039796 0.009330 0.002555 0.003049 0.141000 
03:   0.063727 0.039795 0.009291 0.002566 0.003075 0.107268 
04:   0.106529 0.039796 0.009298 0.002548 0.003039 0.119627 
05:   0.184964 0.039797 0.009322 0.002571 0.003055 0.113809 
06:   0.126628 0.039796 0.009294 0.002568 0.003074 0.178125 
07:   0.140947 0.039797 0.009357 0.002552 0.003096 0.153195 
08:   0.091629 0.039796 0.004849 0.002541 0.003031 0.142387 
09:   0.089119 0.039795 0.004839 0.002547 0.003053 0.165613 
10:   0.130899 0.039796 0.004794 0.002517 0.003054 0.122136 
11:   0.077430 0.039796 0.004819 0.002531 0.003055 0.113501 
12:   0.032816 0.039795 0.004811 0.002549 0.003030 0.172450 
13:   0.082870 0.039795 0.004790 0.002535 0.003055 0.114877 
14:   0.137422 0.039796 0.004768 0.002575 0.003042 0.136003 
15:   0.103292 0.039796 0.004811 0.002532 0.003046 0.135486 
iteration  5
00:   0.113997 0.040592 0.009535 0.001993 0.003064 0.016917 
01:   0.048967 0.040547 0.009511 0.002034 0.003031 0.023227 
02:   0.001161 0.040545 0.009527 0.002016 0.003025 0.049230 
03:   0.001162 0.040546 0.009464 0.001988 0.003025 0.017393 
04:   0.526694 0.040593 0.009525 0.002010 0.003026 0.045431 
05:   0.161502 0.040546 0.009504 0.002006 0.003026 0.109198 
06:   0.045268 0.040544 0.009472 0.002043 0.003061 0.017398 
07:   0.001164 0.040544 0.009501 0.002033 0.003025 0.486202 
08:   0.109785 0.040532 0.004832 0.002032 0.003034 0.031395 
09:   0.001614 0.040503 0.004851 0.001998 0.003063 0.015795 
10:   0.001626 0.040493 0.004844 0.002018 0.003038 0.045017 
11:   0.004693 0.040492 0.004836 0.001984 0.003036 0.073426 
12:   0.040423 0.040531 0.004819 0.001995 0.003051 0.015804 
13:   0.001623 0.040490 0.004846 0.002016 0.003035 0.018844 
14:   0.001596 0.040489 0.004786 0.002023 0.003056 0.173727 
15:   0.001526 0.040488 0.004792 0.002041 0.003025 0.041989 
iteration  6
00:   0.001583 0.040610 0.009462 0.000500 0.003029 0.014779 
01:   0.001552 0.040558 0.009488 0.000491 0.002982 0.015709 
02:   0.001542 0.040558 0.009489 0.000524 0.003007 0.016255 
03:   0.001580 0.040574 0.009479 0.000490 0.003007 0.016251 
04:   0.640506 0.040610 0.009492 0.000547 0.002999 0.016301 
05:   0.001573 0.040559 0.009471 0.000529 0.002993 0.016290 
06:   0.001576 0.040559 0.009448 0.000520 0.003002 0.016292 
07:   0.001386 0.040558 0.009431 0.000494 0.003003 0.016255 
08:   0.002031 0.040547 0.004895 0.000525 0.003034 0.016396 
09:   0.001998 0.040506 0.004865 0.000513 0.003009 0.016356 
10:   0.002028 0.040505 0.004887 0.000497 0.003025 0.015795 
11:   0.002036 0.040504 0.004873 0.000505 0.003033 0.016371 
12:   0.002034 0.040547 0.004811 0.000548 0.002986 0.016372 
13:   0.001996 0.040503 0.004863 0.000525 0.002990 0.016408 
14:   0.002002 0.040502 0.004800 0.000510 0.003033 0.016392 
15:   0.001998 0.040501 0.004842 0.000508 0.003008 0.015955 
/nethome/kalgin/z/mst/run.xeon.sh: line 45: 45392 Killed                  ./turbobust_stub.out $i 16
/nethome/kalgin/z/mst/run.xeon.sh: line 45: 45410 Segmentation fault      (core dumped) ./turbobust_stub.out $i 16
/nethome/kalgin/z/mst/run.xeon.sh: line 60: kill: (45410) - No such process
