threadsCount = 16
loopsCount = 0
7.685
1.496
threadsCount = 1
loopsCount = 0
Done
iterationNumber = 0
iterationNumber = 1
iterationNumber = 2
iterationNumber = 3
iterationNumber = 4
iterationNumber = 5
iterationNumber = 6
iterationNumber = 7
5.035
6.638
iteration  0
00:   0.223054 0.000000 2.061421 0.017751 0.809597 
iteration  1
00:   0.321748 0.000000 0.735688 0.041663 0.291539 
iteration  2
00:   0.410209 0.000000 0.263889 0.039764 0.098001 
iteration  3
00:   0.472339 0.000000 0.152214 0.039919 0.020009 
iteration  4
00:   0.053840 0.000000 0.113627 0.037255 0.008457 
iteration  5
00:   0.013154 0.000000 0.103212 0.025032 0.005796 
iteration  6
00:   0.008281 0.000000 0.101698 0.019718 0.005354 
iteration  7
00:   0.007616 0.000000 0.101584 0.010684 0.005415 
threadsCount = 2
loopsCount = 0
Done
iterationNumber = 0
iterationNumber = 1
iterationNumber = 2
iterationNumber = 3
iterationNumber = 4
iterationNumber = 5
iterationNumber = 6
iterationNumber = 7
2.746
4.110
iteration  0
00:   0.116375 0.000000 1.374641 0.008971 0.490526 
01:   0.116034 0.000000 1.409743 0.008982 0.466189 
iteration  1
00:   0.166632 0.000000 0.462632 0.022624 0.209285 
01:   0.157569 0.000000 0.471481 0.022590 0.221948 
iteration  2
00:   0.213954 0.000000 0.157514 0.021085 0.075445 
01:   0.210532 0.000000 0.158156 0.021116 0.079895 
iteration  3
00:   0.248887 0.000000 0.088377 0.020558 0.010750 
01:   0.247324 0.000000 0.088502 0.020585 0.010844 
iteration  4
00:   0.029010 0.000000 0.064025 0.018873 0.004307 
01:   0.027919 0.000000 0.064104 0.018945 0.004267 
iteration  5
00:   0.007000 0.000000 0.057944 0.012690 0.002947 
01:   0.006954 0.000000 0.057940 0.012728 0.002941 
iteration  6
00:   0.004431 0.000000 0.057033 0.010124 0.002743 
01:   0.004451 0.000000 0.057024 0.010176 0.002732 
iteration  7
00:   0.004018 0.000000 0.057656 0.005487 0.002772 
01:   0.004041 0.000000 0.057789 0.005473 0.002764 
/nethome/kalgin/z/mst/run.xeon.sh: line 45: 186595 Killed                  ./turbobust_stub.out $i 16
threadsCount = 4
loopsCount = 0
Done
iterationNumber = 0
iterationNumber = 1
iterationNumber = 2
iterationNumber = 3
iterationNumber = 4
iterationNumber = 5
iterationNumber = 6
iterationNumber = 7
1.672
2.581
iteration  0
00:   0.062647 0.000000 0.887072 0.004594 0.285772 
01:   0.062393 0.000000 0.906737 0.004581 0.281269 
02:   0.062061 0.000000 0.910871 0.004575 0.273021 
03:   0.062441 0.000000 0.910386 0.004594 0.269492 
iteration  1
00:   0.091441 0.000000 0.292314 0.011653 0.143193 
01:   0.088731 0.000000 0.295676 0.011677 0.147974 
02:   0.086264 0.000000 0.299099 0.011683 0.147774 
03:   0.085467 0.000000 0.297761 0.011702 0.146367 
iteration  2
00:   0.117291 0.000000 0.101578 0.010793 0.056742 
01:   0.115236 0.000000 0.101987 0.010823 0.061959 
02:   0.115175 0.000000 0.102134 0.010817 0.061664 
03:   0.113395 0.000000 0.101965 0.010827 0.061710 
iteration  3
00:   0.138895 0.000000 0.061737 0.010511 0.005833 
01:   0.139908 0.000000 0.062020 0.010547 0.006060 
02:   0.137994 0.000000 0.061837 0.010556 0.005918 
03:   0.138482 0.000000 0.061896 0.010580 0.005995 
iteration  4
00:   0.016015 0.000000 0.048143 0.009627 0.002233 
01:   0.015885 0.000000 0.048141 0.009649 0.002216 
02:   0.015461 0.000000 0.048068 0.009642 0.002191 
03:   0.015440 0.000000 0.048063 0.009685 0.002220 
iteration  5
00:   0.004079 0.000000 0.044799 0.006445 0.001551 
01:   0.003978 0.000000 0.044837 0.006530 0.001532 
02:   0.003989 0.000000 0.044819 0.006542 0.001536 
03:   0.004005 0.000000 0.044731 0.006544 0.001529 
iteration  6
00:   0.002770 0.000000 0.044468 0.005162 0.001441 
01:   0.002739 0.000000 0.044478 0.005260 0.001428 
02:   0.002746 0.000000 0.044475 0.005224 0.001426 
03:   0.002709 0.000000 0.044390 0.005192 0.001424 
iteration  7
00:   0.002439 0.000000 0.044456 0.002808 0.001478 
01:   0.002464 0.000000 0.044555 0.002956 0.001464 
02:   0.002462 0.000000 0.044488 0.002941 0.001459 
03:   0.002460 0.000000 0.044424 0.002871 0.001433 
/nethome/kalgin/z/mst/run.xeon.sh: line 45: 186612 Killed                  ./turbobust_stub.out $i 16
threadsCount = 8
loopsCount = 0
Done
iterationNumber = 0
iterationNumber = 1
iterationNumber = 2
iterationNumber = 3
iterationNumber = 4
iterationNumber = 5
iterationNumber = 6
iterationNumber = 7
1.196
2.076
iteration  0
00:   0.036513 0.000000 0.577688 0.002416 0.171925 
01:   0.036757 0.000000 0.586077 0.002421 0.186056 
02:   0.036355 0.000000 0.587540 0.002415 0.181746 
03:   0.036169 0.000000 0.590328 0.002413 0.180659 
04:   0.036498 0.000000 0.591773 0.002415 0.179886 
05:   0.036463 0.000000 0.589331 0.002415 0.179009 
06:   0.036329 0.000000 0.592847 0.002416 0.178200 
07:   0.034548 0.000000 0.591158 0.002412 0.176908 
iteration  1
00:   0.054412 0.000000 0.195705 0.006006 0.284162 
01:   0.053325 0.000000 0.197256 0.006005 0.314586 
02:   0.052847 0.000000 0.196815 0.006004 0.314741 
03:   0.052201 0.000000 0.197840 0.006006 0.314666 
04:   0.051587 0.000000 0.198544 0.006002 0.315728 
05:   0.051123 0.000000 0.198332 0.006003 0.316009 
06:   0.051093 0.000000 0.198232 0.006009 0.314841 
07:   0.050733 0.000000 0.198302 0.006005 0.314786 
iteration  2
00:   0.073950 0.000000 0.076241 0.006300 0.123061 
01:   0.072985 0.000000 0.075942 0.006303 0.138789 
02:   0.072745 0.000000 0.076161 0.006293 0.140927 
03:   0.071668 0.000000 0.076196 0.006295 0.140786 
04:   0.072047 0.000000 0.076293 0.006287 0.139149 
05:   0.072288 0.000000 0.076373 0.006300 0.140820 
06:   0.071025 0.000000 0.076293 0.006300 0.140925 
07:   0.071702 0.000000 0.076070 0.006286 0.139830 
iteration  3
00:   0.087918 0.000000 0.051479 0.006103 0.003697 
01:   0.086815 0.000000 0.051678 0.006107 0.003896 
02:   0.087950 0.000000 0.051767 0.006108 0.003861 
03:   0.087792 0.000000 0.051810 0.006106 0.003915 
04:   0.086157 0.000000 0.051679 0.006106 0.003804 
05:   0.087458 0.000000 0.051649 0.006109 0.003960 
06:   0.087934 0.000000 0.051580 0.006108 0.003896 
07:   0.086337 0.000000 0.051654 0.006108 0.003994 
iteration  4
00:   0.010322 0.000000 0.044083 0.005590 0.001262 
01:   0.010316 0.000000 0.044291 0.005602 0.001297 
02:   0.010103 0.000000 0.044115 0.005566 0.001263 
03:   0.010448 0.000000 0.044061 0.005591 0.001253 
04:   0.009977 0.000000 0.044246 0.005583 0.001277 
05:   0.010021 0.000000 0.043996 0.005593 0.001236 
06:   0.010010 0.000000 0.044171 0.005589 0.001274 
07:   0.010055 0.000000 0.044155 0.005583 0.001294 
iteration  5
00:   0.003116 0.000000 0.042475 0.003775 0.000880 
01:   0.003221 0.000000 0.042593 0.003776 0.000904 
02:   0.003091 0.000000 0.042501 0.003779 0.000877 
03:   0.003107 0.000000 0.042416 0.003776 0.000886 
04:   0.003162 0.000000 0.042514 0.003774 0.000892 
05:   0.003031 0.000000 0.042428 0.003775 0.000884 
06:   0.003131 0.000000 0.042427 0.003771 0.000884 
07:   0.003111 0.000000 0.042463 0.003752 0.000912 
iteration  6
00:   0.002420 0.000000 0.042893 0.003032 0.000845 
01:   0.002452 0.000000 0.042974 0.003041 0.000844 
02:   0.002412 0.000000 0.042951 0.003040 0.000850 
03:   0.002418 0.000000 0.042872 0.003033 0.000825 
04:   0.002425 0.000000 0.042914 0.003039 0.000843 
05:   0.002430 0.000000 0.042781 0.003040 0.000850 
06:   0.002365 0.000000 0.042770 0.003041 0.000845 
07:   0.002436 0.000000 0.042860 0.003037 0.000843 
iteration  7
00:   0.002084 0.000000 0.042174 0.001589 0.000781 
01:   0.002128 0.000000 0.042214 0.001595 0.000776 
02:   0.002105 0.000000 0.042256 0.001591 0.000784 
03:   0.002076 0.000000 0.042199 0.001591 0.000750 
04:   0.002103 0.000000 0.042153 0.001587 0.000783 
05:   0.002086 0.000000 0.042146 0.001592 0.000775 
06:   0.002077 0.000000 0.042143 0.001595 0.000780 
07:   0.002124 0.000000 0.042223 0.001596 0.000789 
/nethome/kalgin/z/mst/run.xeon.sh: line 45: 186631 Killed                  ./turbobust_stub.out $i 16
threadsCount = 16
loopsCount = 0
Done
iterationNumber = 0
iterationNumber = 1
iterationNumber = 2
iterationNumber = 3
iterationNumber = 4
iterationNumber = 5
iterationNumber = 6
iterationNumber = 7
0.884
2.386
iteration  0
00:   0.021564 0.000000 0.456896 0.001966 0.390222 
01:   0.021584 0.000000 0.434600 0.001965 0.510403 
02:   0.021212 0.000000 0.464450 0.001976 0.518740 
03:   0.021554 0.000000 0.464610 0.001975 0.524508 
04:   0.021573 0.000000 0.466187 0.001973 0.529034 
05:   0.021455 0.000000 0.437854 0.001949 0.527089 
06:   0.021383 0.000000 0.437364 0.001955 0.529656 
07:   0.021351 0.000000 0.440026 0.001972 0.534954 
08:   0.019562 0.000000 0.408095 0.001952 0.550830 
09:   0.019449 0.000000 0.407410 0.001974 0.551346 
10:   0.019445 0.000000 0.381320 0.002010 0.550576 
11:   0.019396 0.000000 0.381180 0.001984 0.552882 
12:   0.019277 0.000000 0.381484 0.002016 0.553621 
13:   0.019312 0.000000 0.407648 0.002009 0.554308 
14:   0.019077 0.000000 0.406748 0.001978 0.553471 
15:   0.020192 0.000000 0.406370 0.001962 0.554408 
iteration  1
00:   0.035783 0.000000 0.161121 0.006460 0.372949 
01:   0.034753 0.000000 0.151800 0.006479 0.428419 
02:   0.034692 0.000000 0.161280 0.006449 0.440593 
03:   0.035232 0.000000 0.161135 0.006451 0.442526 
04:   0.035181 0.000000 0.161166 0.006462 0.438002 
05:   0.034053 0.000000 0.154195 0.006450 0.443593 
06:   0.033852 0.000000 0.153511 0.006470 0.441695 
07:   0.033890 0.000000 0.153939 0.006427 0.445851 
08:   0.031748 0.000000 0.146613 0.006428 0.453363 
09:   0.031436 0.000000 0.145660 0.006428 0.452936 
10:   0.031048 0.000000 0.138752 0.006467 0.453943 
11:   0.031084 0.000000 0.138805 0.006462 0.455577 
12:   0.031039 0.000000 0.138531 0.006443 0.453149 
13:   0.030924 0.000000 0.145893 0.006428 0.454289 
14:   0.030833 0.000000 0.145374 0.006473 0.454388 
15:   0.030836 0.000000 0.145449 0.006434 0.454887 
iteration  2
00:   0.046246 0.000000 0.067276 0.005362 0.173815 
01:   0.045106 0.000000 0.065030 0.005324 0.203406 
02:   0.045372 0.000000 0.066879 0.005348 0.203721 
03:   0.044684 0.000000 0.066884 0.005338 0.201407 
04:   0.044621 0.000000 0.067054 0.005330 0.209471 
05:   0.045117 0.000000 0.065118 0.005288 0.208589 
06:   0.044040 0.000000 0.064875 0.005267 0.205738 
07:   0.044492 0.000000 0.065308 0.005348 0.209132 
08:   0.041021 0.000000 0.062621 0.005295 0.207933 
09:   0.040769 0.000000 0.062244 0.005333 0.205378 
10:   0.041065 0.000000 0.061220 0.005345 0.209877 
11:   0.040797 0.000000 0.061211 0.005294 0.210287 
12:   0.039893 0.000000 0.061222 0.005317 0.210049 
13:   0.040509 0.000000 0.062509 0.005338 0.210370 
14:   0.040521 0.000000 0.062126 0.005351 0.206474 
15:   0.040235 0.000000 0.062210 0.005285 0.209303 
iteration  3
00:   0.056176 0.000000 0.051993 0.004281 0.003214 
01:   0.055561 0.000000 0.051217 0.004296 0.004086 
02:   0.055209 0.000000 0.051996 0.004320 0.004061 
03:   0.054685 0.000000 0.051923 0.004326 0.003573 
04:   0.055225 0.000000 0.052114 0.004300 0.003892 
05:   0.056017 0.000000 0.051216 0.004325 0.003855 
06:   0.055650 0.000000 0.051187 0.004316 0.004111 
07:   0.055386 0.000000 0.051271 0.004322 0.004113 
08:   0.051759 0.000000 0.047999 0.004271 0.003781 
09:   0.049645 0.000000 0.047702 0.004264 0.003818 
10:   0.051394 0.000000 0.047600 0.004252 0.003902 
11:   0.051401 0.000000 0.047469 0.004271 0.004021 
12:   0.051815 0.000000 0.047533 0.004253 0.003900 
13:   0.051365 0.000000 0.047814 0.004259 0.003945 
14:   0.050734 0.000000 0.047852 0.004297 0.004168 
15:   0.050044 0.000000 0.047762 0.004286 0.003921 
iteration  4
00:   0.006730 0.000000 0.048396 0.003493 0.000752 
01:   0.007155 0.000000 0.048194 0.003461 0.000762 
02:   0.007110 0.000000 0.048444 0.003452 0.000799 
03:   0.006781 0.000000 0.048355 0.003453 0.000791 
04:   0.006882 0.000000 0.048424 0.003452 0.000792 
05:   0.006765 0.000000 0.048102 0.003524 0.000750 
06:   0.006995 0.000000 0.048049 0.003458 0.000759 
07:   0.007050 0.000000 0.048146 0.003515 0.000774 
08:   0.005595 0.000000 0.043672 0.003462 0.000654 
09:   0.005626 0.000000 0.043731 0.003495 0.000649 
10:   0.005678 0.000000 0.043544 0.003484 0.000637 
11:   0.005526 0.000000 0.043519 0.003443 0.000609 
12:   0.005685 0.000000 0.043568 0.003469 0.000643 
13:   0.005458 0.000000 0.043586 0.003448 0.000647 
14:   0.005732 0.000000 0.043582 0.003499 0.000656 
15:   0.005447 0.000000 0.043582 0.003444 0.000641 
iteration  5
00:   0.001779 0.000000 0.047892 0.002521 0.000537 
01:   0.001782 0.000000 0.047857 0.002526 0.000527 
02:   0.001850 0.000000 0.047867 0.002527 0.000548 
03:   0.001808 0.000000 0.047861 0.002504 0.000551 
04:   0.001794 0.000000 0.047822 0.002508 0.000543 
05:   0.001734 0.000000 0.047772 0.002497 0.000537 
06:   0.001740 0.000000 0.047759 0.002526 0.000534 
07:   0.001837 0.000000 0.047826 0.002562 0.000542 
08:   0.001649 0.000000 0.043228 0.002499 0.000444 
09:   0.001653 0.000000 0.043164 0.002488 0.000424 
10:   0.001592 0.000000 0.043141 0.002507 0.000427 
11:   0.001545 0.000000 0.043145 0.002542 0.000422 
12:   0.001635 0.000000 0.043145 0.002506 0.000424 
13:   0.001614 0.000000 0.043108 0.002478 0.000425 
14:   0.001643 0.000000 0.043163 0.002494 0.000444 
15:   0.001588 0.000000 0.043069 0.002479 0.000432 
iteration  6
00:   0.001162 0.000000 0.047995 0.001931 0.000516 
01:   0.001159 0.000000 0.048007 0.001927 0.000511 
02:   0.001179 0.000000 0.047952 0.001918 0.000516 
03:   0.001176 0.000000 0.047979 0.001936 0.000525 
04:   0.001171 0.000000 0.047959 0.001902 0.000515 
05:   0.001162 0.000000 0.047991 0.001955 0.000528 
06:   0.001133 0.000000 0.047913 0.001969 0.000516 
07:   0.001219 0.000000 0.047992 0.001934 0.000520 
08:   0.001142 0.000000 0.043205 0.001942 0.000411 
09:   0.001063 0.000000 0.043201 0.001928 0.000400 
10:   0.001113 0.000000 0.043197 0.001920 0.000402 
11:   0.001128 0.000000 0.043181 0.001966 0.000403 
12:   0.001123 0.000000 0.043158 0.001933 0.000397 
13:   0.001106 0.000000 0.043159 0.001932 0.000412 
14:   0.001147 0.000000 0.043139 0.001948 0.000404 
15:   0.001130 0.000000 0.043090 0.001966 0.000410 
iteration  7
00:   0.000957 0.000000 0.048079 0.001216 0.000519 
01:   0.000965 0.000000 0.048090 0.001199 0.000517 
02:   0.000948 0.000000 0.048036 0.001202 0.000524 
03:   0.000949 0.000000 0.048083 0.001196 0.000527 
04:   0.000944 0.000000 0.048058 0.001224 0.000525 
05:   0.000971 0.000000 0.048083 0.001197 0.000526 
06:   0.000935 0.000000 0.048015 0.001205 0.000519 
07:   0.000996 0.000000 0.048063 0.001228 0.000516 
08:   0.000932 0.000000 0.043179 0.001257 0.000423 
09:   0.000924 0.000000 0.043174 0.001258 0.000411 
10:   0.000914 0.000000 0.043115 0.001228 0.000412 
11:   0.000934 0.000000 0.043120 0.001232 0.000412 
12:   0.000913 0.000000 0.043151 0.001220 0.000410 
13:   0.000882 0.000000 0.043137 0.001209 0.000421 
14:   0.000922 0.000000 0.043121 0.001213 0.000418 
15:   0.000924 0.000000 0.043129 0.001233 0.000419 
/nethome/kalgin/z/mst/run.xeon.sh: line 45: 186649 Killed                  ./turbobust_stub.out $i 16
/nethome/kalgin/z/mst/run.xeon.sh: line 45: 186667 Segmentation fault      (core dumped) ./turbobust_stub.out $i 16
/nethome/kalgin/z/mst/run.xeon.sh: line 60: kill: (186667) - No such process
