threadsCount = 16
loopsCount = 0
30.326
47.111
threadsCount = 1
loopsCount = 0
Done
iterationNumber = 0
iterationNumber = 1
iterationNumber = 2
iterationNumber = 3
iterationNumber = 4
iterationNumber = 5
iterationNumber = 6
iterationNumber = 7
iterationNumber = 8
iterationNumber = 9
iterationNumber = 10
iterationNumber = 11
iterationNumber = 12
iterationNumber = 13
12.919
96.742
iteration  0
00:   3.025264 6.839239 15.047735 0.277753 2.323716 6.333520 
iteration  1
00:   1.937921 4.428526 6.567610 0.637890 1.198312 5.324706 
iteration  2
00:   1.038812 2.139738 2.505895 0.495208 0.596158 2.907935 
iteration  3
00:   0.627509 1.465264 1.157947 0.385752 0.281392 1.448457 
iteration  4
00:   0.501649 1.269070 0.750256 0.298962 0.186121 0.812875 
iteration  5
00:   0.389239 1.195337 0.637031 0.258325 0.165280 0.536931 
iteration  6
00:   0.309057 1.179288 0.603841 0.240117 0.160464 0.397390 
iteration  7
00:   0.237479 1.175861 0.596029 0.231799 0.159196 0.318408 
iteration  8
00:   0.191660 1.175627 0.594273 0.227378 0.159144 0.273680 
iteration  9
00:   0.158757 1.174261 0.592148 0.225007 0.159318 0.245645 
iteration 10
00:   0.141754 1.176106 0.592843 0.222075 0.159357 0.227712 
iteration 11
00:   0.129168 1.176422 0.588302 0.216216 0.159441 0.218119 
iteration 12
00:   0.126700 1.176202 0.592612 0.206896 0.159418 0.211563 
iteration 13
00:   0.119916 1.176065 0.590939 0.086107 0.159368 0.209903 
threadsCount = 2
loopsCount = 0
Done
iterationNumber = 0
iterationNumber = 1
iterationNumber = 2
iterationNumber = 3
iterationNumber = 4
iterationNumber = 5
iterationNumber = 6
iterationNumber = 7
iterationNumber = 8
iterationNumber = 9
iterationNumber = 10
iterationNumber = 11
iterationNumber = 12
iterationNumber = 13
9.497
65.143
iteration  0
00:   1.516450 3.528575 7.995857 0.278020 9.034101 3.628380 
01:   1.516468 3.768911 8.505236 0.277756 9.034093 3.643986 
iteration  1
00:   0.970530 2.313282 3.421010 0.412625 2.912348 3.088792 
01:   0.969033 2.431247 3.553764 0.412245 2.912354 3.094831 
iteration  2
00:   0.522286 1.149733 1.292540 0.325235 0.697684 1.700105 
01:   0.521672 1.182497 1.366939 0.324805 0.697688 1.700445 
iteration  3
00:   0.320076 0.814133 0.583157 0.253472 0.202120 0.868206 
01:   0.320055 0.822998 0.642586 0.253328 0.202118 0.870302 
iteration  4
00:   0.258615 0.707805 0.366782 0.198836 0.111482 0.493078 
01:   0.257158 0.710380 0.420745 0.198287 0.111484 0.494502 
iteration  5
00:   0.202859 0.673741 0.307840 0.175241 0.094957 0.330742 
01:   0.202310 0.674400 0.356902 0.174739 0.094960 0.331756 
iteration  6
00:   0.162584 0.666558 0.291713 0.165072 0.090192 0.243575 
01:   0.162976 0.666734 0.338397 0.164880 0.090194 0.243041 
iteration  7
00:   0.130222 0.664775 0.287318 0.160566 0.090980 0.190698 
01:   0.129756 0.664808 0.333858 0.160321 0.090983 0.191671 
iteration  8
00:   0.102580 0.664447 0.285802 0.158688 0.090757 0.163784 
01:   0.102851 0.664457 0.332501 0.158540 0.090755 0.163672 
iteration  9
00:   0.088956 0.664491 0.285214 0.158703 0.091095 0.145193 
01:   0.088524 0.664495 0.331907 0.157215 0.091098 0.148812 
iteration 10
00:   0.080868 0.664790 0.284829 0.154925 0.091281 0.134335 
01:   0.082367 0.664790 0.331419 0.159757 0.091283 0.140038 
iteration 11
00:   0.075926 0.664706 0.284848 0.159258 0.090458 0.133106 
01:   0.077452 0.664706 0.331526 0.148437 0.090461 0.130610 
iteration 12
00:   0.076249 0.664397 0.284736 0.148295 0.090977 0.129854 
01:   0.074775 0.664397 0.331515 0.156736 0.090975 0.127953 
iteration 13
00:   0.073136 0.664241 0.284944 0.043218 0.091442 0.126322 
01:   0.072888 0.664241 0.331735 0.043129 0.091439 0.126138 
/nethome/kalgin/z/mst/run.xeon.sh: line 46: 34370 Killed                  ./turbobust_stub.out $i 16
threadsCount = 4
loopsCount = 0
Done
iterationNumber = 0
iterationNumber = 1
iterationNumber = 2
iterationNumber = 3
iterationNumber = 4
iterationNumber = 5
iterationNumber = 6
iterationNumber = 7
iterationNumber = 8
iterationNumber = 9
iterationNumber = 10
iterationNumber = 11
iterationNumber = 12
iterationNumber = 13
7.860
50.102
iteration  0
00:   0.818521 2.059064 4.248732 0.139801 13.121129 2.790932 
01:   0.817830 2.098724 4.435242 0.139228 13.121158 2.786772 
02:   0.816565 2.168953 4.562054 0.139219 13.121149 2.786329 
03:   0.817087 2.238811 4.670668 0.139355 13.121111 2.783173 
iteration  1
00:   0.515293 1.320245 1.778216 0.208088 3.686691 1.956576 
01:   0.514811 1.339019 1.808986 0.207144 3.686721 1.957736 
02:   0.514087 1.373554 1.858236 0.207295 3.686700 1.956536 
03:   0.513909 1.403732 1.897644 0.207501 3.686695 1.955991 
iteration  2
00:   0.312496 0.717953 0.673828 0.163844 0.899272 1.056371 
01:   0.312907 0.723021 0.693404 0.163754 0.899290 1.056059 
02:   0.312442 0.732576 0.714322 0.163426 0.899286 1.055142 
03:   0.312109 0.740637 0.731282 0.163398 0.899273 1.055014 
iteration  3
00:   0.212498 0.537760 0.301970 0.128315 0.213133 0.557688 
01:   0.212627 0.539016 0.315678 0.128257 0.213139 0.560214 
02:   0.212459 0.541692 0.329955 0.127802 0.213138 0.558868 
03:   0.211895 0.543733 0.343071 0.127544 0.213134 0.558524 
iteration  4
00:   0.166709 0.489702 0.192536 0.100495 0.084838 0.338093 
01:   0.166622 0.490054 0.199916 0.100181 0.084842 0.338599 
02:   0.165965 0.490877 0.213068 0.100207 0.084843 0.338566 
03:   0.165818 0.491372 0.226215 0.100097 0.084830 0.338294 
iteration  5
00:   0.129596 0.475676 0.159120 0.088567 0.074979 0.233032 
01:   0.129413 0.475767 0.167943 0.088439 0.074982 0.233961 
02:   0.128977 0.476000 0.180242 0.088244 0.074982 0.233415 
03:   0.130339 0.476105 0.192983 0.088051 0.074977 0.234069 
iteration  6
00:   0.104704 0.474898 0.149871 0.083493 0.075580 0.172235 
01:   0.104585 0.474921 0.158354 0.083760 0.075581 0.173501 
02:   0.104113 0.474976 0.171440 0.083346 0.075581 0.173894 
03:   0.103594 0.475007 0.183379 0.082854 0.075577 0.172650 
iteration  7
00:   0.088242 0.473515 0.148224 0.081526 0.073640 0.135217 
01:   0.088768 0.473521 0.156553 0.081018 0.073641 0.136692 
02:   0.088737 0.473534 0.168876 0.081374 0.073642 0.136631 
03:   0.088834 0.473544 0.180727 0.080817 0.073637 0.137081 
iteration  8
00:   0.079093 0.474141 0.146288 0.080579 0.075656 0.116102 
01:   0.080101 0.474144 0.154799 0.080865 0.075657 0.115378 
02:   0.079701 0.474146 0.167714 0.080454 0.075647 0.118582 
03:   0.079906 0.474150 0.179792 0.080010 0.075656 0.117475 
iteration  9
00:   0.075074 0.474135 0.146483 0.079971 0.075489 0.102362 
01:   0.075186 0.474135 0.154834 0.079983 0.075488 0.104389 
02:   0.075754 0.474136 0.167388 0.082302 0.075489 0.106412 
03:   0.075619 0.474137 0.179334 0.080359 0.075486 0.103203 
iteration 10
00:   0.071393 0.471288 0.146151 0.077629 0.076628 0.095119 
01:   0.072435 0.471288 0.154462 0.080981 0.076624 0.097420 
02:   0.073470 0.471288 0.167263 0.082957 0.076628 0.097593 
03:   0.072162 0.471288 0.179217 0.083747 0.076628 0.094167 
iteration 11
00:   0.070660 0.474810 0.145154 0.079436 0.075531 0.091384 
01:   0.071461 0.474810 0.153732 0.079082 0.075531 0.090123 
02:   0.071777 0.474810 0.166926 0.076079 0.075532 0.091307 
03:   0.069387 0.474810 0.179304 0.077232 0.075528 0.094264 
iteration 12
00:   0.070623 0.472138 0.146040 0.073976 0.074581 0.091446 
01:   0.070067 0.472138 0.154273 0.077834 0.074577 0.089720 
02:   0.070786 0.472138 0.167136 0.084479 0.074580 0.089270 
03:   0.071681 0.472139 0.179070 0.091193 0.074581 0.088905 
iteration 13
00:   0.070465 0.471325 0.145297 0.021750 0.076355 0.091339 
01:   0.070466 0.471325 0.153786 0.021692 0.076352 0.091441 
02:   0.070639 0.471325 0.166991 0.021678 0.076355 0.091426 
03:   0.070768 0.471325 0.179188 0.021662 0.076355 0.091101 
/nethome/kalgin/z/mst/run.xeon.sh: line 46: 34388 Killed                  ./turbobust_stub.out $i 16
threadsCount = 8
loopsCount = 0
Done
iterationNumber = 0
iterationNumber = 1
iterationNumber = 2
iterationNumber = 3
iterationNumber = 4
iterationNumber = 5
iterationNumber = 6
iterationNumber = 7
iterationNumber = 8
iterationNumber = 9
iterationNumber = 10
iterationNumber = 11
iterationNumber = 12
iterationNumber = 13
7.871
43.283
iteration  0
00:   0.711167 1.395771 2.474342 0.071011 13.117958 2.992051 
01:   0.711100 1.394665 2.552149 0.071025 13.118014 2.987848 
02:   0.709352 1.394157 2.551700 0.071025 13.118020 2.987638 
03:   0.709528 1.431836 2.622174 0.071032 13.117994 2.982438 
04:   0.708190 1.437251 2.640521 0.071031 13.118005 2.985052 
05:   0.709061 1.429443 2.623200 0.071024 13.117994 2.987447 
06:   0.708219 1.439411 2.650845 0.071030 13.118017 2.986748 
07:   0.709458 1.533266 2.801099 0.071032 13.117955 2.985686 
iteration  1
00:   0.438666 0.853253 0.987493 0.105702 3.706765 1.877171 
01:   0.438327 0.853255 0.990492 0.105698 3.706803 1.871883 
02:   0.438241 0.853719 0.990505 0.105703 3.706803 1.870443 
03:   0.437081 0.870251 1.012630 0.105701 3.706801 1.868800 
04:   0.437314 0.873529 1.019220 0.105698 3.706796 1.870769 
05:   0.437079 0.869802 1.014567 0.105700 3.706786 1.869097 
06:   0.437214 0.874740 1.023079 0.105694 3.706803 1.869455 
07:   0.437268 0.915832 1.077320 0.105697 3.706756 1.867195 
iteration  2
00:   0.292428 0.510120 0.357055 0.083686 0.953333 1.017271 
01:   0.292305 0.510136 0.360783 0.083689 0.953365 1.018451 
02:   0.291931 0.510173 0.359758 0.083691 0.953367 1.017217 
03:   0.291790 0.514709 0.372294 0.083690 0.953365 1.016914 
04:   0.291467 0.515662 0.374501 0.083681 0.953361 1.017067 
05:   0.291481 0.514585 0.370936 0.083690 0.953353 1.016764 
06:   0.291066 0.515984 0.375811 0.083688 0.953362 1.015465 
07:   0.291117 0.527143 0.399270 0.083684 0.953337 1.014200 
iteration  3
00:   0.203681 0.416095 0.163777 0.066157 0.246875 0.579076 
01:   0.203820 0.416114 0.164974 0.066152 0.246888 0.580992 
02:   0.203682 0.416070 0.164709 0.066163 0.246885 0.580289 
03:   0.203597 0.417220 0.173347 0.066165 0.246879 0.579239 
04:   0.203369 0.417620 0.175260 0.066157 0.246880 0.578965 
05:   0.202960 0.417304 0.172712 0.066160 0.246881 0.581162 
06:   0.203132 0.417668 0.175570 0.066162 0.246881 0.579312 
07:   0.202698 0.420558 0.191820 0.066164 0.246868 0.578998 
iteration  4
00:   0.148159 0.395203 0.107586 0.051774 0.079019 0.363558 
01:   0.147593 0.395212 0.108233 0.051776 0.079025 0.366285 
02:   0.147610 0.395206 0.107483 0.051786 0.079032 0.365933 
03:   0.147292 0.395544 0.115055 0.051796 0.079030 0.365227 
04:   0.147065 0.395706 0.116230 0.051787 0.079024 0.366137 
05:   0.147109 0.395620 0.114950 0.051799 0.079028 0.366296 
06:   0.147161 0.395710 0.116716 0.051789 0.079027 0.365853 
07:   0.147073 0.396513 0.130490 0.051792 0.079021 0.364993 
iteration  5
00:   0.114297 0.390079 0.092732 0.045454 0.073011 0.256324 
01:   0.114610 0.390082 0.092943 0.045443 0.073008 0.258005 
02:   0.114542 0.390082 0.092639 0.045447 0.073014 0.257551 
03:   0.114387 0.390180 0.100025 0.045451 0.073011 0.257275 
04:   0.114470 0.390214 0.101071 0.045446 0.073014 0.257678 
05:   0.113935 0.390183 0.099955 0.045445 0.073015 0.257442 
06:   0.114209 0.390206 0.101267 0.045450 0.073015 0.255860 
07:   0.114399 0.390400 0.112043 0.045431 0.073009 0.257510 
iteration  6
00:   0.095138 0.389631 0.090031 0.042963 0.072003 0.200148 
01:   0.095460 0.389627 0.089204 0.042977 0.072007 0.201930 
02:   0.095176 0.389627 0.089426 0.042978 0.072004 0.199814 
03:   0.095399 0.389649 0.096399 0.042977 0.072005 0.201067 
04:   0.095139 0.389659 0.097127 0.042975 0.072008 0.201085 
05:   0.095310 0.389649 0.096154 0.042980 0.072010 0.201374 
06:   0.094734 0.389652 0.097628 0.042984 0.072005 0.201436 
07:   0.095371 0.389712 0.107363 0.042962 0.072002 0.201520 
iteration  7
00:   0.084543 0.389769 0.089015 0.042298 0.072129 0.166539 
01:   0.084692 0.389770 0.088339 0.042298 0.072125 0.166931 
02:   0.084542 0.389770 0.088309 0.042307 0.072111 0.167635 
03:   0.084632 0.389775 0.095400 0.042304 0.072131 0.167444 
04:   0.084429 0.389777 0.096057 0.042304 0.072128 0.168297 
05:   0.084229 0.389774 0.095706 0.042308 0.072129 0.167031 
06:   0.083978 0.389779 0.096274 0.042304 0.072130 0.164659 
07:   0.084309 0.389793 0.105841 0.042302 0.072124 0.167937 
iteration  8
00:   0.077444 0.389249 0.088495 0.042344 0.072312 0.141176 
01:   0.078191 0.389248 0.088005 0.042350 0.072318 0.143647 
02:   0.078366 0.389249 0.087901 0.042345 0.072319 0.144551 
03:   0.077998 0.389249 0.095329 0.042353 0.072319 0.142765 
04:   0.078244 0.389250 0.095646 0.042350 0.072309 0.143944 
05:   0.078153 0.389248 0.094565 0.042361 0.072332 0.143153 
06:   0.077197 0.389250 0.096055 0.042346 0.072327 0.141197 
07:   0.078394 0.389254 0.105995 0.042353 0.072327 0.144046 
iteration  9
00:   0.072450 0.389296 0.088611 0.043395 0.071995 0.127993 
01:   0.074514 0.389296 0.087933 0.043408 0.072006 0.128950 
02:   0.074867 0.389296 0.087825 0.043406 0.072005 0.129691 
03:   0.074232 0.389296 0.094899 0.043400 0.072004 0.130298 
04:   0.074409 0.389297 0.095268 0.043404 0.072002 0.131848 
05:   0.074423 0.389296 0.094388 0.043397 0.072009 0.130587 
06:   0.073799 0.389296 0.095870 0.043404 0.072006 0.131890 
07:   0.074807 0.389298 0.105081 0.043393 0.071994 0.130984 
iteration 10
00:   0.070667 0.389037 0.088599 0.044294 0.071923 0.122858 
01:   0.070701 0.389036 0.087962 0.044300 0.071945 0.127926 
02:   0.071284 0.389036 0.087877 0.044298 0.071941 0.124453 
03:   0.071533 0.389036 0.095302 0.044295 0.071942 0.122905 
04:   0.072251 0.389037 0.095260 0.044298 0.071929 0.126309 
05:   0.070746 0.389036 0.094486 0.044305 0.071938 0.122004 
06:   0.071881 0.389037 0.095733 0.044303 0.071942 0.127015 
07:   0.072086 0.389036 0.105268 0.044291 0.071928 0.126038 
iteration 11
00:   0.068799 0.388657 0.088465 0.042808 0.071796 0.118061 
01:   0.071078 0.388657 0.087638 0.042786 0.071798 0.123162 
02:   0.069635 0.388657 0.087541 0.042811 0.071784 0.117159 
03:   0.067765 0.388657 0.094753 0.042810 0.071798 0.117778 
04:   0.070686 0.388657 0.095370 0.042809 0.071796 0.117648 
05:   0.069410 0.388656 0.094403 0.042813 0.071799 0.119670 
06:   0.070723 0.388657 0.095820 0.042808 0.071799 0.117957 
07:   0.071027 0.388658 0.105530 0.042816 0.071800 0.117007 
iteration 12
00:   0.068948 0.388797 0.088772 0.045154 0.071498 0.118691 
01:   0.070825 0.388798 0.088401 0.045145 0.071514 0.121403 
02:   0.069227 0.388797 0.088138 0.045152 0.071502 0.119482 
03:   0.068849 0.388797 0.095555 0.045155 0.071516 0.119688 
04:   0.069155 0.388797 0.095392 0.045160 0.071516 0.119844 
05:   0.070031 0.388797 0.094454 0.045154 0.071515 0.118171 
06:   0.069699 0.388797 0.096000 0.045155 0.071515 0.119358 
07:   0.069635 0.388797 0.105311 0.045149 0.071516 0.119178 
iteration 13
00:   0.069260 0.389070 0.087515 0.011148 0.071914 0.118667 
01:   0.069926 0.389070 0.087242 0.011145 0.071908 0.118831 
02:   0.069738 0.389071 0.087082 0.011136 0.071920 0.118665 
03:   0.069475 0.389070 0.094652 0.011145 0.071905 0.118407 
04:   0.069952 0.389070 0.095300 0.011146 0.071916 0.118310 
05:   0.069801 0.389070 0.094209 0.011145 0.071913 0.119197 
06:   0.070011 0.389070 0.095643 0.011145 0.071914 0.117041 
07:   0.070081 0.389070 0.105382 0.011145 0.071916 0.118512 
/nethome/kalgin/z/mst/run.xeon.sh: line 46: 34409 Killed                  ./turbobust_stub.out $i 16
threadsCount = 16
loopsCount = 0
Done
iterationNumber = 0
iterationNumber = 1
iterationNumber = 2
iterationNumber = 3
iterationNumber = 4
iterationNumber = 5
iterationNumber = 6
iterationNumber = 7
iterationNumber = 8
iterationNumber = 9
iterationNumber = 10
iterationNumber = 11
iterationNumber = 12
iterationNumber = 13
7.248
64.483
iteration  0
00:   0.233624 1.525410 1.558447 0.042939 17.956614 1.263544 
01:   0.231681 1.523171 1.663123 0.042942 17.956629 1.274395 
02:   0.231949 1.522964 1.667414 0.042953 17.956593 1.256922 
03:   0.231924 1.523573 1.670845 0.042935 17.956623 1.260021 
04:   0.231134 1.523245 1.673477 0.042940 17.956654 1.264170 
05:   0.229225 1.523078 1.675868 0.042928 17.956664 1.272446 
06:   0.230322 1.521998 1.674377 0.042940 17.956684 1.248886 
07:   0.230426 1.524085 1.682631 0.042946 17.956728 1.238980 
08:   0.424027 1.444877 1.581703 0.042909 17.956698 16.479271 
09:   0.423047 1.443217 1.577264 0.042911 17.956738 13.629743 
10:   0.408336 1.442973 1.583103 0.042874 17.956704 14.480130 
11:   0.422869 1.444104 1.574951 0.042896 17.956738 16.108851 
12:   0.421997 1.444696 1.569695 0.042899 17.956722 14.284363 
13:   0.421025 1.443324 1.568383 0.042912 17.956710 16.647173 
14:   0.420960 1.443672 1.602546 0.042905 17.956719 14.546555 
15:   0.421052 1.442341 1.599585 0.042911 17.956633 16.496796 
iteration  1
00:   1.721952 1.782062 0.557906 0.061130 5.995226 0.894837 
01:   1.420678 1.782113 0.554627 0.061132 5.995260 0.893701 
02:   1.643668 1.782041 0.553779 0.061150 5.995222 0.893979 
03:   1.399763 1.782007 0.549718 0.061126 5.995247 0.894788 
04:   1.735419 1.782177 0.552101 0.061136 5.995259 0.892449 
05:   1.744553 1.781969 0.550611 0.061129 5.995266 0.891059 
06:   1.276932 1.781800 0.548863 0.061177 5.995273 0.893110 
07:   1.653202 1.781690 0.551695 0.061147 5.995281 0.889898 
08:   0.871462 1.751409 0.509088 0.061151 5.995252 1.153430 
09:   0.442391 1.751263 0.506824 0.061182 5.995258 1.151595 
10:   0.198738 1.751330 0.507542 0.061157 5.995264 1.160556 
11:   0.252225 1.751335 0.506127 0.061149 5.995275 1.154043 
12:   0.198609 1.751572 0.505155 0.061185 5.995268 1.148009 
13:   0.786322 1.751200 0.505218 0.061209 5.995252 1.153103 
14:   0.287796 1.754223 0.518134 0.061135 5.995281 1.142247 
15:   0.902822 1.754024 0.515325 0.061151 5.995227 1.144328 
iteration  2
00:   0.096208 0.669505 0.239035 0.051497 1.633069 0.513843 
01:   0.096704 0.669502 0.237330 0.051509 1.633066 0.513221 
02:   0.096365 0.669455 0.236192 0.051471 1.633076 0.512345 
03:   0.096552 0.669533 0.234576 0.051500 1.633087 0.512106 
04:   0.096049 0.669452 0.233459 0.051487 1.633069 0.511939 
05:   0.095954 0.669550 0.233714 0.051542 1.633088 0.510992 
06:   0.095830 0.669463 0.233589 0.051479 1.633090 0.510667 
07:   0.095235 0.669385 0.234404 0.051498 1.633099 0.510170 
08:   0.161305 0.660319 0.198119 0.051523 1.633097 0.684002 
09:   0.160816 0.660263 0.196967 0.051552 1.633112 0.682460 
10:   0.160941 0.660204 0.197145 0.051524 1.633074 0.682368 
11:   0.160754 0.660259 0.195736 0.051547 1.633070 0.682766 
12:   0.160732 0.660296 0.196344 0.051531 1.633079 0.681873 
13:   0.160309 0.660204 0.196099 0.051493 1.633070 0.679813 
14:   0.159891 0.660995 0.200034 0.051560 1.633093 0.681540 
15:   0.159643 0.661130 0.199248 0.051573 1.633098 0.680756 
iteration  3
00:   0.069433 0.597437 0.160521 0.041743 0.412127 0.307692 
01:   0.069313 0.597461 0.159548 0.041736 0.412134 0.307449 
02:   0.069494 0.597459 0.159035 0.041777 0.412126 0.308087 
03:   0.068966 0.597497 0.157836 0.041756 0.412132 0.306950 
04:   0.068911 0.597471 0.157723 0.041749 0.412145 0.307598 
05:   0.069567 0.597447 0.157659 0.041735 0.412147 0.307110 
06:   0.068329 0.597438 0.157725 0.041743 0.412130 0.306872 
07:   0.068364 0.597451 0.157998 0.041747 0.412131 0.305564 
08:   0.115009 0.595037 0.101450 0.041839 0.412153 0.389127 
09:   0.114499 0.594973 0.101202 0.041785 0.412142 0.388899 
10:   0.114303 0.594995 0.100715 0.041864 0.412131 0.387280 
11:   0.114309 0.595021 0.101300 0.041837 0.412159 0.386682 
12:   0.114368 0.595015 0.100394 0.041817 0.412171 0.387579 
13:   0.114212 0.595021 0.099761 0.041784 0.412173 0.387106 
14:   0.113631 0.595243 0.100778 0.041741 0.412134 0.387330 
15:   0.113382 0.595415 0.101044 0.041741 0.412133 0.387734 
iteration  4
00:   0.056158 0.582875 0.144952 0.033648 0.106439 0.165247 
01:   0.056709 0.582902 0.144434 0.033680 0.106417 0.166151 
02:   0.056574 0.582869 0.144186 0.033654 0.106446 0.166577 
03:   0.056931 0.582987 0.144072 0.033704 0.106449 0.166290 
04:   0.055940 0.582976 0.144069 0.033668 0.106443 0.166667 
05:   0.055647 0.582978 0.143696 0.033672 0.106446 0.165322 
06:   0.056096 0.582955 0.143641 0.033671 0.106435 0.166617 
07:   0.056124 0.582962 0.143863 0.033645 0.106447 0.165300 
08:   0.074183 0.582344 0.075642 0.033773 0.106407 0.219189 
09:   0.073907 0.582320 0.075567 0.033684 0.106421 0.219125 
10:   0.073629 0.582345 0.075785 0.033669 0.106420 0.218145 
11:   0.072829 0.582323 0.075825 0.033683 0.106422 0.217856 
12:   0.073485 0.582326 0.075272 0.033689 0.106424 0.218702 
13:   0.073643 0.582338 0.074977 0.033646 0.106421 0.217430 
14:   0.073608 0.582433 0.074080 0.033673 0.106421 0.218276 
15:   0.072973 0.582482 0.073492 0.033696 0.106401 0.216859 
iteration  5
00:   0.045659 0.581240 0.140631 0.030672 0.035779 0.116483 
01:   0.046917 0.581256 0.140653 0.030672 0.035811 0.118369 
02:   0.046665 0.581249 0.140510 0.030668 0.035824 0.117794 
03:   0.046428 0.581285 0.140408 0.030657 0.035815 0.118517 
04:   0.046478 0.581292 0.140518 0.030686 0.035791 0.118330 
05:   0.045810 0.581281 0.140173 0.030663 0.035779 0.117399 
06:   0.046379 0.581295 0.140270 0.030680 0.035779 0.118866 
07:   0.045894 0.581286 0.140156 0.030672 0.035784 0.117444 
08:   0.061413 0.581125 0.070081 0.030654 0.035783 0.129834 
09:   0.061123 0.581116 0.069970 0.030654 0.035783 0.127863 
10:   0.060752 0.581119 0.069718 0.030666 0.035783 0.129698 
11:   0.060560 0.581108 0.069599 0.030646 0.035783 0.128892 
12:   0.060947 0.581120 0.069642 0.030648 0.035781 0.128761 
13:   0.060104 0.581106 0.069349 0.030641 0.035783 0.124008 
14:   0.060942 0.581152 0.067628 0.030681 0.035837 0.129119 
15:   0.060265 0.581167 0.066844 0.030644 0.035781 0.127873 
iteration  6
00:   0.038894 0.587042 0.139961 0.030006 0.032625 0.104562 
01:   0.040327 0.587047 0.139770 0.030003 0.032619 0.106517 
02:   0.039628 0.587047 0.139793 0.029963 0.032623 0.105188 
03:   0.039758 0.587046 0.139700 0.029959 0.032625 0.107073 
04:   0.040152 0.587052 0.139630 0.029995 0.032627 0.105525 
05:   0.039027 0.587047 0.139538 0.029976 0.032622 0.106311 
06:   0.039545 0.587051 0.139451 0.030006 0.032623 0.105954 
07:   0.039317 0.587045 0.139495 0.029990 0.032643 0.104808 
08:   0.041667 0.587013 0.068274 0.030016 0.032640 0.117801 
09:   0.041057 0.587004 0.068129 0.030013 0.032635 0.118790 
10:   0.041663 0.587009 0.068127 0.029993 0.032650 0.118368 
11:   0.041487 0.587006 0.068072 0.029982 0.032623 0.119136 
12:   0.041211 0.587007 0.067892 0.030024 0.032654 0.118799 
13:   0.040308 0.587003 0.067558 0.029999 0.032642 0.116601 
14:   0.041322 0.587021 0.065734 0.030037 0.032621 0.118825 
15:   0.040590 0.587019 0.065099 0.030057 0.032630 0.116447 
iteration  7
00:   0.033554 0.581017 0.139677 0.030120 0.032803 0.087998 
01:   0.035025 0.581019 0.139432 0.030091 0.032788 0.092660 
02:   0.033712 0.581017 0.139687 0.030095 0.032761 0.089757 
03:   0.034670 0.581020 0.139509 0.030094 0.032781 0.091598 
04:   0.034156 0.581019 0.139651 0.030093 0.032806 0.091833 
05:   0.034614 0.581020 0.139310 0.030099 0.032764 0.091684 
06:   0.034509 0.581020 0.139360 0.030093 0.032786 0.090262 
07:   0.034087 0.581019 0.139396 0.030095 0.032772 0.091149 
08:   0.043648 0.581009 0.068030 0.030124 0.032766 0.096527 
09:   0.044061 0.581010 0.067969 0.030105 0.032775 0.097210 
10:   0.043832 0.581007 0.067813 0.030109 0.032795 0.096613 
11:   0.044237 0.581008 0.067928 0.030102 0.032820 0.096685 
12:   0.044207 0.581009 0.067698 0.030114 0.032806 0.096551 
13:   0.042839 0.581008 0.067537 0.030089 0.032790 0.096684 
14:   0.044057 0.581012 0.065167 0.030118 0.032799 0.097476 
15:   0.043028 0.581014 0.064536 0.030094 0.032805 0.096157 
iteration  8
00:   0.030291 0.579352 0.139121 0.030008 0.032699 0.081879 
01:   0.033177 0.579356 0.138981 0.030035 0.032747 0.085102 
02:   0.031684 0.579351 0.139144 0.029991 0.032701 0.085757 
03:   0.032494 0.579353 0.139033 0.030020 0.032716 0.085842 
04:   0.032474 0.579355 0.139101 0.030017 0.032727 0.085398 
05:   0.032595 0.579354 0.138793 0.030032 0.032698 0.085414 
06:   0.031740 0.579354 0.138911 0.029992 0.032701 0.086184 
07:   0.032701 0.579354 0.138626 0.030051 0.032699 0.085698 
08:   0.034955 0.579353 0.067545 0.030009 0.032703 0.086090 
09:   0.035350 0.579352 0.067473 0.030059 0.032721 0.087506 
10:   0.034942 0.579351 0.067507 0.030050 0.032699 0.086034 
11:   0.034922 0.579351 0.067328 0.030068 0.032749 0.086351 
12:   0.035497 0.579353 0.067259 0.030048 0.032701 0.086730 
13:   0.034656 0.579352 0.067042 0.030058 0.032751 0.088155 
14:   0.035299 0.579352 0.065021 0.030076 0.032718 0.087254 
15:   0.034824 0.579354 0.064597 0.030022 0.032710 0.085412 
iteration  9
00:   0.028285 0.579623 0.139251 0.030406 0.032863 0.075681 
01:   0.030317 0.579624 0.138987 0.030282 0.032885 0.075999 
02:   0.030550 0.579624 0.138816 0.030428 0.032882 0.079149 
03:   0.030570 0.579624 0.138975 0.030359 0.032872 0.075658 
04:   0.030528 0.579625 0.138954 0.030408 0.032862 0.073800 
05:   0.030704 0.579624 0.138752 0.030386 0.032892 0.079605 
06:   0.030684 0.579625 0.138802 0.030389 0.032857 0.079488 
07:   0.030612 0.579624 0.138964 0.030366 0.032856 0.079102 
08:   0.033096 0.579623 0.067833 0.030299 0.032891 0.079276 
09:   0.034397 0.579623 0.067584 0.030293 0.032875 0.078422 
10:   0.034110 0.579624 0.067605 0.030382 0.032898 0.077392 
11:   0.034349 0.579623 0.067526 0.030298 0.032865 0.075647 
12:   0.034398 0.579623 0.067414 0.030391 0.032860 0.082104 
13:   0.034232 0.579624 0.067212 0.030382 0.032856 0.081842 
14:   0.034095 0.579624 0.064886 0.030267 0.032856 0.078880 
15:   0.033475 0.579623 0.064202 0.030347 0.032860 0.078446 
iteration 10
00:   0.028822 0.580606 0.140706 0.030705 0.032758 0.079987 
01:   0.028002 0.580605 0.140479 0.030650 0.032755 0.077781 
02:   0.029742 0.580607 0.140336 0.030569 0.032744 0.080897 
03:   0.028471 0.580607 0.140245 0.030663 0.032772 0.077252 
04:   0.027356 0.580606 0.140327 0.030573 0.032761 0.080467 
05:   0.029791 0.580607 0.140208 0.030655 0.032739 0.079125 
06:   0.029006 0.580606 0.140349 0.030664 0.032773 0.078328 
07:   0.029492 0.580606 0.140137 0.030584 0.032770 0.086809 
08:   0.032990 0.580605 0.067805 0.030581 0.032771 0.079474 
09:   0.033187 0.580606 0.067582 0.030655 0.032793 0.080552 
10:   0.032770 0.580607 0.067691 0.030667 0.032747 0.079862 
11:   0.032336 0.580605 0.067324 0.030608 0.032791 0.079488 
12:   0.033719 0.580607 0.067475 0.030679 0.032770 0.079220 
13:   0.033666 0.580606 0.067257 0.030606 0.032750 0.082448 
14:   0.033158 0.580606 0.064793 0.030617 0.032736 0.079980 
15:   0.032574 0.580605 0.064150 0.030614 0.032768 0.081842 
iteration 11
00:   0.027923 0.580087 0.139521 0.029748 0.032493 0.074692 
01:   0.026872 0.580087 0.139413 0.029827 0.032465 0.074911 
02:   0.028328 0.580087 0.139363 0.029745 0.032482 0.084405 
03:   0.026672 0.580087 0.139317 0.029746 0.032478 0.074713 
04:   0.028260 0.580087 0.139202 0.029749 0.032488 0.074635 
05:   0.027661 0.580087 0.139151 0.029763 0.032462 0.074760 
06:   0.027413 0.580087 0.139207 0.029768 0.032486 0.075172 
07:   0.029111 0.580088 0.138961 0.029782 0.032461 0.074417 
08:   0.032900 0.580087 0.067500 0.029755 0.032495 0.077077 
09:   0.033140 0.580087 0.067373 0.029717 0.032475 0.077209 
10:   0.032811 0.580087 0.067335 0.029738 0.032495 0.075592 
11:   0.032781 0.580087 0.067204 0.029777 0.032493 0.076876 
12:   0.032730 0.580087 0.067144 0.029729 0.032503 0.076899 
13:   0.033224 0.580087 0.066894 0.029766 0.032472 0.078721 
14:   0.032932 0.580087 0.064581 0.029767 0.032467 0.076354 
15:   0.033075 0.580087 0.064356 0.029741 0.032468 0.077624 
iteration 12
00:   0.027201 0.579536 0.139023 0.027182 0.032973 0.069846 
01:   0.027469 0.579536 0.138968 0.027186 0.032973 0.069947 
02:   0.029104 0.579536 0.138810 0.027162 0.032975 0.076410 
03:   0.027561 0.579536 0.138741 0.027145 0.032957 0.070744 
04:   0.027256 0.579535 0.138709 0.027143 0.032954 0.068982 
05:   0.027457 0.579535 0.139332 0.027157 0.032950 0.070248 
06:   0.027216 0.579535 0.138559 0.027177 0.032970 0.070418 
07:   0.026800 0.579535 0.138283 0.027162 0.032973 0.070790 
08:   0.032730 0.579536 0.067813 0.027172 0.032989 0.073776 
09:   0.032754 0.579536 0.067828 0.027191 0.032982 0.073695 
10:   0.032664 0.579536 0.067767 0.027196 0.032984 0.073676 
11:   0.032689 0.579536 0.067580 0.027159 0.032960 0.073206 
12:   0.032613 0.579536 0.067522 0.027217 0.033010 0.072995 
13:   0.032960 0.579536 0.067337 0.027141 0.032946 0.071622 
14:   0.032462 0.579536 0.064962 0.027171 0.032981 0.073537 
15:   0.032801 0.579537 0.064024 0.027179 0.032945 0.073670 
iteration 13
00:   0.027711 0.581317 0.139736 0.007214 0.032671 0.071949 
01:   0.028117 0.581317 0.139456 0.007215 0.032647 0.072987 
02:   0.028116 0.581317 0.139457 0.007215 0.032663 0.072635 
03:   0.028014 0.581317 0.139219 0.007199 0.032685 0.072734 
04:   0.028010 0.581317 0.139331 0.007192 0.032679 0.072723 
05:   0.027661 0.581317 0.139038 0.007193 0.032656 0.072841 
06:   0.027994 0.581317 0.139080 0.007203 0.032660 0.072530 
07:   0.027810 0.581317 0.139176 0.007212 0.032686 0.072409 
08:   0.032761 0.581317 0.067695 0.007195 0.032643 0.074698 
09:   0.032735 0.581317 0.067638 0.007238 0.032666 0.074035 
10:   0.032651 0.581317 0.067604 0.007224 0.032651 0.074538 
11:   0.032680 0.581317 0.067470 0.007215 0.032644 0.074108 
12:   0.032596 0.581317 0.067403 0.007206 0.032709 0.073813 
13:   0.032617 0.581317 0.067186 0.007251 0.032679 0.073854 
14:   0.032454 0.581317 0.064733 0.007216 0.032704 0.073546 
15:   0.032287 0.581317 0.064052 0.007244 0.032675 0.072712 
/nethome/kalgin/z/mst/run.xeon.sh: line 46: 34428 Killed                  ./turbobust_stub.out $i 16
/nethome/kalgin/z/mst/run.xeon.sh: line 46: 34451 Segmentation fault      (core dumped) ./turbobust_stub.out $i 16
/nethome/kalgin/z/mst/run.xeon.sh: line 61: kill: (34451) - No such process
ls: cannot access /tmp/data.bin: No such file or directory
ls: cannot access /tmp/data.bin: No such file or directory
