threadsCount = 16
loopsCount = 0
30.366
46.879
threadsCount = 1
loopsCount = 0
Done
iterationNumber = 0
iterationNumber = 1
iterationNumber = 2
iterationNumber = 3
iterationNumber = 4
iterationNumber = 5
iterationNumber = 6
iterationNumber = 7
iterationNumber = 8
iterationNumber = 9
iterationNumber = 10
iterationNumber = 11
iterationNumber = 12
iterationNumber = 13
iterationNumber = 14
15.202
83.914
iteration  0
00:   1.154756 6.191395 14.069187 0.239354 0.000000 0.931151 
iteration  1
00:   3.384140 4.027442 6.384578 0.581575 0.000000 1.211734 
iteration  2
00:   4.160420 1.988909 2.488105 0.445683 0.000000 0.582840 
iteration  3
00:   3.334656 1.405390 1.154107 0.339512 0.000000 0.211537 
iteration  4
00:   2.520282 1.224357 0.743864 0.257788 0.000000 0.092514 
iteration  5
00:   1.800639 1.155784 0.630951 0.215771 0.000000 0.058138 
iteration  6
00:   1.198703 1.141138 0.597713 0.196322 0.000000 0.048227 
iteration  7
00:   0.769553 1.135035 0.588284 0.184379 0.000000 0.045315 
iteration  8
00:   0.494885 1.133799 0.585391 0.180854 0.000000 0.044252 
iteration  9
00:   0.324968 1.134352 0.584890 0.177888 0.000000 0.044015 
iteration 10
00:   0.228041 1.135185 0.584565 0.176834 0.000000 0.043884 
iteration 11
00:   0.161454 1.134541 0.584529 0.178232 0.000000 0.043843 
iteration 12
00:   0.121381 1.135861 0.584272 0.169307 0.000000 0.043848 
iteration 13
00:   0.097726 1.135760 0.584160 0.155921 0.000000 0.043843 
iteration 14
00:   0.087341 1.135033 0.584810 0.073147 0.000000 0.043735 
threadsCount = 2
loopsCount = 0
Done
iterationNumber = 0
iterationNumber = 1
iterationNumber = 2
iterationNumber = 3
iterationNumber = 4
iterationNumber = 5
iterationNumber = 6
iterationNumber = 7
iterationNumber = 8
iterationNumber = 9
iterationNumber = 10
iterationNumber = 11
iterationNumber = 12
iterationNumber = 13
iterationNumber = 14
10.437
46.503
iteration  0
00:   0.632241 3.201773 7.548559 0.120076 0.000000 0.475407 
01:   0.631792 3.446537 8.107975 0.119816 0.000000 0.476596 
iteration  1
00:   1.742114 2.124511 3.317634 0.291825 0.000000 0.615794 
01:   1.731859 2.242852 3.488917 0.291506 0.000000 0.624108 
iteration  2
00:   2.207685 1.078166 1.275856 0.223936 0.000000 0.290192 
01:   2.203277 1.110807 1.362867 0.223652 0.000000 0.294467 
iteration  3
00:   1.877115 0.784825 0.583033 0.170742 0.000000 0.106218 
01:   1.870723 0.793491 0.641279 0.170702 0.000000 0.107564 
iteration  4
00:   1.428652 0.688324 0.367778 0.129686 0.000000 0.046604 
01:   1.423799 0.690764 0.418039 0.129333 0.000000 0.046888 
iteration  5
00:   0.998547 0.653829 0.308024 0.108190 0.000000 0.029454 
01:   0.994347 0.654444 0.354412 0.107369 0.000000 0.029592 
iteration  6
00:   0.653310 0.646495 0.291612 0.097947 0.000000 0.024329 
01:   0.648132 0.646666 0.334800 0.097598 0.000000 0.024301 
iteration  7
00:   0.414416 0.644915 0.287182 0.092543 0.000000 0.022891 
01:   0.413790 0.644955 0.330205 0.092967 0.000000 0.022732 
iteration  8
00:   0.264845 0.645280 0.286051 0.089986 0.000000 0.022343 
01:   0.264645 0.645290 0.329205 0.089602 0.000000 0.022274 
iteration  9
00:   0.172830 0.645121 0.284802 0.089050 0.000000 0.022093 
01:   0.171482 0.645121 0.328054 0.087533 0.000000 0.022022 
iteration 10
00:   0.116761 0.644484 0.284792 0.087717 0.000000 0.022115 
01:   0.120620 0.644485 0.328959 0.088450 0.000000 0.022060 
iteration 11
00:   0.092364 0.643967 0.284731 0.091147 0.000000 0.022139 
01:   0.085298 0.643967 0.327994 0.087868 0.000000 0.022058 
iteration 12
00:   0.063403 0.644971 0.284971 0.084675 0.000000 0.022095 
01:   0.075846 0.644971 0.328146 0.086181 0.000000 0.022049 
iteration 13
00:   0.060988 0.644824 0.284787 0.073540 0.000000 0.022132 
01:   0.053003 0.644823 0.328079 0.082700 0.000000 0.022071 
iteration 14
00:   0.057230 0.644757 0.284832 0.036685 0.000000 0.022085 
01:   0.046905 0.644756 0.328122 0.036634 0.000000 0.022038 
/nethome/kalgin/z/mst/run.xeon.sh: line 46: 181205 Killed                  ./turbobust_stub.out $i 16
threadsCount = 4
loopsCount = 0
Done
iterationNumber = 0
iterationNumber = 1
iterationNumber = 2
iterationNumber = 3
iterationNumber = 4
iterationNumber = 5
iterationNumber = 6
iterationNumber = 7
iterationNumber = 8
iterationNumber = 9
iterationNumber = 10
iterationNumber = 11
iterationNumber = 12
iterationNumber = 13
iterationNumber = 14
9.047
26.998
iteration  0
00:   0.336288 1.836986 4.036479 0.060282 0.000000 0.247666 
01:   0.336171 1.874526 4.181983 0.060060 0.000000 0.247380 
02:   0.335530 1.931206 4.288971 0.060094 0.000000 0.247487 
03:   0.332885 2.029358 4.447501 0.060155 0.000000 0.247953 
iteration  1
00:   0.956487 1.223103 1.736869 0.147126 0.000000 0.310845 
01:   0.956491 1.240143 1.761869 0.146527 0.000000 0.311589 
02:   0.953857 1.269660 1.807139 0.146517 0.000000 0.312786 
03:   0.952388 1.311412 1.866777 0.146776 0.000000 0.314528 
iteration  2
00:   1.321757 0.668364 0.674587 0.113012 0.000000 0.150639 
01:   1.322890 0.672880 0.689251 0.112690 0.000000 0.150298 
02:   1.321865 0.681121 0.709096 0.112789 0.000000 0.150833 
03:   1.318415 0.692311 0.733041 0.112787 0.000000 0.151849 
iteration  3
00:   1.109613 0.506881 0.306650 0.086362 0.000000 0.055808 
01:   1.110304 0.508048 0.318989 0.085972 0.000000 0.055669 
02:   1.108913 0.510243 0.329759 0.086001 0.000000 0.055815 
03:   1.106493 0.513095 0.347449 0.085994 0.000000 0.056125 
iteration  4
00:   0.806599 0.462188 0.193446 0.066136 0.000000 0.024242 
01:   0.806959 0.462497 0.202513 0.065611 0.000000 0.024129 
02:   0.807173 0.463197 0.211727 0.065517 0.000000 0.024181 
03:   0.805005 0.463921 0.228969 0.065413 0.000000 0.024226 
iteration  5
00:   0.547606 0.450009 0.159699 0.054531 0.000000 0.015304 
01:   0.548984 0.450093 0.168144 0.054355 0.000000 0.015057 
02:   0.548443 0.450286 0.177910 0.054247 0.000000 0.015098 
03:   0.547071 0.450451 0.193777 0.054002 0.000000 0.015139 
iteration  6
00:   0.357692 0.447056 0.151182 0.049674 0.000000 0.012614 
01:   0.355494 0.447072 0.158931 0.049310 0.000000 0.012442 
02:   0.355217 0.447133 0.168547 0.049441 0.000000 0.012426 
03:   0.354616 0.447168 0.184401 0.049164 0.000000 0.012469 
iteration  7
00:   0.225373 0.447558 0.148791 0.046488 0.000000 0.011740 
01:   0.223946 0.447562 0.156118 0.046907 0.000000 0.011675 
02:   0.225756 0.447580 0.165820 0.046956 0.000000 0.011631 
03:   0.222954 0.447585 0.181040 0.046696 0.000000 0.011607 
iteration  8
00:   0.138128 0.446380 0.146763 0.045153 0.000000 0.011472 
01:   0.143048 0.446381 0.154751 0.045563 0.000000 0.011397 
02:   0.143511 0.446385 0.165104 0.045381 0.000000 0.011390 
03:   0.138516 0.446387 0.180891 0.045521 0.000000 0.011396 
iteration  9
00:   0.089219 0.447190 0.145886 0.045279 0.000000 0.011354 
01:   0.095595 0.447190 0.153355 0.045257 0.000000 0.011298 
02:   0.096219 0.447191 0.164100 0.044583 0.000000 0.011267 
03:   0.087253 0.447190 0.179643 0.045152 0.000000 0.011287 
iteration 10
00:   0.070365 0.448814 0.148954 0.044345 0.000000 0.011318 
01:   0.065826 0.448813 0.156220 0.043822 0.000000 0.011281 
02:   0.072105 0.448815 0.164607 0.045346 0.000000 0.011247 
03:   0.068219 0.448814 0.180183 0.044710 0.000000 0.011239 
iteration 11
00:   0.054595 0.447003 0.146767 0.046631 0.000000 0.011318 
01:   0.063139 0.447004 0.154409 0.045446 0.000000 0.011274 
02:   0.052550 0.447004 0.164377 0.044333 0.000000 0.011247 
03:   0.055724 0.447004 0.179821 0.044317 0.000000 0.011247 
iteration 12
00:   0.040208 0.446460 0.146206 0.046022 0.000000 0.011311 
01:   0.048765 0.446460 0.153827 0.039796 0.000000 0.011266 
02:   0.041929 0.446460 0.164234 0.042094 0.000000 0.011230 
03:   0.060476 0.446461 0.179855 0.044781 0.000000 0.011239 
iteration 13
00:   0.039156 0.446729 0.146541 0.037162 0.000000 0.011345 
01:   0.052807 0.446729 0.154228 0.037139 0.000000 0.011271 
02:   0.039062 0.446729 0.164580 0.041516 0.000000 0.011249 
03:   0.045685 0.446729 0.179872 0.042227 0.000000 0.011262 
iteration 14
00:   0.041168 0.447468 0.146780 0.018494 0.000000 0.011325 
01:   0.050527 0.447468 0.154548 0.018446 0.000000 0.011256 
02:   0.041170 0.447467 0.164556 0.018415 0.000000 0.011250 
03:   0.041064 0.447467 0.180034 0.018423 0.000000 0.011242 
/nethome/kalgin/z/mst/run.xeon.sh: line 46: 181224 Killed                  ./turbobust_stub.out $i 16
threadsCount = 8
loopsCount = 0
Done
iterationNumber = 0
iterationNumber = 1
iterationNumber = 2
iterationNumber = 3
iterationNumber = 4
iterationNumber = 5
iterationNumber = 6
iterationNumber = 7
iterationNumber = 8
iterationNumber = 9
iterationNumber = 10
iterationNumber = 11
iterationNumber = 12
iterationNumber = 13
iterationNumber = 14
7.314
17.555
iteration  0
00:   0.220901 1.329153 2.306432 0.030714 0.000000 0.169854 
01:   0.222183 1.328163 2.391223 0.030700 0.000000 0.169446 
02:   0.225317 1.327853 2.391929 0.030714 0.000000 0.169055 
03:   0.227316 1.361463 2.463323 0.030713 0.000000 0.169190 
04:   0.227074 1.359779 2.477138 0.030711 0.000000 0.168730 
05:   0.228487 1.365355 2.478511 0.030715 0.000000 0.168855 
06:   0.227099 1.378267 2.505695 0.030714 0.000000 0.169259 
07:   0.225114 1.464642 2.650756 0.030709 0.000000 0.169286 
iteration  1
00:   0.644009 0.791775 0.953884 0.074394 0.000000 0.172943 
01:   0.643236 0.791715 0.958740 0.074391 0.000000 0.174376 
02:   0.649292 0.791731 0.960817 0.074396 0.000000 0.173443 
03:   0.651151 0.806646 0.980725 0.074394 0.000000 0.174131 
04:   0.653204 0.807960 0.986579 0.074393 0.000000 0.174413 
05:   0.651524 0.809047 0.988375 0.074394 0.000000 0.174403 
06:   0.648135 0.815149 0.996447 0.074397 0.000000 0.174701 
07:   0.647567 0.852691 1.048551 0.074381 0.000000 0.174446 
iteration  2
00:   0.818184 0.477118 0.357847 0.057627 0.000000 0.082127 
01:   0.819613 0.477091 0.362386 0.057629 0.000000 0.082513 
02:   0.824669 0.477099 0.362096 0.057619 0.000000 0.081777 
03:   0.824399 0.481126 0.372370 0.057628 0.000000 0.082028 
04:   0.827868 0.481524 0.373861 0.057620 0.000000 0.082335 
05:   0.825556 0.481806 0.374150 0.057628 0.000000 0.082375 
06:   0.823674 0.483477 0.378155 0.057629 0.000000 0.082676 
07:   0.819610 0.493557 0.399838 0.057626 0.000000 0.082276 
iteration  3
00:   0.610849 0.391112 0.168821 0.044629 0.000000 0.029205 
01:   0.611777 0.391086 0.170062 0.044622 0.000000 0.029297 
02:   0.615027 0.391098 0.169864 0.044624 0.000000 0.029012 
03:   0.614881 0.392077 0.176567 0.044631 0.000000 0.029145 
04:   0.617545 0.392289 0.176906 0.044628 0.000000 0.029265 
05:   0.615661 0.392371 0.177617 0.044631 0.000000 0.029211 
06:   0.613962 0.392816 0.180458 0.044631 0.000000 0.029313 
07:   0.611900 0.395337 0.193652 0.044627 0.000000 0.029303 
iteration  4
00:   0.421026 0.372014 0.111795 0.034286 0.000000 0.012516 
01:   0.422797 0.372014 0.111473 0.034288 0.000000 0.012547 
02:   0.424328 0.372005 0.111761 0.034287 0.000000 0.012418 
03:   0.423117 0.372286 0.118620 0.034286 0.000000 0.012398 
04:   0.426409 0.372396 0.118171 0.034287 0.000000 0.012450 
05:   0.423743 0.372428 0.119130 0.034292 0.000000 0.012432 
06:   0.422789 0.372542 0.121445 0.034292 0.000000 0.012428 
07:   0.421180 0.373239 0.131565 0.034287 0.000000 0.012524 
iteration  5
00:   0.280387 0.369211 0.096607 0.028298 0.000000 0.008356 
01:   0.282274 0.369231 0.096754 0.028301 0.000000 0.008378 
02:   0.283493 0.369215 0.096757 0.028297 0.000000 0.008244 
03:   0.281335 0.369295 0.103182 0.028298 0.000000 0.008272 
04:   0.284307 0.369329 0.102503 0.028301 0.000000 0.008283 
05:   0.281872 0.369328 0.103399 0.028297 0.000000 0.008242 
06:   0.281717 0.369350 0.105739 0.028298 0.000000 0.008242 
07:   0.279947 0.369513 0.112868 0.028305 0.000000 0.008326 
iteration  6
00:   0.178247 0.366812 0.092935 0.025688 0.000000 0.006755 
01:   0.183307 0.366819 0.093063 0.025695 0.000000 0.006763 
02:   0.180855 0.366817 0.092993 0.025684 0.000000 0.006747 
03:   0.180289 0.366832 0.099025 0.025679 0.000000 0.006724 
04:   0.181323 0.366845 0.098589 0.025688 0.000000 0.006682 
05:   0.180174 0.366847 0.099855 0.025689 0.000000 0.006728 
06:   0.179346 0.366846 0.101707 0.025685 0.000000 0.006736 
07:   0.179819 0.366901 0.108061 0.025680 0.000000 0.006769 
iteration  7
00:   0.115872 0.367020 0.092198 0.024555 0.000000 0.006366 
01:   0.119155 0.367023 0.091977 0.024558 0.000000 0.006350 
02:   0.117687 0.367023 0.091726 0.024560 0.000000 0.006295 
03:   0.116516 0.367025 0.098317 0.024551 0.000000 0.006309 
04:   0.118375 0.367033 0.097830 0.024563 0.000000 0.006297 
05:   0.118183 0.367031 0.099042 0.024558 0.000000 0.006273 
06:   0.115206 0.367029 0.100637 0.024559 0.000000 0.006297 
07:   0.117634 0.367040 0.106983 0.024563 0.000000 0.006306 
iteration  8
00:   0.076215 0.366542 0.092081 0.023947 0.000000 0.006185 
01:   0.082249 0.366542 0.091776 0.023934 0.000000 0.006176 
02:   0.084724 0.366543 0.091656 0.023947 0.000000 0.006120 
03:   0.078907 0.366541 0.097948 0.023946 0.000000 0.006141 
04:   0.082381 0.366543 0.097294 0.023946 0.000000 0.006151 
05:   0.082091 0.366544 0.098740 0.023947 0.000000 0.006113 
06:   0.079423 0.366542 0.100227 0.023946 0.000000 0.006131 
07:   0.079202 0.366545 0.107134 0.023947 0.000000 0.006151 
iteration  9
00:   0.054638 0.366512 0.091586 0.023880 0.000000 0.006161 
01:   0.063525 0.366514 0.091800 0.023883 0.000000 0.006153 
02:   0.062735 0.366513 0.090913 0.023882 0.000000 0.006109 
03:   0.062986 0.366514 0.097359 0.023883 0.000000 0.006104 
04:   0.062139 0.366514 0.096920 0.023886 0.000000 0.006088 
05:   0.064085 0.366513 0.098224 0.023882 0.000000 0.006122 
06:   0.051728 0.366512 0.100064 0.023877 0.000000 0.006087 
07:   0.063468 0.366514 0.106183 0.023879 0.000000 0.006099 
iteration 10
00:   0.040126 0.366558 0.092227 0.024227 0.000000 0.006145 
01:   0.060226 0.366558 0.092091 0.024216 0.000000 0.006140 
02:   0.041850 0.366557 0.091887 0.024222 0.000000 0.006115 
03:   0.055743 0.366559 0.097884 0.024223 0.000000 0.006109 
04:   0.054897 0.366559 0.097153 0.024219 0.000000 0.006097 
05:   0.050348 0.366557 0.098292 0.024224 0.000000 0.006074 
06:   0.052910 0.366558 0.100080 0.024226 0.000000 0.006091 
07:   0.049241 0.366558 0.105772 0.024219 0.000000 0.006114 
iteration 11
00:   0.042818 0.366411 0.092419 0.024278 0.000000 0.006110 
01:   0.042800 0.366411 0.092164 0.024280 0.000000 0.006104 
02:   0.029815 0.366411 0.092079 0.024280 0.000000 0.006070 
03:   0.060255 0.366412 0.098089 0.024287 0.000000 0.006062 
04:   0.046438 0.366412 0.097057 0.024286 0.000000 0.006055 
05:   0.036200 0.366410 0.098068 0.024280 0.000000 0.006032 
06:   0.029696 0.366411 0.099901 0.024287 0.000000 0.006058 
07:   0.053087 0.366412 0.105820 0.024277 0.000000 0.006042 
iteration 12
00:   0.043327 0.366628 0.091708 0.024426 0.000000 0.006169 
01:   0.038761 0.366627 0.090928 0.024427 0.000000 0.006132 
02:   0.038752 0.366627 0.090829 0.024427 0.000000 0.006074 
03:   0.047643 0.366624 0.097499 0.024433 0.000000 0.006094 
04:   0.045294 0.366628 0.096575 0.024439 0.000000 0.006099 
05:   0.038671 0.366628 0.098310 0.024431 0.000000 0.006041 
06:   0.038762 0.366628 0.099905 0.024431 0.000000 0.006088 
07:   0.060531 0.366629 0.105842 0.024429 0.000000 0.006075 
iteration 13
00:   0.039548 0.367070 0.093059 0.021986 0.000000 0.006160 
01:   0.039483 0.367070 0.091439 0.021980 0.000000 0.006127 
02:   0.039470 0.367070 0.091113 0.021983 0.000000 0.006094 
03:   0.049220 0.367071 0.097536 0.021989 0.000000 0.006108 
04:   0.039205 0.367070 0.096742 0.021979 0.000000 0.006086 
05:   0.039236 0.367070 0.098567 0.021991 0.000000 0.006034 
06:   0.039410 0.367070 0.100210 0.021987 0.000000 0.006116 
07:   0.043980 0.367070 0.105815 0.021987 0.000000 0.006083 
iteration 14
00:   0.041879 0.366714 0.091095 0.009497 0.000000 0.006134 
01:   0.041930 0.366714 0.091060 0.009508 0.000000 0.006091 
02:   0.041804 0.366714 0.091040 0.009508 0.000000 0.006110 
03:   0.047832 0.366715 0.097524 0.009499 0.000000 0.006104 
04:   0.041774 0.366714 0.096911 0.009502 0.000000 0.006094 
05:   0.042015 0.366713 0.098263 0.009501 0.000000 0.006078 
06:   0.041734 0.366714 0.099983 0.009501 0.000000 0.006088 
07:   0.041635 0.366714 0.106092 0.009500 0.000000 0.006079 
/nethome/kalgin/z/mst/run.xeon.sh: line 46: 181243 Killed                  ./turbobust_stub.out $i 16
threadsCount = 16
loopsCount = 0
Done
iterationNumber = 0
iterationNumber = 1
iterationNumber = 2
iterationNumber = 3
iterationNumber = 4
iterationNumber = 5
iterationNumber = 6
iterationNumber = 7
iterationNumber = 8
iterationNumber = 9
iterationNumber = 10
iterationNumber = 11
iterationNumber = 12
iterationNumber = 13
iterationNumber = 14
6.814
16.408
iteration  0
00:   0.182429 1.451164 1.472603 0.017788 0.000000 0.069317 
01:   0.191345 1.449494 1.630134 0.017788 0.000000 0.067304 
02:   0.190577 1.450970 1.634621 0.017761 0.000000 0.069484 
03:   0.191120 1.449994 1.633740 0.017788 0.000000 0.066608 
04:   0.190167 1.450272 1.641547 0.017766 0.000000 0.072215 
05:   0.189564 1.449550 1.641079 0.017757 0.000000 0.072374 
06:   0.189830 1.449776 1.643027 0.017775 0.000000 0.070475 
07:   0.189459 1.448120 1.647575 0.017757 0.000000 0.071222 
08:   0.137461 1.369297 1.552382 0.017786 0.000000 0.073468 
09:   0.138244 1.369047 1.560143 0.017759 0.000000 0.076576 
10:   0.137711 1.369726 1.560598 0.017765 0.000000 0.075035 
11:   0.137838 1.369639 1.557667 0.017780 0.000000 0.075673 
12:   0.136328 1.370456 1.557327 0.017759 0.000000 0.075544 
13:   0.136412 1.370385 1.551089 0.017784 0.000000 0.074762 
14:   0.134629 1.371894 1.588840 0.017758 0.000000 0.075762 
15:   0.136767 1.369628 1.575407 0.017758 0.000000 0.075509 
iteration  1
00:   0.361045 0.828399 0.529144 0.043603 0.000000 0.074672 
01:   0.357360 0.828293 0.532791 0.043608 0.000000 0.073428 
02:   0.366301 0.828287 0.533911 0.043570 0.000000 0.076791 
03:   0.353012 0.828233 0.530538 0.043560 0.000000 0.072083 
04:   0.364364 0.828196 0.536639 0.043589 0.000000 0.081630 
05:   0.369042 0.828178 0.535324 0.043525 0.000000 0.080832 
06:   0.366766 0.827891 0.535846 0.043614 0.000000 0.078760 
07:   0.364705 0.827784 0.536902 0.043553 0.000000 0.079761 
08:   0.317596 0.794430 0.489580 0.043638 0.000000 0.077083 
09:   0.353709 0.794309 0.491386 0.043563 0.000000 0.082483 
10:   0.360370 0.794387 0.490383 0.043542 0.000000 0.080148 
11:   0.359623 0.794420 0.489424 0.043551 0.000000 0.080990 
12:   0.354756 0.794437 0.490491 0.043626 0.000000 0.080896 
13:   0.353976 0.794427 0.489025 0.043585 0.000000 0.079669 
14:   0.352682 0.798081 0.504148 0.043577 0.000000 0.081969 
15:   0.354546 0.797357 0.498497 0.043593 0.000000 0.080533 
iteration  2
00:   0.425634 0.612412 0.234995 0.035327 0.000000 0.035837 
01:   0.404883 0.612325 0.234969 0.035331 0.000000 0.034904 
02:   0.432978 0.612360 0.235129 0.035305 0.000000 0.036461 
03:   0.399433 0.612357 0.233315 0.035316 0.000000 0.034281 
04:   0.432262 0.612360 0.237433 0.035337 0.000000 0.039044 
05:   0.440731 0.612344 0.236595 0.035301 0.000000 0.038731 
06:   0.437467 0.612281 0.236938 0.035330 0.000000 0.037450 
07:   0.433041 0.612249 0.237151 0.035305 0.000000 0.037929 
08:   0.391664 0.603099 0.196687 0.035339 0.000000 0.036807 
09:   0.442898 0.603071 0.197782 0.035353 0.000000 0.040049 
10:   0.450272 0.603094 0.196998 0.035344 0.000000 0.039134 
11:   0.449954 0.603081 0.196608 0.035322 0.000000 0.039479 
12:   0.446254 0.603075 0.197037 0.035352 0.000000 0.039439 
13:   0.442443 0.603108 0.196382 0.035343 0.000000 0.038929 
14:   0.446039 0.604054 0.200996 0.035346 0.000000 0.039511 
15:   0.442577 0.603953 0.199127 0.035321 0.000000 0.039388 
iteration  3
00:   0.325884 0.551384 0.163110 0.029453 0.000000 0.014556 
01:   0.313203 0.551348 0.161767 0.029401 0.000000 0.014100 
02:   0.329185 0.551351 0.161868 0.029401 0.000000 0.014752 
03:   0.310026 0.551347 0.161326 0.029421 0.000000 0.013784 
04:   0.330251 0.551349 0.163607 0.029391 0.000000 0.015802 
05:   0.335683 0.551342 0.162968 0.029417 0.000000 0.015695 
06:   0.332435 0.551347 0.163387 0.029453 0.000000 0.015212 
07:   0.330152 0.551301 0.163100 0.029423 0.000000 0.015430 
08:   0.304905 0.548934 0.103808 0.029405 0.000000 0.014047 
09:   0.335677 0.548878 0.103884 0.029428 0.000000 0.014877 
10:   0.340653 0.548912 0.103558 0.029409 0.000000 0.014665 
11:   0.340995 0.548874 0.103357 0.029406 0.000000 0.014767 
12:   0.338129 0.548906 0.102966 0.029432 0.000000 0.014733 
13:   0.335279 0.548900 0.103466 0.029420 0.000000 0.014603 
14:   0.336085 0.549184 0.104401 0.029442 0.000000 0.014805 
15:   0.335607 0.549246 0.102598 0.029437 0.000000 0.014738 
iteration  4
00:   0.223430 0.538516 0.148177 0.024454 0.000000 0.008768 
01:   0.214992 0.538520 0.147442 0.024450 0.000000 0.008547 
02:   0.225506 0.538538 0.147391 0.024433 0.000000 0.008839 
03:   0.212879 0.538533 0.147160 0.024430 0.000000 0.008364 
04:   0.225863 0.538524 0.148114 0.024432 0.000000 0.009151 
05:   0.230488 0.538525 0.147735 0.024446 0.000000 0.009138 
06:   0.227485 0.538521 0.147789 0.024436 0.000000 0.008961 
07:   0.226001 0.538508 0.147619 0.024451 0.000000 0.009013 
08:   0.211141 0.537889 0.078476 0.024428 0.000000 0.006778 
09:   0.233254 0.537889 0.078243 0.024419 0.000000 0.006885 
10:   0.236527 0.537907 0.078263 0.024452 0.000000 0.006815 
11:   0.237351 0.537887 0.077789 0.024454 0.000000 0.006763 
12:   0.235404 0.537892 0.078267 0.024417 0.000000 0.006761 
13:   0.233420 0.537891 0.077262 0.024456 0.000000 0.006758 
14:   0.235366 0.538049 0.075671 0.024415 0.000000 0.006843 
15:   0.233362 0.538018 0.075402 0.024417 0.000000 0.006838 
iteration  5
00:   0.146659 0.537841 0.143502 0.022331 0.000000 0.007744 
01:   0.141065 0.537849 0.143356 0.022371 0.000000 0.007631 
02:   0.147821 0.537873 0.143421 0.022366 0.000000 0.007702 
03:   0.140088 0.537860 0.143277 0.022345 0.000000 0.007551 
04:   0.148321 0.537866 0.143262 0.022370 0.000000 0.007727 
05:   0.151135 0.537856 0.143328 0.022348 0.000000 0.007739 
06:   0.148881 0.537854 0.143189 0.022333 0.000000 0.007705 
07:   0.147717 0.537856 0.143044 0.022343 0.000000 0.007753 
08:   0.141209 0.537707 0.072171 0.022375 0.000000 0.004765 
09:   0.156183 0.537708 0.072161 0.022336 0.000000 0.004772 
10:   0.158826 0.537705 0.072195 0.022336 0.000000 0.004688 
11:   0.158169 0.537698 0.071892 0.022340 0.000000 0.004660 
12:   0.158461 0.537705 0.071777 0.022335 0.000000 0.004659 
13:   0.155974 0.537690 0.071532 0.022351 0.000000 0.004660 
14:   0.156340 0.537740 0.068402 0.022366 0.000000 0.004736 
15:   0.155724 0.537746 0.068834 0.022348 0.000000 0.004740 
iteration  6
00:   0.095370 0.536091 0.143648 0.021826 0.000000 0.007562 
01:   0.092727 0.536092 0.143494 0.021818 0.000000 0.007474 
02:   0.097213 0.536096 0.143398 0.021789 0.000000 0.007484 
03:   0.094408 0.536096 0.143381 0.021805 0.000000 0.007400 
04:   0.096269 0.536094 0.143487 0.021792 0.000000 0.007485 
05:   0.097653 0.536090 0.143047 0.021811 0.000000 0.007478 
06:   0.096647 0.536089 0.143077 0.021794 0.000000 0.007512 
07:   0.096504 0.536093 0.143091 0.021805 0.000000 0.007531 
08:   0.092995 0.536051 0.070363 0.021797 0.000000 0.004241 
09:   0.103148 0.536050 0.070356 0.021796 0.000000 0.004149 
10:   0.105314 0.536054 0.070148 0.021795 0.000000 0.004165 
11:   0.104382 0.536057 0.070126 0.021774 0.000000 0.004088 
12:   0.105165 0.536054 0.070090 0.021782 0.000000 0.004036 
13:   0.102414 0.536054 0.070005 0.021780 0.000000 0.004087 
14:   0.105255 0.536065 0.067639 0.021787 0.000000 0.004184 
15:   0.102190 0.536068 0.067276 0.021775 0.000000 0.004211 
iteration  7
00:   0.062208 0.537432 0.143257 0.021288 0.000000 0.007452 
01:   0.064780 0.537433 0.143066 0.021270 0.000000 0.007405 
02:   0.065823 0.537436 0.142865 0.021269 0.000000 0.007409 
03:   0.063269 0.537431 0.142857 0.021266 0.000000 0.007396 
04:   0.064214 0.537432 0.142884 0.021276 0.000000 0.007398 
05:   0.064131 0.537433 0.142810 0.021283 0.000000 0.007458 
06:   0.062287 0.537429 0.142787 0.021265 0.000000 0.007391 
07:   0.064750 0.537430 0.142495 0.021273 0.000000 0.007408 
08:   0.063912 0.537425 0.070506 0.021283 0.000000 0.004066 
09:   0.070503 0.537424 0.070530 0.021241 0.000000 0.004053 
10:   0.071518 0.537423 0.070306 0.021248 0.000000 0.003941 
11:   0.072430 0.537424 0.070325 0.021241 0.000000 0.003937 
12:   0.070576 0.537424 0.070081 0.021241 0.000000 0.003874 
13:   0.069921 0.537423 0.069948 0.021281 0.000000 0.003910 
14:   0.072836 0.537427 0.066131 0.021246 0.000000 0.004015 
15:   0.069867 0.537425 0.066355 0.021239 0.000000 0.004021 
iteration  8
00:   0.044140 0.535355 0.143065 0.020947 0.000000 0.007394 
01:   0.042931 0.535353 0.143084 0.020913 0.000000 0.007360 
02:   0.047859 0.535354 0.142943 0.020898 0.000000 0.007378 
03:   0.044141 0.535353 0.142877 0.020935 0.000000 0.007330 
04:   0.046813 0.535354 0.142862 0.020944 0.000000 0.007348 
05:   0.046211 0.535355 0.142499 0.020898 0.000000 0.007337 
06:   0.043465 0.535353 0.142426 0.020923 0.000000 0.007354 
07:   0.043359 0.535353 0.142596 0.020893 0.000000 0.007320 
08:   0.048726 0.535352 0.069710 0.020972 0.000000 0.003924 
09:   0.051624 0.535353 0.069562 0.020909 0.000000 0.003938 
10:   0.053010 0.535353 0.069275 0.020898 0.000000 0.004063 
11:   0.053315 0.535351 0.069278 0.020921 0.000000 0.003961 
12:   0.052208 0.535352 0.069192 0.020899 0.000000 0.003888 
13:   0.051067 0.535352 0.069197 0.020914 0.000000 0.003898 
14:   0.050731 0.535352 0.065628 0.020917 0.000000 0.003943 
15:   0.051684 0.535353 0.066315 0.020922 0.000000 0.004002 
iteration  9
00:   0.029358 0.535728 0.142401 0.021025 0.000000 0.007402 
01:   0.032330 0.535729 0.142350 0.021031 0.000000 0.007391 
02:   0.039682 0.535730 0.142384 0.021048 0.000000 0.007380 
03:   0.029666 0.535728 0.142167 0.021019 0.000000 0.007335 
04:   0.036966 0.535728 0.142179 0.021012 0.000000 0.007335 
05:   0.030540 0.535728 0.142028 0.021001 0.000000 0.007357 
06:   0.034746 0.535728 0.142016 0.021020 0.000000 0.007370 
07:   0.032545 0.535728 0.141868 0.021023 0.000000 0.007383 
08:   0.039682 0.535728 0.069824 0.020979 0.000000 0.003941 
09:   0.040542 0.535729 0.069781 0.020978 0.000000 0.003957 
10:   0.040279 0.535728 0.069768 0.020981 0.000000 0.003951 
11:   0.045181 0.535729 0.069513 0.021014 0.000000 0.003881 
12:   0.038573 0.535728 0.069379 0.020987 0.000000 0.003835 
13:   0.035340 0.535728 0.069307 0.021017 0.000000 0.003839 
14:   0.045230 0.535728 0.066879 0.021008 0.000000 0.003996 
15:   0.038907 0.535728 0.066493 0.020976 0.000000 0.003930 
iteration 10
00:   0.021803 0.534637 0.143908 0.020682 0.000000 0.007348 
01:   0.022184 0.534637 0.143787 0.020675 0.000000 0.007348 
02:   0.034724 0.534638 0.143621 0.020654 0.000000 0.007296 
03:   0.027850 0.534637 0.143636 0.020666 0.000000 0.007310 
04:   0.024312 0.534637 0.143462 0.020653 0.000000 0.007305 
05:   0.017994 0.534637 0.143487 0.020650 0.000000 0.007302 
06:   0.030784 0.534638 0.143314 0.020663 0.000000 0.007325 
07:   0.025717 0.534637 0.143152 0.020653 0.000000 0.007318 
08:   0.037012 0.534638 0.070040 0.020698 0.000000 0.003989 
09:   0.035154 0.534637 0.069807 0.020659 0.000000 0.004005 
10:   0.038008 0.534637 0.069927 0.020698 0.000000 0.003916 
11:   0.031991 0.534637 0.069574 0.020656 0.000000 0.003867 
12:   0.034550 0.534638 0.069545 0.020668 0.000000 0.003816 
13:   0.037512 0.534638 0.069369 0.020703 0.000000 0.003903 
14:   0.039808 0.534639 0.066441 0.020679 0.000000 0.004001 
15:   0.025992 0.534637 0.066168 0.020658 0.000000 0.003942 
iteration 11
00:   0.015253 0.535073 0.144051 0.021369 0.000000 0.007401 
01:   0.027757 0.535073 0.144015 0.021373 0.000000 0.007356 
02:   0.027953 0.535073 0.143848 0.021368 0.000000 0.007388 
03:   0.015053 0.535073 0.143919 0.021371 0.000000 0.007343 
04:   0.014941 0.535073 0.143674 0.021384 0.000000 0.007320 
05:   0.015018 0.535072 0.143686 0.021377 0.000000 0.007353 
06:   0.037068 0.535073 0.143591 0.021369 0.000000 0.007387 
07:   0.025797 0.535073 0.143477 0.021352 0.000000 0.007381 
08:   0.037142 0.535073 0.069842 0.021405 0.000000 0.003958 
09:   0.031577 0.535073 0.069763 0.021389 0.000000 0.003971 
10:   0.026636 0.535073 0.069537 0.021392 0.000000 0.003939 
11:   0.032531 0.535073 0.069462 0.021384 0.000000 0.003880 
12:   0.026594 0.535073 0.069641 0.021403 0.000000 0.003828 
13:   0.026451 0.535073 0.069195 0.021406 0.000000 0.003892 
14:   0.043069 0.535074 0.066561 0.021379 0.000000 0.004012 
15:   0.030952 0.535073 0.066257 0.021427 0.000000 0.003960 
iteration 12
00:   0.016954 0.535409 0.143924 0.020002 0.000000 0.007375 
01:   0.021172 0.535409 0.143529 0.020019 0.000000 0.007407 
02:   0.016810 0.535409 0.143411 0.020017 0.000000 0.007381 
03:   0.016681 0.535409 0.143487 0.019991 0.000000 0.007355 
04:   0.016774 0.535409 0.143334 0.020039 0.000000 0.007324 
05:   0.016508 0.535408 0.143264 0.019978 0.000000 0.007351 
06:   0.029509 0.535410 0.143118 0.019985 0.000000 0.007377 
07:   0.016701 0.535409 0.143145 0.020029 0.000000 0.007377 
08:   0.028297 0.535409 0.069568 0.020004 0.000000 0.003891 
09:   0.033775 0.535409 0.069664 0.020015 0.000000 0.003952 
10:   0.028274 0.535409 0.069605 0.019994 0.000000 0.003941 
11:   0.028248 0.535409 0.069398 0.020016 0.000000 0.003855 
12:   0.028102 0.535409 0.069146 0.020019 0.000000 0.003783 
13:   0.028143 0.535409 0.069208 0.020026 0.000000 0.003831 
14:   0.028080 0.535408 0.066527 0.019991 0.000000 0.004020 
15:   0.048935 0.535410 0.066114 0.020026 0.000000 0.003931 
iteration 13
00:   0.017226 0.535110 0.142123 0.016257 0.000000 0.007359 
01:   0.016923 0.535109 0.142058 0.016238 0.000000 0.007386 
02:   0.017035 0.535110 0.141923 0.016225 0.000000 0.007326 
03:   0.016988 0.535109 0.141977 0.016240 0.000000 0.007316 
04:   0.016720 0.535110 0.141785 0.016200 0.000000 0.007274 
05:   0.016844 0.535109 0.141888 0.016213 0.000000 0.007307 
06:   0.029847 0.535110 0.141420 0.016197 0.000000 0.007338 
07:   0.017067 0.535109 0.141739 0.016228 0.000000 0.007348 
08:   0.028317 0.535109 0.070470 0.016235 0.000000 0.003949 
09:   0.028309 0.535110 0.070356 0.016219 0.000000 0.003986 
10:   0.028302 0.535109 0.070249 0.016248 0.000000 0.003968 
11:   0.028231 0.535109 0.070064 0.016216 0.000000 0.003902 
12:   0.028247 0.535110 0.069875 0.016245 0.000000 0.003873 
13:   0.028054 0.535109 0.069581 0.016234 0.000000 0.003834 
14:   0.028049 0.535109 0.065832 0.016222 0.000000 0.003959 
15:   0.032296 0.535110 0.066343 0.016253 0.000000 0.003937 
iteration 14
00:   0.016860 0.534828 0.141108 0.007216 0.000000 0.007412 
01:   0.016695 0.534827 0.141018 0.007203 0.000000 0.007391 
02:   0.016731 0.534827 0.140993 0.007203 0.000000 0.007355 
03:   0.016817 0.534827 0.140909 0.007211 0.000000 0.007351 
04:   0.016716 0.534827 0.140832 0.007198 0.000000 0.007300 
05:   0.016624 0.534827 0.140849 0.007211 0.000000 0.007359 
06:   0.025869 0.534828 0.140773 0.007212 0.000000 0.007382 
07:   0.016710 0.534827 0.140643 0.007195 0.000000 0.007343 
08:   0.030270 0.534828 0.070127 0.007219 0.000000 0.003901 
09:   0.030272 0.534828 0.070043 0.007219 0.000000 0.003973 
10:   0.030217 0.534828 0.069884 0.007219 0.000000 0.004015 
11:   0.030168 0.534828 0.069674 0.007199 0.000000 0.003900 
12:   0.030155 0.534828 0.069569 0.007217 0.000000 0.003825 
13:   0.030091 0.534828 0.069531 0.007213 0.000000 0.003837 
14:   0.030047 0.534828 0.066534 0.007209 0.000000 0.003951 
15:   0.029831 0.534828 0.066488 0.007220 0.000000 0.003999 
/nethome/kalgin/z/mst/run.xeon.sh: line 46: 181262 Killed                  ./turbobust_stub.out $i 16
/nethome/kalgin/z/mst/run.xeon.sh: line 46: 181282 Segmentation fault      (core dumped) ./turbobust_stub.out $i 16
/nethome/kalgin/z/mst/run.xeon.sh: line 61: kill: (181282) - No such process
ls: cannot access /tmp/data.bin: No such file or directory
ls: cannot access /tmp/data.bin: No such file or directory
