threadsCount = 16
loopsCount = 2164
7.573
3.781
threadsCount = 1
loopsCount = 2164
Done
iterationNumber = 0
iterationNumber = 1
iterationNumber = 2
iterationNumber = 3
iterationNumber = 4
iterationNumber = 5
iterationNumber = 6
1.794
21.864
iteration  0
00:   1.425619 0.658528 1.483595 0.016226 0.226835 2.492938 
iteration  1
00:   1.283615 0.168630 0.214705 0.033018 0.033211 1.885057 
iteration  2
00:   1.255307 0.079434 0.049712 0.023689 0.010081 1.846027 
iteration  3
00:   1.288053 0.073268 0.036002 0.019907 0.008014 1.831220 
iteration  4
00:   1.278529 0.073567 0.035478 0.019414 0.008023 1.845068 
iteration  5
00:   1.058691 0.073741 0.035501 0.017877 0.007867 0.766444 
iteration  6
00:   0.006944 0.072159 0.035481 0.007127 0.007860 0.021033 
threadsCount = 2
loopsCount = 2164
Done
iterationNumber = 0
iterationNumber = 1
iterationNumber = 2
iterationNumber = 3
iterationNumber = 4
iterationNumber = 5
iterationNumber = 6
1.103
12.808
iteration  0
00:   0.767545 0.353264 1.019454 0.026919 0.696477 1.324747 
01:   0.721581 0.342471 1.040849 0.026937 0.696447 1.323036 
iteration  1
00:   0.673683 0.091116 0.139976 0.028679 0.066813 1.010094 
01:   0.670727 0.091098 0.141203 0.028742 0.066811 1.009608 
iteration  2
00:   0.658845 0.045035 0.028623 0.021763 0.006776 0.964039 
01:   0.656280 0.045040 0.027932 0.021821 0.006778 0.958962 
iteration  3
00:   0.657458 0.040700 0.018759 0.018572 0.004388 0.867829 
01:   0.650108 0.040701 0.018757 0.018606 0.004386 0.954600 
iteration  4
00:   0.639127 0.040153 0.018173 0.017069 0.004101 0.433061 
01:   0.644123 0.040153 0.018185 0.017128 0.004098 1.009948 
iteration  5
00:   0.338085 0.040297 0.017798 0.010367 0.004100 0.192039 
01:   0.614958 0.040298 0.017784 0.010428 0.004098 0.513105 
iteration  6
00:   0.003548 0.040438 0.018021 0.003304 0.004053 0.013705 
01:   0.088757 0.040439 0.018014 0.003318 0.004055 0.013418 
/nethome/kalgin/z/mst/run.xeon.sh: line 45: 26675 Killed                  ./turbobust_stub.out $i 16
threadsCount = 4
loopsCount = 2164
Done
iterationNumber = 0
iterationNumber = 1
iterationNumber = 2
iterationNumber = 3
iterationNumber = 4
iterationNumber = 5
iterationNumber = 6
0.850
9.099
iteration  0
00:   0.419711 0.201904 0.725178 0.012676 1.051058 0.776734 
01:   0.410781 0.200502 0.728128 0.012681 1.051054 0.776625 
02:   0.398127 0.198164 0.731031 0.012720 1.051041 0.775013 
03:   0.379067 0.193635 0.729463 0.012714 1.051032 0.771502 
iteration  1
00:   0.365926 0.060655 0.094496 0.015456 0.116936 0.606821 
01:   0.364992 0.060555 0.096848 0.015495 0.116931 0.606995 
02:   0.363387 0.060592 0.094608 0.015485 0.116934 0.604674 
03:   0.362501 0.060488 0.095744 0.015524 0.116941 0.602478 
iteration  2
00:   0.359544 0.037449 0.017574 0.011745 0.007115 0.582660 
01:   0.358487 0.037390 0.016925 0.011744 0.007114 0.573360 
02:   0.356694 0.037411 0.017391 0.011815 0.007087 0.581893 
03:   0.355947 0.037393 0.017134 0.011778 0.007113 0.575145 
iteration  3
00:   0.360895 0.035171 0.010383 0.009858 0.002788 0.568816 
01:   0.352936 0.035172 0.010456 0.009827 0.002788 0.588623 
02:   0.358890 0.035169 0.010435 0.009860 0.002787 0.539343 
03:   0.353749 0.035169 0.010352 0.009880 0.002788 0.578279 
iteration  4
00:   0.351972 0.035075 0.010052 0.009529 0.002639 0.244969 
01:   0.362359 0.035075 0.010039 0.009539 0.002642 0.550973 
02:   0.331670 0.035074 0.010012 0.009544 0.002642 0.131790 
03:   0.356317 0.035075 0.009999 0.009534 0.002642 0.233341 
iteration  5
00:   0.039829 0.035410 0.009839 0.008420 0.002610 0.168461 
01:   0.331244 0.035410 0.009858 0.008426 0.002610 0.225444 
02:   0.472967 0.035411 0.009792 0.008428 0.002607 0.405287 
03:   0.291593 0.035410 0.009795 0.008452 0.002610 0.113762 
iteration  6
00:   0.002563 0.035507 0.010657 0.001739 0.002623 0.010447 
01:   0.002577 0.035479 0.010497 0.001755 0.002623 0.010762 
02:   0.492073 0.035510 0.010557 0.001766 0.002623 0.010780 
03:   0.002571 0.035478 0.010408 0.001775 0.002610 0.010163 
/nethome/kalgin/z/mst/run.xeon.sh: line 45: 26692 Killed                  ./turbobust_stub.out $i 16
threadsCount = 8
loopsCount = 2164
Done
iterationNumber = 0
iterationNumber = 1
iterationNumber = 2
iterationNumber = 3
iterationNumber = 4
iterationNumber = 5
iterationNumber = 6
0.657
7.428
iteration  0
00:   0.233815 0.134108 0.548474 0.005970 0.882059 0.581588 
01:   0.235532 0.133971 0.545481 0.005958 0.882048 0.581436 
02:   0.235484 0.133988 0.547520 0.005971 0.882065 0.581556 
03:   0.228748 0.132908 0.548339 0.005966 0.882027 0.581154 
04:   0.227258 0.132566 0.548657 0.005964 0.882047 0.579205 
05:   0.224109 0.131907 0.550987 0.005971 0.882051 0.579488 
06:   0.219057 0.130751 0.550567 0.005971 0.882025 0.576044 
07:   0.214188 0.129068 0.551107 0.005968 0.881958 0.578548 
iteration  1
00:   0.212842 0.049526 0.070463 0.007982 0.102831 0.500056 
01:   0.211773 0.049531 0.070401 0.007984 0.102819 0.500299 
02:   0.211552 0.049551 0.069818 0.007978 0.102836 0.499905 
03:   0.211080 0.049540 0.071455 0.007961 0.102838 0.499314 
04:   0.211002 0.049507 0.070512 0.007977 0.102839 0.496129 
05:   0.210965 0.049587 0.070845 0.007988 0.102830 0.496923 
06:   0.210453 0.049559 0.070306 0.007981 0.102832 0.496469 
07:   0.211056 0.049470 0.070316 0.007977 0.102839 0.496245 
iteration  2
00:   0.206216 0.037160 0.012051 0.005982 0.009595 0.473582 
01:   0.206071 0.037154 0.011874 0.005982 0.009594 0.477828 
02:   0.205783 0.037153 0.012253 0.005964 0.009597 0.497640 
03:   0.204984 0.037153 0.011766 0.005985 0.009596 0.475865 
04:   0.205018 0.037159 0.012003 0.005975 0.009599 0.468860 
05:   0.204991 0.037161 0.011943 0.005984 0.009592 0.473445 
06:   0.205016 0.037157 0.011872 0.005983 0.009595 0.478734 
07:   0.205475 0.037161 0.012198 0.005988 0.009600 0.471308 
iteration  3
00:   0.203079 0.036319 0.007506 0.005010 0.002639 0.491393 
01:   0.204840 0.036318 0.007414 0.005006 0.002638 0.455445 
02:   0.218255 0.036321 0.007542 0.005006 0.002639 0.458492 
03:   0.202790 0.036320 0.007536 0.004996 0.002637 0.463955 
04:   0.199084 0.036319 0.007480 0.005000 0.002631 0.369106 
05:   0.201821 0.036319 0.007436 0.004977 0.002637 0.382122 
06:   0.205973 0.036321 0.007472 0.005007 0.002639 0.434569 
07:   0.202212 0.036320 0.007535 0.005016 0.002638 0.428044 
iteration  4
00:   0.226827 0.036419 0.007350 0.004551 0.002679 0.204620 
01:   0.201527 0.036419 0.007273 0.004536 0.002685 0.202801 
02:   0.206186 0.036419 0.007297 0.004548 0.002680 0.228974 
03:   0.208017 0.036419 0.007325 0.004536 0.002674 0.157726 
04:   0.153473 0.036419 0.007263 0.004550 0.002682 0.352459 
05:   0.163838 0.036419 0.007332 0.004553 0.002681 0.262369 
06:   0.189308 0.036419 0.007281 0.004551 0.002682 0.169640 
07:   0.235167 0.036419 0.007245 0.004542 0.002657 0.184493 
iteration  5
00:   0.098882 0.036250 0.007503 0.006012 0.002625 0.506098 
01:   0.002046 0.036196 0.007525 0.006010 0.002624 0.114282 
02:   0.097099 0.036195 0.007551 0.006009 0.002630 0.050567 
03:   0.190232 0.036194 0.007515 0.006013 0.002628 0.081980 
04:   0.569564 0.036252 0.007510 0.006013 0.002632 0.099396 
05:   0.004504 0.036192 0.007497 0.006012 0.002629 0.070657 
06:   0.116854 0.036192 0.007480 0.006014 0.002629 0.077365 
07:   0.002035 0.036190 0.007496 0.005997 0.002635 0.246779 
iteration  6
00:   0.002725 0.036492 0.007694 0.000871 0.002651 0.011623 
01:   0.002743 0.036435 0.007725 0.000870 0.002652 0.011511 
02:   0.002727 0.036434 0.007804 0.000871 0.002652 0.011603 
03:   0.002726 0.036431 0.007727 0.000865 0.002653 0.011947 
04:   0.595937 0.036493 0.007709 0.000867 0.002655 0.011614 
05:   0.002725 0.036431 0.007621 0.000871 0.002655 0.011936 
06:   0.002732 0.036430 0.007600 0.000874 0.002652 0.011945 
07:   0.002670 0.036429 0.007514 0.000861 0.002651 0.011670 
/nethome/kalgin/z/mst/run.xeon.sh: line 45: 26710 Killed                  ./turbobust_stub.out $i 16
threadsCount = 16
loopsCount = 2164
Done
iterationNumber = 0
iterationNumber = 1
iterationNumber = 2
iterationNumber = 3
iterationNumber = 4
iterationNumber = 5
iterationNumber = 6
0.529
6.624
iteration  0
00:   0.165061 0.114027 0.531962 0.005777 1.097500 0.349248 
01:   0.168021 0.114350 0.534407 0.005775 1.097463 0.351214 
02:   0.147724 0.114427 0.472126 0.005774 1.097397 0.348676 
03:   0.165600 0.114254 0.505648 0.005770 1.097392 0.350872 
04:   0.147138 0.114368 0.475404 0.005770 1.097441 0.348178 
05:   0.144690 0.114314 0.474890 0.005758 1.097463 0.347589 
06:   0.162050 0.113749 0.535236 0.005774 1.097375 0.349320 
07:   0.140650 0.113313 0.478659 0.005770 1.097428 0.347362 
08:   0.115451 0.105258 0.436345 0.005760 1.095885 0.318243 
09:   0.112608 0.105027 0.419529 0.005762 1.095886 0.318354 
10:   0.124709 0.105255 0.461375 0.005748 1.095896 0.317982 
11:   0.111002 0.104832 0.421063 0.005781 1.095907 0.317482 
12:   0.121966 0.104707 0.460953 0.005777 1.095941 0.317757 
13:   0.119527 0.104271 0.437247 0.005768 1.095906 0.317385 
14:   0.106424 0.103864 0.422120 0.005759 1.095893 0.318306 
15:   0.119437 0.103461 0.459664 0.005745 1.095923 0.316632 
iteration  1
00:   0.124070 0.048620 0.067916 0.007743 0.115506 0.291159 
01:   0.123622 0.048630 0.067443 0.007734 0.115480 0.291539 
02:   0.123642 0.048583 0.058979 0.007683 0.115502 0.293195 
03:   0.123669 0.048575 0.064555 0.007678 0.115512 0.291948 
04:   0.123577 0.048598 0.060039 0.007692 0.115492 0.291905 
05:   0.123177 0.048614 0.060077 0.007699 0.115483 0.287843 
06:   0.123246 0.048601 0.069072 0.007693 0.115480 0.290912 
07:   0.122891 0.048569 0.060503 0.007667 0.115513 0.291478 
08:   0.108044 0.048048 0.055151 0.007670 0.115408 0.269018 
09:   0.107700 0.048093 0.054047 0.007690 0.115404 0.271945 
10:   0.107160 0.048117 0.058348 0.007668 0.115410 0.270820 
11:   0.106754 0.048102 0.054300 0.007696 0.115410 0.268451 
12:   0.107409 0.048111 0.057474 0.007697 0.115405 0.269957 
13:   0.107331 0.048123 0.055101 0.007672 0.115409 0.268079 
14:   0.108025 0.047949 0.053244 0.007688 0.115404 0.270771 
15:   0.107128 0.048088 0.057442 0.007660 0.115401 0.267734 
iteration  2
00:   0.121736 0.040603 0.012424 0.003835 0.010061 0.284092 
01:   0.120912 0.040606 0.012280 0.003859 0.010042 0.278406 
02:   0.121750 0.040599 0.011487 0.003811 0.010059 0.267328 
03:   0.121161 0.040604 0.012006 0.003826 0.010059 0.262678 
04:   0.120492 0.040604 0.011627 0.003784 0.010063 0.270045 
05:   0.118970 0.040604 0.011529 0.003849 0.010056 0.265998 
06:   0.119348 0.040605 0.012533 0.003803 0.010046 0.262359 
07:   0.121150 0.040599 0.011614 0.003807 0.010058 0.270453 
08:   0.104484 0.040582 0.008222 0.003852 0.010036 0.249451 
09:   0.105377 0.040586 0.008394 0.003802 0.010042 0.252644 
10:   0.105088 0.040588 0.008222 0.003811 0.010036 0.265459 
11:   0.103543 0.040582 0.008297 0.003786 0.010038 0.270917 
12:   0.103681 0.040585 0.008155 0.003802 0.010035 0.241653 
13:   0.103835 0.040587 0.008209 0.003811 0.010034 0.235932 
14:   0.105475 0.040586 0.008615 0.003795 0.010036 0.251644 
15:   0.104019 0.040585 0.008243 0.003797 0.010034 0.236842 
iteration  3
00:   0.131623 0.039949 0.009501 0.002622 0.003059 0.250609 
01:   0.126633 0.039948 0.009504 0.002647 0.003055 0.209288 
02:   0.118860 0.039949 0.009424 0.002674 0.003057 0.128564 
03:   0.116719 0.039948 0.009481 0.002640 0.003059 0.232683 
04:   0.120332 0.039948 0.009377 0.002627 0.003053 0.153885 
05:   0.118607 0.039947 0.009352 0.002613 0.003058 0.099081 
06:   0.115768 0.039948 0.009454 0.002649 0.003059 0.401959 
07:   0.120098 0.039947 0.009365 0.002644 0.003032 0.408871 
08:   0.102717 0.039948 0.005023 0.002616 0.003032 0.184616 
09:   0.104189 0.039948 0.005017 0.002598 0.003035 0.220428 
10:   0.112149 0.039948 0.004918 0.002619 0.003038 0.223815 
11:   0.115130 0.039948 0.004969 0.002613 0.003040 0.207183 
12:   0.097895 0.039947 0.004950 0.002607 0.003031 0.218774 
13:   0.095043 0.039947 0.005043 0.002632 0.003025 0.163913 
14:   0.104230 0.039946 0.004991 0.002628 0.003031 0.266354 
15:   0.095918 0.039947 0.004986 0.002602 0.003023 0.208174 
iteration  4
00:   0.121943 0.039974 0.009604 0.002410 0.003129 0.060486 
01:   0.095556 0.039973 0.009564 0.002434 0.003133 0.102106 
02:   0.052293 0.039972 0.009600 0.002441 0.003135 0.152248 
03:   0.108863 0.039973 0.009559 0.002407 0.003125 0.098108 
04:   0.064440 0.039973 0.009585 0.002407 0.003131 0.116259 
05:   0.038286 0.039973 0.009562 0.002443 0.003135 0.174074 
06:   0.228686 0.039974 0.009588 0.002394 0.003134 0.116781 
07:   0.231775 0.039974 0.009508 0.002415 0.003060 0.169873 
08:   0.127596 0.039973 0.004811 0.002388 0.003112 0.085662 
09:   0.097903 0.039973 0.004854 0.002397 0.003112 0.115227 
10:   0.096252 0.039973 0.004828 0.002410 0.003065 0.107386 
11:   0.088403 0.039973 0.004843 0.002413 0.003110 0.166469 
12:   0.096650 0.039972 0.004852 0.002386 0.003110 0.058780 
13:   0.066052 0.039972 0.004776 0.002408 0.003111 0.076592 
14:   0.129794 0.039973 0.004868 0.002398 0.003111 0.226027 
15:   0.086786 0.039973 0.004842 0.002403 0.003108 0.107810 
iteration  5
00:   0.009309 0.040601 0.009541 0.002324 0.003036 0.016022 
01:   0.001240 0.040555 0.009540 0.002341 0.003006 0.047293 
02:   0.041505 0.040554 0.009533 0.002350 0.003035 0.021341 
03:   0.001246 0.040552 0.009537 0.002338 0.003033 0.016544 
04:   0.001238 0.040542 0.009482 0.002344 0.003034 0.177542 
05:   0.001224 0.040506 0.009536 0.002374 0.003036 0.071185 
06:   0.001229 0.040501 0.009480 0.002325 0.003018 0.016523 
07:   0.001182 0.040505 0.009522 0.002370 0.003038 0.029686 
08:   0.017633 0.040606 0.004788 0.002339 0.003012 0.051842 
09:   0.042364 0.040553 0.004826 0.002377 0.003010 0.014192 
10:   0.602006 0.040608 0.004813 0.002384 0.003010 0.038011 
11:   0.053459 0.040560 0.004802 0.002351 0.003010 0.015908 
12:   0.001405 0.040542 0.004753 0.002380 0.003011 0.014211 
13:   0.001419 0.040490 0.004724 0.002403 0.003010 0.041112 
14:   0.264303 0.040488 0.004760 0.002408 0.003012 0.538231 
15:   0.001423 0.040485 0.004764 0.002329 0.003010 0.070534 
iteration  6
00:   0.001392 0.040518 0.009508 0.000501 0.002983 0.011288 
01:   0.001384 0.040481 0.009525 0.000507 0.003021 0.011830 
02:   0.001407 0.040480 0.009505 0.000530 0.002997 0.011802 
03:   0.001396 0.040480 0.009522 0.000493 0.003008 0.011830 
04:   0.001399 0.040472 0.009467 0.000485 0.002992 0.011834 
05:   0.001382 0.040439 0.009481 0.000493 0.003034 0.011832 
06:   0.001397 0.040438 0.009490 0.000510 0.003025 0.011828 
07:   0.001263 0.040434 0.009504 0.000504 0.003025 0.011840 
08:   0.001608 0.040525 0.004906 0.000489 0.003051 0.011239 
09:   0.624905 0.040525 0.004868 0.000507 0.003058 0.011249 
10:   0.001604 0.040492 0.004863 0.000521 0.003005 0.011239 
11:   0.001619 0.040494 0.004862 0.000485 0.003014 0.011251 
12:   0.001614 0.040472 0.004875 0.000485 0.003052 0.009960 
13:   0.001609 0.040418 0.004850 0.000520 0.003002 0.010809 
14:   0.001622 0.040416 0.004896 0.000489 0.002981 0.009928 
15:   0.001586 0.040414 0.004845 0.000485 0.002988 0.010896 
/nethome/kalgin/z/mst/run.xeon.sh: line 45: 26728 Killed                  ./turbobust_stub.out $i 16
/nethome/kalgin/z/mst/run.xeon.sh: line 45: 26746 Segmentation fault      (core dumped) ./turbobust_stub.out $i 16
/nethome/kalgin/z/mst/run.xeon.sh: line 60: kill: (26746) - No such process
