threadsCount = 16
loopsCount = 0
7.678
1.494
threadsCount = 1
loopsCount = 0
Done
iterationNumber = 0
iterationNumber = 1
iterationNumber = 2
iterationNumber = 3
iterationNumber = 4
iterationNumber = 5
iterationNumber = 6
iterationNumber = 7
1.789
10.657
iteration  0
00:   1.475080 0.741322 1.428244 0.019140 0.266148 2.196506 
iteration  1
00:   0.744661 0.332451 0.445106 0.046129 0.076908 1.058979 
iteration  2
00:   0.268558 0.131814 0.137740 0.043332 0.027979 0.246540 
iteration  3
00:   0.019654 0.088762 0.065053 0.043366 0.014089 0.037466 
iteration  4
00:   0.008318 0.075015 0.041088 0.040284 0.009005 0.021232 
iteration  5
00:   0.007051 0.070976 0.034957 0.026815 0.007703 0.018601 
iteration  6
00:   0.006876 0.070479 0.033965 0.020062 0.007528 0.018115 
iteration  7
00:   0.006846 0.070513 0.033878 0.010547 0.007572 0.018068 
threadsCount = 2
loopsCount = 0
Done
iterationNumber = 0
iterationNumber = 1
iterationNumber = 2
iterationNumber = 3
iterationNumber = 4
iterationNumber = 5
iterationNumber = 6
iterationNumber = 7
1.078
6.755
iteration  0
00:   0.773821 0.419163 1.039644 0.028698 0.584222 1.157727 
01:   0.770634 0.419004 1.074105 0.028714 0.584197 1.156620 
iteration  1
00:   0.387693 0.175053 0.313460 0.034012 0.144120 0.559124 
01:   0.386525 0.175213 0.320067 0.034030 0.144125 0.556942 
iteration  2
00:   0.138724 0.071170 0.089347 0.031393 0.032001 0.136028 
01:   0.138298 0.071158 0.090145 0.031415 0.032004 0.135815 
iteration  3
00:   0.010324 0.049552 0.039762 0.030424 0.010787 0.022879 
01:   0.010453 0.049518 0.039616 0.030446 0.010779 0.023655 
iteration  4
00:   0.004394 0.042588 0.022735 0.026973 0.005384 0.014192 
01:   0.004436 0.042594 0.022894 0.027067 0.005386 0.013827 
iteration  5
00:   0.003653 0.040488 0.018451 0.018760 0.004356 0.011873 
01:   0.003665 0.040487 0.018487 0.018828 0.004354 0.012276 
iteration  6
00:   0.003529 0.040505 0.018027 0.014991 0.004110 0.012317 
01:   0.003601 0.040506 0.018016 0.015172 0.004112 0.011977 
iteration  7
00:   0.003550 0.040303 0.017970 0.005476 0.004102 0.011915 
01:   0.003560 0.040303 0.017976 0.005511 0.004088 0.011558 
/nethome/kalgin/z/mst/run.xeon.sh: line 45: 59233 Killed                  ./turbobust_stub.out $i 16
threadsCount = 4
loopsCount = 0
Done
iterationNumber = 0
iterationNumber = 1
iterationNumber = 2
iterationNumber = 3
iterationNumber = 4
iterationNumber = 5
iterationNumber = 6
iterationNumber = 7
0.834
4.962
iteration  0
00:   0.420268 0.213818 0.706184 0.015576 1.016472 0.657983 
01:   0.420889 0.213495 0.722919 0.015598 1.016515 0.658986 
02:   0.418980 0.213670 0.726289 0.015612 1.016512 0.656100 
03:   0.419357 0.213478 0.725444 0.015596 1.016506 0.654185 
iteration  1
00:   0.214418 0.100620 0.207136 0.017822 0.259273 0.320187 
01:   0.214466 0.100508 0.209323 0.017871 0.259256 0.319907 
02:   0.212891 0.100595 0.209418 0.017879 0.259264 0.319690 
03:   0.212723 0.100533 0.209964 0.017850 0.259272 0.319133 
iteration  2
00:   0.075805 0.050706 0.054199 0.016488 0.055533 0.081692 
01:   0.075896 0.050702 0.054613 0.016537 0.055527 0.082157 
02:   0.075292 0.050693 0.054645 0.016585 0.055527 0.082164 
03:   0.075563 0.050741 0.054556 0.016579 0.055529 0.080896 
iteration  3
00:   0.005892 0.039774 0.023454 0.015892 0.015572 0.017434 
01:   0.005958 0.039780 0.023803 0.015915 0.015575 0.017134 
02:   0.005914 0.039785 0.023828 0.015929 0.015573 0.017683 
03:   0.005931 0.039769 0.023687 0.015963 0.015575 0.017350 
iteration  4
00:   0.002663 0.036513 0.012957 0.013938 0.003998 0.011600 
01:   0.002653 0.036501 0.012818 0.013989 0.004005 0.011587 
02:   0.002730 0.036529 0.013194 0.013989 0.004006 0.011587 
03:   0.002634 0.036509 0.012796 0.014020 0.004004 0.011257 
iteration  5
00:   0.002446 0.035471 0.010519 0.009536 0.002853 0.010238 
01:   0.002482 0.035469 0.010436 0.009587 0.002858 0.010623 
02:   0.002459 0.035463 0.010524 0.009595 0.002859 0.010635 
03:   0.002437 0.035465 0.010354 0.009635 0.002858 0.010622 
iteration  6
00:   0.002294 0.035261 0.010056 0.007563 0.002652 0.010332 
01:   0.002325 0.035261 0.010018 0.007695 0.002652 0.010457 
02:   0.002284 0.035261 0.009930 0.007669 0.002652 0.010790 
03:   0.002319 0.035261 0.009890 0.007612 0.002644 0.010460 
iteration  7
00:   0.002467 0.035199 0.010389 0.002888 0.002599 0.009401 
01:   0.002459 0.035199 0.010312 0.002959 0.002600 0.009754 
02:   0.002475 0.035199 0.010236 0.002893 0.002599 0.009755 
03:   0.002419 0.035199 0.010220 0.002868 0.002597 0.009039 
/nethome/kalgin/z/mst/run.xeon.sh: line 45: 59250 Killed                  ./turbobust_stub.out $i 16
threadsCount = 8
loopsCount = 0
Done
iterationNumber = 0
iterationNumber = 1
iterationNumber = 2
iterationNumber = 3
iterationNumber = 4
iterationNumber = 5
iterationNumber = 6
iterationNumber = 7
0.633
3.674
iteration  0
00:   0.243774 0.140946 0.450548 0.007743 0.856786 0.488920 
01:   0.242157 0.140925 0.457487 0.007742 0.856817 0.489510 
02:   0.241467 0.140824 0.459321 0.007743 0.856801 0.488905 
03:   0.239828 0.140840 0.460441 0.007743 0.856789 0.489324 
04:   0.240858 0.140953 0.462273 0.007746 0.856729 0.490179 
05:   0.240249 0.140941 0.462631 0.007745 0.856797 0.489348 
06:   0.241041 0.141020 0.464238 0.007749 0.856748 0.489438 
07:   0.245510 0.140844 0.465024 0.007750 0.856677 0.488262 
iteration  1
00:   0.128710 0.071626 0.128468 0.009320 0.219694 0.249149 
01:   0.128575 0.071528 0.129439 0.009318 0.219689 0.249507 
02:   0.128238 0.071616 0.129988 0.009329 0.219697 0.249327 
03:   0.127788 0.071567 0.129842 0.009332 0.219693 0.248224 
04:   0.128244 0.071655 0.130891 0.009333 0.219703 0.248912 
05:   0.127636 0.071637 0.130368 0.009323 0.219706 0.248129 
06:   0.128208 0.071638 0.130934 0.009334 0.219680 0.247159 
07:   0.128037 0.071576 0.131073 0.009331 0.219695 0.249134 
iteration  2
00:   0.046590 0.044372 0.031322 0.008578 0.049386 0.060914 
01:   0.046429 0.044365 0.032052 0.008571 0.049383 0.061151 
02:   0.046390 0.044349 0.032013 0.008578 0.049385 0.060402 
03:   0.046007 0.044353 0.031993 0.008579 0.049397 0.060950 
04:   0.046312 0.044343 0.032305 0.008587 0.049393 0.060563 
05:   0.045953 0.044356 0.032108 0.008575 0.049403 0.060855 
06:   0.046232 0.044378 0.032140 0.008571 0.049400 0.060678 
07:   0.046477 0.044320 0.032215 0.008580 0.049383 0.060339 
iteration  3
00:   0.004586 0.039103 0.014173 0.008257 0.015066 0.014480 
01:   0.004668 0.039084 0.014495 0.008240 0.015052 0.015379 
02:   0.004582 0.039093 0.014329 0.008176 0.015055 0.015072 
03:   0.004586 0.039105 0.014403 0.008253 0.015055 0.015028 
04:   0.004462 0.039080 0.014350 0.008259 0.015056 0.015288 
05:   0.004560 0.039107 0.014348 0.008269 0.015050 0.014977 
06:   0.004487 0.039101 0.014225 0.008271 0.015060 0.015307 
07:   0.004494 0.039075 0.014292 0.008270 0.015057 0.014769 
iteration  4
00:   0.002535 0.037293 0.008503 0.007182 0.003463 0.011626 
01:   0.002600 0.037296 0.008777 0.007174 0.003465 0.011980 
02:   0.002582 0.037292 0.008642 0.007187 0.003462 0.011945 
03:   0.002554 0.037296 0.008621 0.007191 0.003468 0.011952 
04:   0.002589 0.037303 0.008652 0.007186 0.003469 0.011570 
05:   0.002545 0.037294 0.008521 0.007173 0.003464 0.010988 
06:   0.002525 0.037296 0.008408 0.007194 0.003464 0.011893 
07:   0.002570 0.037295 0.008663 0.007171 0.003457 0.011299 
iteration  5
00:   0.002330 0.036747 0.007455 0.004912 0.002683 0.009234 
01:   0.002348 0.036749 0.007403 0.004896 0.002679 0.009259 
02:   0.002327 0.036749 0.007359 0.004912 0.002697 0.009688 
03:   0.002342 0.036748 0.007383 0.004904 0.002697 0.009678 
04:   0.002312 0.036748 0.007435 0.004914 0.002697 0.009656 
05:   0.002277 0.036748 0.007362 0.004915 0.002681 0.009666 
06:   0.002289 0.036747 0.007295 0.004916 0.002696 0.009668 
07:   0.002301 0.036748 0.007443 0.004909 0.002699 0.009350 
iteration  6
00:   0.002481 0.036477 0.007178 0.004017 0.002648 0.009057 
01:   0.002475 0.036477 0.007264 0.004015 0.002651 0.009473 
02:   0.002433 0.036477 0.007257 0.004012 0.002652 0.009488 
03:   0.002470 0.036477 0.007223 0.004011 0.002647 0.009481 
04:   0.002460 0.036477 0.007237 0.004006 0.002646 0.009486 
05:   0.002475 0.036477 0.007218 0.004017 0.002649 0.009463 
06:   0.002442 0.036477 0.007211 0.004016 0.002647 0.009004 
07:   0.002402 0.036477 0.007225 0.004012 0.002647 0.009117 
iteration  7
00:   0.002326 0.036701 0.007559 0.001643 0.002616 0.010263 
01:   0.002317 0.036701 0.007712 0.001646 0.002623 0.010607 
02:   0.002304 0.036701 0.007648 0.001645 0.002622 0.010247 
03:   0.002332 0.036701 0.007540 0.001645 0.002623 0.010593 
04:   0.002349 0.036700 0.007561 0.001644 0.002615 0.010255 
05:   0.002337 0.036700 0.007590 0.001645 0.002625 0.010201 
06:   0.002329 0.036700 0.007472 0.001644 0.002627 0.010573 
07:   0.002288 0.036700 0.007649 0.001645 0.002628 0.010241 
/nethome/kalgin/z/mst/run.xeon.sh: line 45: 59268 Killed                  ./turbobust_stub.out $i 16
threadsCount = 16
loopsCount = 0
Done
iterationNumber = 0
iterationNumber = 1
iterationNumber = 2
iterationNumber = 3
iterationNumber = 4
iterationNumber = 5
iterationNumber = 6
iterationNumber = 7
0.546
3.901
iteration  0
00:   0.187312 0.124287 0.351505 0.006944 1.431726 0.280763 
01:   0.186876 0.124029 0.362780 0.006957 1.431687 0.282141 
02:   0.186277 0.124296 0.362270 0.006943 1.431702 0.281450 
03:   0.185799 0.124435 0.363533 0.006945 1.431717 0.279660 
04:   0.185978 0.124234 0.365763 0.006947 1.431696 0.280230 
05:   0.185546 0.124394 0.366159 0.006951 1.431698 0.280037 
06:   0.162846 0.124198 0.334949 0.006947 1.431687 0.273326 
07:   0.186729 0.124187 0.368720 0.006949 1.431650 0.280284 
08:   0.137903 0.113580 0.313635 0.006952 1.428234 0.263055 
09:   0.136612 0.113464 0.313120 0.006946 1.428187 0.262484 
10:   0.136173 0.113613 0.313606 0.006949 1.428153 0.261976 
11:   0.136497 0.113607 0.311443 0.006951 1.428170 0.261388 
12:   0.136507 0.113657 0.313591 0.006949 1.428192 0.261481 
13:   0.136163 0.113500 0.311236 0.006934 1.428127 0.260919 
14:   0.136103 0.113322 0.314141 0.006942 1.428129 0.260502 
15:   0.138151 0.113514 0.309802 0.006952 1.428166 0.259386 
iteration  1
00:   0.073868 0.064542 0.097035 0.009849 0.367855 0.143764 
01:   0.073898 0.064501 0.100178 0.009798 0.367861 0.144979 
02:   0.073718 0.064575 0.100232 0.009789 0.367860 0.144925 
03:   0.073458 0.064587 0.100392 0.009770 0.367832 0.144666 
04:   0.073292 0.064470 0.100586 0.009790 0.367854 0.144166 
05:   0.073437 0.064575 0.100867 0.009795 0.367828 0.144111 
06:   0.073162 0.064445 0.092296 0.009779 0.367853 0.143465 
07:   0.073189 0.064437 0.101672 0.009814 0.367823 0.144178 
08:   0.069569 0.062149 0.087015 0.009816 0.366894 0.139226 
09:   0.069213 0.062139 0.086603 0.009794 0.366897 0.139303 
10:   0.069189 0.062251 0.086495 0.009822 0.366876 0.139895 
11:   0.068694 0.062259 0.086121 0.009778 0.366906 0.138826 
12:   0.069050 0.062237 0.086926 0.009851 0.366886 0.139081 
13:   0.069126 0.062180 0.085506 0.009837 0.366837 0.138840 
14:   0.068776 0.061823 0.086614 0.009820 0.366894 0.138989 
15:   0.068622 0.062183 0.086439 0.009821 0.366899 0.138006 
iteration  2
00:   0.025786 0.045181 0.023952 0.007622 0.091800 0.049464 
01:   0.026081 0.045191 0.024696 0.007560 0.091793 0.050120 
02:   0.025823 0.045208 0.024731 0.007601 0.091784 0.049955 
03:   0.025778 0.045223 0.024866 0.007555 0.091784 0.049983 
04:   0.025561 0.045129 0.024629 0.007564 0.091788 0.049978 
05:   0.025636 0.045199 0.024754 0.007620 0.091783 0.049919 
06:   0.025526 0.045182 0.022755 0.007616 0.091779 0.049667 
07:   0.025666 0.045126 0.024842 0.007604 0.091781 0.049852 
08:   0.028030 0.044783 0.020188 0.007647 0.091548 0.046104 
09:   0.027692 0.044782 0.020422 0.007621 0.091558 0.046140 
10:   0.027898 0.044794 0.020290 0.007612 0.091559 0.046072 
11:   0.027602 0.044781 0.020358 0.007566 0.091554 0.046006 
12:   0.027757 0.044803 0.020453 0.007589 0.091559 0.046348 
13:   0.027852 0.044792 0.020318 0.007603 0.091559 0.046097 
14:   0.027842 0.044675 0.020304 0.007583 0.091562 0.046151 
15:   0.027704 0.044787 0.020280 0.007655 0.091567 0.045402 
iteration  3
00:   0.002605 0.041481 0.012617 0.005998 0.026932 0.017507 
01:   0.002742 0.041496 0.012958 0.005947 0.026933 0.018174 
02:   0.002748 0.041498 0.012833 0.005943 0.026926 0.018508 
03:   0.002739 0.041497 0.012742 0.005942 0.026935 0.018266 
04:   0.002787 0.041493 0.012854 0.005952 0.026935 0.017508 
05:   0.002633 0.041493 0.012952 0.005967 0.026929 0.018368 
06:   0.002657 0.041490 0.012010 0.005939 0.026933 0.018514 
07:   0.002646 0.041482 0.012945 0.005942 0.026939 0.018457 
08:   0.002819 0.041428 0.008975 0.005947 0.026873 0.018319 
09:   0.002856 0.041439 0.008891 0.005947 0.026873 0.018246 
10:   0.002985 0.041432 0.008888 0.005942 0.026874 0.018123 
11:   0.002863 0.041436 0.008827 0.005924 0.026870 0.018165 
12:   0.002885 0.041432 0.008860 0.005930 0.026873 0.018180 
13:   0.002808 0.041437 0.008730 0.005905 0.026875 0.017861 
14:   0.002937 0.041422 0.008921 0.005934 0.026870 0.018039 
15:   0.002793 0.041428 0.008825 0.005919 0.026872 0.017449 
iteration  4
00:   0.001135 0.040543 0.010061 0.004602 0.005438 0.011175 
01:   0.001134 0.040546 0.010029 0.004609 0.005436 0.010594 
02:   0.001138 0.040544 0.010111 0.004596 0.005437 0.011601 
03:   0.001119 0.040541 0.009894 0.004577 0.005466 0.011603 
04:   0.001138 0.040544 0.010014 0.004575 0.005467 0.011607 
05:   0.001143 0.040549 0.010187 0.004610 0.005470 0.011662 
06:   0.001132 0.040545 0.009823 0.004593 0.005433 0.011620 
07:   0.001088 0.040543 0.010012 0.004597 0.005454 0.011627 
08:   0.001217 0.040538 0.005490 0.004618 0.005430 0.011529 
09:   0.001191 0.040541 0.005458 0.004634 0.005424 0.011517 
10:   0.001182 0.040540 0.005336 0.004609 0.005454 0.011130 
11:   0.001194 0.040541 0.005376 0.004664 0.005418 0.009864 
12:   0.001203 0.040538 0.005398 0.004587 0.005424 0.011490 
13:   0.001199 0.040540 0.005442 0.004612 0.005437 0.011496 
14:   0.001202 0.040537 0.005281 0.004597 0.005421 0.011492 
15:   0.001074 0.040541 0.005365 0.004667 0.005432 0.011147 
iteration  5
00:   0.001021 0.040284 0.009537 0.003101 0.003005 0.012177 
01:   0.001026 0.040284 0.009505 0.003113 0.003020 0.013192 
02:   0.001025 0.040283 0.009472 0.003091 0.003025 0.013123 
03:   0.001015 0.040282 0.009426 0.003098 0.003000 0.013170 
04:   0.001009 0.040283 0.009493 0.003103 0.003052 0.011479 
05:   0.001001 0.040283 0.009502 0.003132 0.003006 0.012177 
06:   0.000998 0.040282 0.009432 0.003151 0.003052 0.013160 
07:   0.000979 0.040282 0.009501 0.003109 0.003007 0.013174 
08:   0.001146 0.040282 0.004886 0.003180 0.003027 0.013403 
09:   0.001138 0.040282 0.004849 0.003113 0.002997 0.013380 
10:   0.001151 0.040282 0.004839 0.003117 0.003028 0.013389 
11:   0.001134 0.040282 0.004863 0.003125 0.003020 0.012935 
12:   0.001128 0.040282 0.004844 0.003101 0.003014 0.013362 
13:   0.001124 0.040282 0.004850 0.003116 0.003030 0.013404 
14:   0.001136 0.040281 0.004832 0.003100 0.003028 0.012939 
15:   0.001116 0.040282 0.004803 0.003149 0.003049 0.012857 
iteration  6
00:   0.001165 0.040269 0.009461 0.002395 0.002983 0.014138 
01:   0.001132 0.040269 0.009483 0.002353 0.002989 0.014816 
02:   0.001141 0.040269 0.009475 0.002386 0.003006 0.014708 
03:   0.001151 0.040269 0.009473 0.002372 0.003002 0.014792 
04:   0.001118 0.040269 0.009390 0.002413 0.002994 0.014747 
05:   0.001162 0.040269 0.009462 0.002364 0.002985 0.014816 
06:   0.001153 0.040269 0.009473 0.002341 0.002981 0.014822 
07:   0.001071 0.040270 0.009459 0.002379 0.002973 0.014061 
08:   0.001035 0.040269 0.004909 0.002453 0.002972 0.014117 
09:   0.001032 0.040269 0.004889 0.002320 0.002972 0.013620 
10:   0.001026 0.040269 0.004889 0.002399 0.002999 0.014100 
11:   0.001017 0.040269 0.004870 0.002475 0.002974 0.013624 
12:   0.001017 0.040269 0.004832 0.002363 0.002975 0.014096 
13:   0.001030 0.040269 0.004875 0.002455 0.002973 0.014093 
14:   0.001021 0.040269 0.004822 0.002390 0.002978 0.014092 
15:   0.000806 0.040268 0.004847 0.002353 0.002974 0.013636 
iteration  7
00:   0.001040 0.040158 0.009497 0.001095 0.003124 0.014360 
01:   0.001039 0.040158 0.009550 0.001101 0.003128 0.014334 
02:   0.000986 0.040158 0.009529 0.001148 0.003117 0.014280 
03:   0.001002 0.040158 0.009544 0.001085 0.003128 0.014780 
04:   0.000979 0.040158 0.009533 0.001076 0.003124 0.014777 
05:   0.001034 0.040158 0.009535 0.001099 0.003122 0.014326 
06:   0.001024 0.040158 0.009511 0.001078 0.003120 0.014806 
07:   0.000953 0.040158 0.009538 0.001073 0.003124 0.014761 
08:   0.001152 0.040158 0.004936 0.001068 0.003107 0.014250 
09:   0.001158 0.040158 0.004904 0.001107 0.003108 0.014827 
10:   0.001116 0.040157 0.004874 0.001068 0.003108 0.014820 
11:   0.001155 0.040157 0.004888 0.001102 0.003108 0.014851 
12:   0.001180 0.040157 0.004853 0.001081 0.003109 0.014210 
13:   0.001146 0.040157 0.004871 0.001102 0.003108 0.014870 
14:   0.001180 0.040157 0.004834 0.001071 0.003105 0.014845 
15:   0.001108 0.040157 0.004860 0.001089 0.003107 0.014355 
/nethome/kalgin/z/mst/run.xeon.sh: line 45: 59286 Killed                  ./turbobust_stub.out $i 16
/nethome/kalgin/z/mst/run.xeon.sh: line 45: 59304 Segmentation fault      (core dumped) ./turbobust_stub.out $i 16
/nethome/kalgin/z/mst/run.xeon.sh: line 60: kill: (59304) - No such process
