threadsCount = 16
loopsCount = 70
15.635
3.270
threadsCount = 1
loopsCount = 70
Done
iterationNumber = 0
iterationNumber = 1
iterationNumber = 2
iterationNumber = 3
iterationNumber = 4
iterationNumber = 5
iterationNumber = 6
iterationNumber = 7
iterationNumber = 8
iterationNumber = 9
3.198
58.216
iteration  0
00:   2.925289 0.755527 1.475378 0.019445 0.268727 4.696017 
iteration  1
00:   2.885862 0.346085 0.464600 0.046166 0.076264 4.160200 
iteration  2
00:   2.816610 0.129036 0.128537 0.034858 0.023272 3.944963 
iteration  3
00:   2.768471 0.079556 0.049725 0.027793 0.010176 3.737054 
iteration  4
00:   2.657049 0.071482 0.036290 0.022666 0.007961 3.725277 
iteration  5
00:   2.649228 0.070246 0.034241 0.019265 0.007583 3.710974 
iteration  6
00:   2.583476 0.070056 0.033895 0.021725 0.007536 3.262375 
iteration  7
00:   2.179869 0.070021 0.033822 0.019860 0.007566 2.492873 
iteration  8
00:   1.271992 0.070085 0.033788 0.027896 0.007542 0.883860 
iteration  9
00:   0.006829 0.070238 0.033823 0.005641 0.007585 0.012840 
threadsCount = 2
loopsCount = 70
Done
iterationNumber = 0
iterationNumber = 1
iterationNumber = 2
iterationNumber = 3
iterationNumber = 4
iterationNumber = 5
iterationNumber = 6
iterationNumber = 7
iterationNumber = 8
1.790
31.183
iteration  0
00:   1.501035 0.375656 1.056730 0.028700 0.699609 2.410254 
01:   1.497018 0.375261 1.083526 0.028739 0.699600 2.406081 
iteration  1
00:   1.434350 0.167679 0.315635 0.033094 0.174979 2.141520 
01:   1.431254 0.167437 0.319172 0.033079 0.174976 2.140073 
iteration  2
00:   1.410984 0.066169 0.080857 0.028177 0.031102 2.039785 
01:   1.408306 0.066143 0.080512 0.028221 0.031104 2.038628 
iteration  3
00:   1.403452 0.045143 0.029042 0.023739 0.007034 2.007358 
01:   1.400197 0.045127 0.029224 0.023744 0.007037 2.004172 
iteration  4
00:   1.406455 0.040849 0.019583 0.019614 0.004585 1.992674 
01:   1.392352 0.040851 0.019750 0.019571 0.004583 1.991745 
iteration  5
00:   1.402760 0.040399 0.017981 0.017348 0.004328 1.459472 
01:   1.392439 0.040398 0.017902 0.017317 0.004322 1.670746 
iteration  6
00:   1.327120 0.040162 0.017444 0.017103 0.004092 0.657734 
01:   1.327317 0.040161 0.017430 0.017080 0.004094 1.193347 
iteration  7
00:   0.271611 0.040161 0.018019 0.012918 0.004085 1.532020 
01:   1.286549 0.040161 0.018004 0.012857 0.004088 0.210036 
iteration  8
00:   0.003593 0.040183 0.017926 0.002840 0.004107 0.008128 
01:   1.300592 0.040183 0.017916 0.002833 0.004105 0.009128 
/nethome/kalgin/z/mst/run.rand.sh: line 47: 168803 Killed                  ./turbobust_stub.out $i 16
threadsCount = 4
loopsCount = 70
Done
iterationNumber = 0
iterationNumber = 1
iterationNumber = 2
iterationNumber = 3
iterationNumber = 4
iterationNumber = 5
iterationNumber = 6
iterationNumber = 7
iterationNumber = 8
1.212
20.204
iteration  0
00:   0.819662 0.213903 0.713356 0.015536 0.935650 1.442771 
01:   0.819443 0.213768 0.729556 0.015516 0.935658 1.442212 
02:   0.816143 0.213822 0.732414 0.015546 0.935652 1.439427 
03:   0.815515 0.213633 0.731074 0.015479 0.935662 1.435915 
iteration  1
00:   0.782460 0.099938 0.210220 0.017499 0.241452 1.292274 
01:   0.780669 0.099902 0.212477 0.017521 0.241457 1.291848 
02:   0.777112 0.099937 0.212442 0.017523 0.241445 1.289025 
03:   0.774937 0.099779 0.212473 0.017537 0.241443 1.286883 
iteration  2
00:   0.772029 0.047866 0.052468 0.015365 0.048517 1.240738 
01:   0.771035 0.047882 0.052958 0.015411 0.048516 1.240318 
02:   0.765914 0.047888 0.052760 0.015384 0.048514 1.237556 
03:   0.764529 0.047901 0.052888 0.015414 0.048513 1.231016 
iteration  3
00:   0.768663 0.037451 0.017823 0.013023 0.007109 1.221372 
01:   0.766136 0.037450 0.017593 0.013063 0.007113 1.215609 
02:   0.763792 0.037448 0.017763 0.013060 0.007115 1.214699 
03:   0.759827 0.037451 0.017883 0.013111 0.007115 1.214003 
iteration  4
00:   0.768508 0.035266 0.011067 0.010847 0.002932 1.207141 
01:   0.764987 0.035263 0.011290 0.010841 0.002932 1.208335 
02:   0.761063 0.035267 0.011163 0.010863 0.002929 1.213358 
03:   0.758651 0.035265 0.011146 0.010850 0.002932 1.220025 
iteration  5
00:   0.759915 0.035351 0.009917 0.009439 0.002717 0.805432 
01:   0.759012 0.035352 0.010150 0.009453 0.002717 0.869815 
02:   0.762408 0.035352 0.010020 0.009460 0.002714 0.949763 
03:   0.765986 0.035351 0.009984 0.009431 0.002717 0.684198 
iteration  6
00:   0.665159 0.035550 0.010138 0.004093 0.002604 0.383151 
01:   0.703759 0.035549 0.010130 0.004089 0.002601 0.434298 
02:   0.741794 0.035550 0.010121 0.004089 0.002603 0.718273 
03:   0.644580 0.035549 0.010015 0.004087 0.002604 0.422385 
iteration  7
00:   1.238675 0.035257 0.010284 0.004013 0.002660 1.597081 
01:   0.045536 0.035227 0.010317 0.004013 0.002659 0.033059 
02:   0.099233 0.035237 0.010122 0.004014 0.002660 0.092934 
03:   0.022933 0.035237 0.010120 0.003998 0.002657 0.019596 
iteration  8
00:   0.683366 0.035324 0.010324 0.001569 0.002644 0.006567 
01:   0.002864 0.035281 0.010243 0.001573 0.002665 0.006892 
02:   0.002862 0.035281 0.010196 0.001573 0.002665 0.006498 
03:   0.002828 0.035281 0.010182 0.001552 0.002665 0.006152 
/nethome/kalgin/z/mst/run.rand.sh: line 47: 168823 Killed                  ./turbobust_stub.out $i 16
threadsCount = 8
loopsCount = 70
Done
iterationNumber = 0
iterationNumber = 1
iterationNumber = 2
iterationNumber = 3
iterationNumber = 4
iterationNumber = 5
iterationNumber = 6
iterationNumber = 7
iterationNumber = 8
0.921
16.579
iteration  0
00:   0.472624 0.140800 0.457248 0.007680 0.877249 1.122624 
01:   0.471406 0.140813 0.465055 0.007682 0.877288 1.120759 
02:   0.473267 0.140972 0.467759 0.007683 0.877320 1.122729 
03:   0.468703 0.140946 0.464381 0.007675 0.877244 1.120653 
04:   0.468734 0.140881 0.469923 0.007679 0.877262 1.122503 
05:   0.468496 0.140880 0.469490 0.007683 0.877237 1.120427 
06:   0.469410 0.141003 0.471066 0.007677 0.877241 1.120270 
07:   0.471932 0.140645 0.471061 0.007677 0.877033 1.120268 
iteration  1
00:   0.452255 0.071317 0.137648 0.009187 0.222067 1.048622 
01:   0.452331 0.071352 0.137785 0.009192 0.222069 1.048498 
02:   0.453814 0.071290 0.139203 0.009184 0.222074 1.048538 
03:   0.449210 0.071315 0.137153 0.009189 0.222044 1.048396 
04:   0.449978 0.071395 0.138904 0.009175 0.222052 1.048204 
05:   0.450457 0.071309 0.138574 0.009190 0.222041 1.046539 
06:   0.450087 0.071265 0.138965 0.009190 0.222051 1.046437 
07:   0.450612 0.071234 0.138973 0.009187 0.222054 1.046472 
iteration  2
00:   0.449938 0.042870 0.035286 0.007994 0.046253 1.016763 
01:   0.448771 0.042877 0.035012 0.007996 0.046256 1.017298 
02:   0.447933 0.042888 0.035791 0.007993 0.046253 1.017297 
03:   0.444690 0.042882 0.035201 0.008000 0.046257 1.015880 
04:   0.447046 0.042910 0.035111 0.007995 0.046255 1.016956 
05:   0.445530 0.042885 0.035219 0.007996 0.046255 1.016159 
06:   0.447759 0.042872 0.035144 0.008001 0.046258 1.016208 
07:   0.447602 0.042873 0.035419 0.007996 0.046255 1.015382 
iteration  3
00:   0.446297 0.036850 0.011826 0.006791 0.008805 1.002943 
01:   0.445603 0.036843 0.011810 0.006795 0.008807 1.006077 
02:   0.446554 0.036845 0.011883 0.006793 0.008807 1.005056 
03:   0.441385 0.036848 0.011923 0.006795 0.008807 1.011064 
04:   0.442392 0.036854 0.011746 0.006792 0.008795 1.004523 
05:   0.444258 0.036843 0.011796 0.006798 0.008810 1.008827 
06:   0.442633 0.036855 0.011764 0.006788 0.008805 1.003041 
07:   0.442841 0.036847 0.011697 0.006791 0.008808 1.002611 
iteration  4
00:   0.442655 0.036553 0.007732 0.005659 0.002654 0.984821 
01:   0.442611 0.036554 0.007878 0.005674 0.002666 0.990834 
02:   0.443441 0.036554 0.007998 0.005676 0.002666 0.997534 
03:   0.444399 0.036554 0.007820 0.005674 0.002670 1.001629 
04:   0.440710 0.036557 0.007784 0.005638 0.002664 0.994101 
05:   0.444588 0.036557 0.007962 0.005673 0.002650 1.035046 
06:   0.440698 0.036554 0.007897 0.005655 0.002648 0.999387 
07:   0.440302 0.036553 0.007660 0.005675 0.002646 1.015552 
iteration  5
00:   0.429484 0.036168 0.007507 0.004777 0.002646 0.590045 
01:   0.431869 0.036167 0.007496 0.004784 0.002651 0.669878 
02:   0.437083 0.036168 0.007544 0.004783 0.002650 0.715631 
03:   0.436878 0.036167 0.007493 0.004779 0.002644 0.679877 
04:   0.432492 0.036168 0.007400 0.004779 0.002651 0.766714 
05:   0.461050 0.036168 0.007406 0.004780 0.002649 0.737176 
06:   0.437010 0.036168 0.007454 0.004780 0.002644 0.630533 
07:   0.448664 0.036167 0.007381 0.004776 0.002652 0.614070 
iteration  6
00:   0.427377 0.036343 0.007338 0.004187 0.002665 0.531821 
01:   0.411812 0.036342 0.007342 0.004187 0.002663 0.543869 
02:   0.346653 0.036342 0.007412 0.004172 0.002659 0.608580 
03:   0.407532 0.036343 0.007241 0.004188 0.002662 0.539032 
04:   0.507978 0.036343 0.007224 0.004185 0.002665 0.554679 
05:   0.277742 0.036342 0.007225 0.004191 0.002663 0.426685 
06:   0.388066 0.036342 0.007268 0.004187 0.002662 0.578661 
07:   0.318539 0.036342 0.007304 0.004186 0.002658 0.682619 
iteration  7
00:   0.002988 0.036404 0.007383 0.003221 0.002710 0.006631 
01:   0.002992 0.036323 0.007426 0.003217 0.002711 0.018809 
02:   0.024093 0.036331 0.007483 0.003214 0.002715 0.007135 
03:   0.002983 0.036322 0.007310 0.003218 0.002714 1.580822 
04:   0.002996 0.036418 0.007420 0.003221 0.002711 0.007117 
05:   1.234769 0.036419 0.007371 0.003225 0.002716 0.054798 
06:   0.054710 0.036322 0.007339 0.003213 0.002711 0.007079 
07:   0.003001 0.036321 0.007258 0.003225 0.002711 0.059306 
iteration  8
00:   0.002731 0.036166 0.007397 0.000766 0.002619 0.006118 
01:   0.002741 0.036113 0.007474 0.000763 0.002619 0.006102 
02:   1.213300 0.036168 0.007478 0.000765 0.002613 0.006608 
03:   0.002727 0.036112 0.007398 0.000766 0.002623 0.006583 
04:   0.002724 0.036104 0.007380 0.000766 0.002611 0.006578 
05:   0.002713 0.036050 0.007344 0.000769 0.002620 0.006559 
06:   0.002706 0.036049 0.007356 0.000770 0.002621 0.006596 
07:   0.002712 0.036048 0.007287 0.000761 0.002619 0.006757 
/nethome/kalgin/z/mst/run.rand.sh: line 47: 168841 Killed                  ./turbobust_stub.out $i 16
threadsCount = 16
loopsCount = 70
Done
iterationNumber = 0
iterationNumber = 1
iterationNumber = 2
iterationNumber = 3
iterationNumber = 4
iterationNumber = 5
iterationNumber = 6
iterationNumber = 7
iterationNumber = 8
0.764
13.550
iteration  0
00:   0.341729 0.127373 0.359886 0.006904 1.402824 0.655576 
01:   0.301202 0.127400 0.342019 0.006914 1.402880 0.641149 
02:   0.341367 0.127452 0.376429 0.006912 1.402868 0.655558 
03:   0.340982 0.127663 0.377478 0.006889 1.402894 0.655478 
04:   0.341151 0.127607 0.377750 0.006882 1.402892 0.653416 
05:   0.340011 0.127510 0.377799 0.006913 1.402885 0.651244 
06:   0.300182 0.127501 0.346141 0.006886 1.402900 0.641044 
07:   0.299515 0.127478 0.348970 0.006924 1.402880 0.640976 
08:   0.228271 0.116690 0.297174 0.006881 1.399393 0.587228 
09:   0.262178 0.116722 0.323798 0.006899 1.399418 0.587164 
10:   0.261027 0.116826 0.324638 0.006921 1.399431 0.587123 
11:   0.262190 0.116745 0.323828 0.006886 1.399385 0.587113 
12:   0.261391 0.116834 0.324529 0.006892 1.399421 0.586924 
13:   0.261089 0.116777 0.325097 0.006890 1.399403 0.586946 
14:   0.260645 0.116498 0.324246 0.006904 1.399396 0.586810 
15:   0.265332 0.116481 0.323050 0.006880 1.399399 0.586831 
iteration  1
00:   0.266893 0.064095 0.107786 0.009730 0.334978 0.609584 
01:   0.266232 0.064103 0.101831 0.009751 0.335053 0.609436 
02:   0.265749 0.064083 0.111679 0.009727 0.335026 0.609429 
03:   0.265537 0.064211 0.111771 0.009731 0.335009 0.609417 
04:   0.265953 0.064077 0.111930 0.009710 0.335009 0.607503 
05:   0.264600 0.064101 0.111461 0.009727 0.335025 0.607511 
06:   0.264928 0.064057 0.102454 0.009738 0.335020 0.607588 
07:   0.265231 0.064114 0.102394 0.009747 0.335016 0.607469 
08:   0.229249 0.061796 0.089021 0.009748 0.334245 0.561607 
09:   0.230244 0.061879 0.095467 0.009707 0.334259 0.562244 
10:   0.228693 0.061890 0.095962 0.009707 0.334249 0.562195 
11:   0.229003 0.061907 0.095777 0.009715 0.334254 0.562112 
12:   0.227776 0.061927 0.095559 0.009709 0.334241 0.562112 
13:   0.229059 0.061879 0.096387 0.009699 0.334269 0.562127 
14:   0.228924 0.061441 0.095189 0.009698 0.334251 0.562086 
15:   0.228568 0.061853 0.094954 0.009698 0.334249 0.561546 
iteration  2
00:   0.263873 0.044190 0.028313 0.007078 0.063889 0.592469 
01:   0.262822 0.044177 0.026769 0.007130 0.063938 0.590702 
02:   0.262420 0.044188 0.029646 0.007059 0.063902 0.593198 
03:   0.262371 0.044179 0.029399 0.007103 0.063905 0.589171 
04:   0.263717 0.044142 0.029677 0.007071 0.063900 0.591175 
05:   0.262002 0.044158 0.029398 0.007093 0.063898 0.584885 
06:   0.261710 0.044181 0.026623 0.007073 0.063897 0.592613 
07:   0.261359 0.044161 0.026723 0.007092 0.063900 0.586204 
08:   0.226793 0.043919 0.022656 0.007057 0.063811 0.549274 
09:   0.226201 0.043943 0.024079 0.007046 0.063807 0.550706 
10:   0.226286 0.043915 0.024189 0.007044 0.063826 0.550462 
11:   0.225503 0.043935 0.024302 0.007057 0.063819 0.549815 
12:   0.225420 0.043935 0.024021 0.007089 0.063841 0.550211 
13:   0.226340 0.043945 0.024251 0.007080 0.063800 0.551478 
14:   0.225219 0.043872 0.024677 0.007057 0.063805 0.550032 
15:   0.225193 0.043926 0.024043 0.007078 0.063827 0.547932 
iteration  3
00:   0.263725 0.040496 0.011842 0.004307 0.010660 0.574225 
01:   0.264180 0.040494 0.011160 0.004265 0.010659 0.579062 
02:   0.264234 0.040498 0.011941 0.004350 0.010666 0.577600 
03:   0.263532 0.040500 0.011915 0.004311 0.010680 0.584048 
04:   0.264927 0.040497 0.011856 0.004273 0.010670 0.580663 
05:   0.263224 0.040497 0.011711 0.004361 0.010706 0.574471 
06:   0.264643 0.040495 0.010921 0.004323 0.010682 0.580043 
07:   0.262586 0.040494 0.010962 0.004289 0.010695 0.576310 
08:   0.227418 0.040486 0.007490 0.004287 0.010658 0.539650 
09:   0.227101 0.040488 0.007644 0.004315 0.010672 0.539280 
10:   0.226683 0.040486 0.007677 0.004311 0.010650 0.544881 
11:   0.225439 0.040489 0.007406 0.004284 0.010649 0.542956 
12:   0.226338 0.040484 0.007736 0.004315 0.010678 0.542977 
13:   0.227573 0.040487 0.007567 0.004304 0.010664 0.539560 
14:   0.226012 0.040484 0.007576 0.004265 0.010694 0.543268 
15:   0.224763 0.040487 0.007453 0.004310 0.010653 0.540870 
iteration  4
00:   0.260004 0.040000 0.009737 0.003107 0.003059 0.588120 
01:   0.261278 0.040001 0.009505 0.003115 0.003080 0.489284 
02:   0.259399 0.039999 0.009685 0.003149 0.003060 0.460131 
03:   0.263816 0.040000 0.009696 0.003103 0.003061 0.541806 
04:   0.263246 0.040000 0.009747 0.003147 0.003084 0.624761 
05:   0.257807 0.039999 0.009674 0.003092 0.003080 0.563485 
06:   0.261199 0.039998 0.009370 0.003104 0.003083 0.535289 
07:   0.258417 0.039998 0.009505 0.003091 0.003071 0.563617 
08:   0.224428 0.039999 0.005159 0.003121 0.003082 0.591374 
09:   0.223412 0.039999 0.005070 0.003116 0.003059 0.534983 
10:   0.226385 0.039999 0.005124 0.003103 0.003051 0.499608 
11:   0.224900 0.039998 0.005142 0.003136 0.003064 0.464865 
12:   0.225085 0.039998 0.005073 0.003138 0.003075 0.524404 
13:   0.222031 0.039999 0.005103 0.003125 0.003081 0.523364 
14:   0.224981 0.040000 0.005077 0.003116 0.003073 0.524299 
15:   0.223862 0.039998 0.005033 0.003167 0.003058 0.504100 
iteration  5
00:   0.280720 0.039947 0.009509 0.002555 0.003087 0.287080 
01:   0.221327 0.039947 0.009393 0.002587 0.003090 0.465823 
02:   0.204121 0.039946 0.009533 0.002578 0.003089 0.331250 
03:   0.247302 0.039946 0.009483 0.002579 0.003108 0.318416 
04:   0.308491 0.039947 0.009459 0.002566 0.003101 0.157712 
05:   0.267016 0.039946 0.009461 0.002609 0.003100 0.410751 
06:   0.244412 0.039946 0.009450 0.002576 0.003089 0.326532 
07:   0.264686 0.039946 0.009408 0.002569 0.003088 0.460072 
08:   0.272074 0.039946 0.004840 0.002608 0.003109 0.132903 
09:   0.232139 0.039946 0.004889 0.002589 0.003144 0.302366 
10:   0.212130 0.039946 0.004882 0.002561 0.003110 0.408843 
11:   0.195029 0.039945 0.004840 0.002577 0.003093 0.319124 
12:   0.223379 0.039945 0.004839 0.002629 0.003087 0.311701 
13:   0.224258 0.039945 0.004824 0.002595 0.003089 0.307474 
14:   0.224198 0.039945 0.004814 0.002573 0.003089 0.228949 
15:   0.213506 0.039946 0.004862 0.002586 0.003098 0.364949 
iteration  6
00:   0.165489 0.040264 0.009465 0.002240 0.003012 0.071051 
01:   0.235436 0.040263 0.009472 0.002211 0.003044 0.157498 
02:   0.143971 0.040217 0.009469 0.002217 0.003019 0.222827 
03:   0.274046 0.040278 0.009484 0.002212 0.003012 0.290024 
04:   0.086098 0.040278 0.009441 0.002202 0.003009 0.235071 
05:   0.205356 0.040278 0.009426 0.002205 0.003015 0.339569 
06:   0.187665 0.040278 0.009384 0.002228 0.003012 0.185349 
07:   0.396944 0.040280 0.009406 0.002214 0.003036 0.268103 
08:   0.238922 0.040267 0.004925 0.002181 0.003043 0.239676 
09:   0.143448 0.040223 0.004881 0.002174 0.003012 0.173776 
10:   0.239827 0.040278 0.004862 0.002198 0.003033 0.233663 
11:   0.226378 0.040278 0.004880 0.002184 0.003018 0.236035 
12:   0.087253 0.040266 0.004899 0.002228 0.003014 0.372114 
13:   0.095326 0.040223 0.004869 0.002203 0.003025 0.185492 
14:   0.366359 0.040268 0.004808 0.002173 0.003016 0.188741 
15:   0.166796 0.040222 0.004805 0.002171 0.003025 0.288542 
iteration  7
00:   0.001488 0.040775 0.009675 0.001801 0.003141 0.008466 
01:   0.001534 0.040717 0.009662 0.001802 0.003142 0.008974 
02:   0.001509 0.040718 0.009669 0.001794 0.003142 0.008964 
03:   0.001493 0.040716 0.009642 0.001792 0.003134 0.008464 
04:   0.001513 0.040736 0.009658 0.001801 0.003145 0.008967 
05:   0.054827 0.040667 0.009641 0.001801 0.003142 0.079888 
06:   0.001526 0.040688 0.009657 0.001794 0.003141 0.008914 
07:   0.001410 0.040688 0.009643 0.001774 0.003144 0.008932 
08:   0.002066 0.040753 0.004822 0.001972 0.003198 0.007920 
09:   0.002065 0.040698 0.004837 0.001972 0.003196 0.007653 
10:   0.077261 0.040696 0.004810 0.001971 0.003201 0.038724 
11:   0.002057 0.040694 0.004846 0.001976 0.003194 0.007901 
12:   0.002070 0.040795 0.004784 0.001977 0.003196 0.007893 
13:   0.002025 0.040762 0.004771 0.001974 0.003197 0.008284 
14:   0.002066 0.040761 0.004788 0.001978 0.003196 0.007915 
15:   1.245931 0.040798 0.004779 0.001979 0.003197 1.706206 
iteration  8
00:   0.001499 0.041076 0.009570 0.000515 0.003035 0.006888 
01:   0.001523 0.041016 0.009545 0.000490 0.003004 0.007339 
02:   0.001526 0.041015 0.009558 0.000515 0.003032 0.007331 
03:   0.001503 0.041046 0.009540 0.000512 0.003027 0.007289 
04:   0.001539 0.041034 0.009520 0.000518 0.003007 0.006878 
05:   0.001494 0.040965 0.009471 0.000518 0.003029 0.007324 
06:   0.001517 0.040983 0.009543 0.000519 0.003011 0.007327 
07:   0.001379 0.040986 0.009535 0.000521 0.003028 0.007289 
08:   0.001449 0.041090 0.004875 0.000561 0.003081 0.006268 
09:   0.001470 0.040995 0.004816 0.000563 0.003078 0.006279 
10:   1.329797 0.041092 0.004833 0.000561 0.003078 0.006268 
11:   0.001493 0.040994 0.004839 0.000566 0.003079 0.006252 
12:   0.001489 0.040975 0.004794 0.000566 0.003079 0.006284 
13:   0.001486 0.040919 0.004837 0.000560 0.003081 0.005555 
14:   0.001472 0.040934 0.004755 0.000561 0.003078 0.006282 
15:   0.001476 0.040929 0.004754 0.000555 0.003081 0.005822 
/nethome/kalgin/z/mst/run.rand.sh: line 47: 168859 Killed                  ./turbobust_stub.out $i 16
/nethome/kalgin/z/mst/run.rand.sh: line 47: 168877 Segmentation fault      (core dumped) ./turbobust_stub.out $i 16
/nethome/kalgin/z/mst/run.rand.sh: line 62: kill: (168877) - No such process
ls: cannot access /tmp/data.bin: No such file or directory
ls: cannot access /tmp/data.bin: No such file or directory
