threadsCount = 16
loopsCount = 0
7.692
1.515
threadsCount = 1
loopsCount = 0
Done
iterationNumber = 0
iterationNumber = 1
iterationNumber = 2
iterationNumber = 3
iterationNumber = 4
iterationNumber = 5
iterationNumber = 6
iterationNumber = 7
5.032
6.622
iteration  0
00:   0.223364 0.000000 2.052637 0.017720 0.807037 
iteration  1
00:   0.321471 0.000000 0.734461 0.041515 0.290585 
iteration  2
00:   0.409680 0.000000 0.263386 0.039702 0.097139 
iteration  3
00:   0.471894 0.000000 0.151986 0.039957 0.019972 
iteration  4
00:   0.053822 0.000000 0.113585 0.037264 0.008459 
iteration  5
00:   0.013212 0.000000 0.103265 0.024966 0.005798 
iteration  6
00:   0.008375 0.000000 0.101559 0.019674 0.005348 
iteration  7
00:   0.007690 0.000000 0.101386 0.010628 0.005402 
threadsCount = 2
loopsCount = 0
Done
iterationNumber = 0
iterationNumber = 1
iterationNumber = 2
iterationNumber = 3
iterationNumber = 4
iterationNumber = 5
iterationNumber = 6
iterationNumber = 7
2.748
4.127
iteration  0
00:   0.117313 0.000000 1.382344 0.009015 0.491840 
01:   0.116798 0.000000 1.415252 0.009026 0.467018 
iteration  1
00:   0.167688 0.000000 0.465187 0.022898 0.209095 
01:   0.158281 0.000000 0.473615 0.022865 0.222752 
iteration  2
00:   0.214806 0.000000 0.158233 0.021308 0.076425 
01:   0.211240 0.000000 0.158644 0.021319 0.081322 
iteration  3
00:   0.249285 0.000000 0.088759 0.020758 0.010789 
01:   0.247719 0.000000 0.088799 0.020816 0.010939 
iteration  4
00:   0.028943 0.000000 0.064684 0.019113 0.004334 
01:   0.028005 0.000000 0.064730 0.019158 0.004305 
iteration  5
00:   0.007040 0.000000 0.057922 0.012872 0.002967 
01:   0.006970 0.000000 0.057898 0.012911 0.002960 
iteration  6
00:   0.004458 0.000000 0.057244 0.010334 0.002753 
01:   0.004455 0.000000 0.057244 0.010372 0.002735 
iteration  7
00:   0.004065 0.000000 0.057056 0.005806 0.002796 
01:   0.004054 0.000000 0.057050 0.005810 0.002786 
/nethome/kalgin/z/mst/run.xeon.sh: line 45: 185176 Killed                  ./turbobust_stub.out $i 16
threadsCount = 4
loopsCount = 0
Done
iterationNumber = 0
iterationNumber = 1
iterationNumber = 2
iterationNumber = 3
iterationNumber = 4
iterationNumber = 5
iterationNumber = 6
iterationNumber = 7
1.867
2.582
iteration  0
00:   0.062628 0.000000 0.889209 0.004545 0.285914 
01:   0.062291 0.000000 0.906876 0.004539 0.281402 
02:   0.062017 0.000000 0.909445 0.004533 0.271673 
03:   0.062368 0.000000 0.911252 0.004531 0.268761 
iteration  1
00:   0.091928 0.000000 0.293589 0.011562 0.141338 
01:   0.088438 0.000000 0.296508 0.011571 0.146158 
02:   0.085933 0.000000 0.300509 0.011606 0.145572 
03:   0.084773 0.000000 0.298447 0.011604 0.143751 
iteration  2
00:   0.117277 0.000000 0.101738 0.010717 0.055950 
01:   0.115019 0.000000 0.101847 0.010727 0.061014 
02:   0.114861 0.000000 0.101985 0.010736 0.060670 
03:   0.113225 0.000000 0.102034 0.010738 0.060792 
iteration  3
00:   0.139549 0.000000 0.061875 0.010370 0.005874 
01:   0.139770 0.000000 0.062198 0.010382 0.006102 
02:   0.137990 0.000000 0.061997 0.010406 0.005934 
03:   0.138426 0.000000 0.061993 0.010417 0.006011 
iteration  4
00:   0.016011 0.000000 0.048315 0.009546 0.002233 
01:   0.015899 0.000000 0.048096 0.009555 0.002215 
02:   0.015431 0.000000 0.048195 0.009564 0.002195 
03:   0.015419 0.000000 0.048298 0.009574 0.002225 
iteration  5
00:   0.004133 0.000000 0.045096 0.006517 0.001539 
01:   0.004027 0.000000 0.044904 0.006546 0.001528 
02:   0.004019 0.000000 0.045039 0.006548 0.001524 
03:   0.004039 0.000000 0.044869 0.006564 0.001521 
iteration  6
00:   0.002832 0.000000 0.044819 0.005213 0.001433 
01:   0.002793 0.000000 0.044670 0.005302 0.001438 
02:   0.002782 0.000000 0.044732 0.005306 0.001426 
03:   0.002760 0.000000 0.044629 0.005237 0.001441 
iteration  7
00:   0.002482 0.000000 0.044741 0.002925 0.001459 
01:   0.002486 0.000000 0.044476 0.002971 0.001459 
02:   0.002470 0.000000 0.044625 0.002964 0.001445 
03:   0.002424 0.000000 0.044629 0.002924 0.001459 
/nethome/kalgin/z/mst/run.xeon.sh: line 45: 185194 Killed                  ./turbobust_stub.out $i 16
threadsCount = 8
loopsCount = 0
Done
iterationNumber = 0
iterationNumber = 1
iterationNumber = 2
iterationNumber = 3
iterationNumber = 4
iterationNumber = 5
iterationNumber = 6
iterationNumber = 7
1.162
2.064
iteration  0
00:   0.037438 0.000000 0.576889 0.002406 0.173379 
01:   0.037593 0.000000 0.584003 0.002406 0.185937 
02:   0.037154 0.000000 0.586419 0.002406 0.182609 
03:   0.036874 0.000000 0.588134 0.002407 0.180520 
04:   0.037005 0.000000 0.587236 0.002384 0.180379 
05:   0.037024 0.000000 0.589218 0.002407 0.178607 
06:   0.037110 0.000000 0.590599 0.002406 0.178541 
07:   0.037694 0.000000 0.588602 0.002407 0.177053 
iteration  1
00:   0.054440 0.000000 0.196193 0.005989 0.284283 
01:   0.053318 0.000000 0.197211 0.005991 0.311482 
02:   0.052811 0.000000 0.196795 0.005989 0.312126 
03:   0.052083 0.000000 0.197799 0.005995 0.311697 
04:   0.051536 0.000000 0.197953 0.005990 0.312234 
05:   0.050997 0.000000 0.198811 0.005987 0.312393 
06:   0.050930 0.000000 0.198211 0.005988 0.311340 
07:   0.050596 0.000000 0.198137 0.005992 0.311893 
iteration  2
00:   0.073989 0.000000 0.076493 0.006256 0.122362 
01:   0.072964 0.000000 0.076268 0.006257 0.137411 
02:   0.072673 0.000000 0.076422 0.006267 0.139613 
03:   0.071601 0.000000 0.076541 0.006258 0.139586 
04:   0.072150 0.000000 0.076454 0.006257 0.139165 
05:   0.072233 0.000000 0.076756 0.006262 0.139371 
06:   0.070984 0.000000 0.076585 0.006260 0.139772 
07:   0.071837 0.000000 0.076339 0.006262 0.138468 
iteration  3
00:   0.087903 0.000000 0.051973 0.006096 0.003657 
01:   0.086826 0.000000 0.052102 0.006102 0.003892 
02:   0.087954 0.000000 0.052167 0.006086 0.003848 
03:   0.087775 0.000000 0.052260 0.006100 0.003962 
04:   0.086238 0.000000 0.052017 0.006104 0.003814 
05:   0.087292 0.000000 0.052139 0.006102 0.003939 
06:   0.087930 0.000000 0.052062 0.006097 0.003802 
07:   0.086282 0.000000 0.052044 0.006098 0.003946 
iteration  4
00:   0.010315 0.000000 0.044604 0.005528 0.001266 
01:   0.010313 0.000000 0.044617 0.005537 0.001300 
02:   0.010096 0.000000 0.044599 0.005532 0.001275 
03:   0.010423 0.000000 0.044472 0.005531 0.001264 
04:   0.010042 0.000000 0.044584 0.005535 0.001283 
05:   0.010018 0.000000 0.044563 0.005534 0.001236 
06:   0.009989 0.000000 0.044568 0.005533 0.001286 
07:   0.010013 0.000000 0.044438 0.005529 0.001292 
iteration  5
00:   0.003111 0.000000 0.042594 0.003786 0.000880 
01:   0.003187 0.000000 0.042590 0.003785 0.000896 
02:   0.003093 0.000000 0.042554 0.003790 0.000881 
03:   0.003087 0.000000 0.042578 0.003787 0.000873 
04:   0.003141 0.000000 0.042654 0.003783 0.000886 
05:   0.002997 0.000000 0.042530 0.003786 0.000876 
06:   0.003112 0.000000 0.042439 0.003787 0.000873 
07:   0.003114 0.000000 0.042558 0.003784 0.000898 
iteration  6
00:   0.002409 0.000000 0.042496 0.003079 0.000816 
01:   0.002469 0.000000 0.042586 0.003076 0.000835 
02:   0.002454 0.000000 0.042510 0.003082 0.000838 
03:   0.002449 0.000000 0.042521 0.003080 0.000816 
04:   0.002447 0.000000 0.042510 0.003067 0.000821 
05:   0.002445 0.000000 0.042431 0.003080 0.000827 
06:   0.002429 0.000000 0.042370 0.003077 0.000818 
07:   0.002442 0.000000 0.042414 0.003081 0.000827 
iteration  7
00:   0.002095 0.000000 0.042825 0.001518 0.000774 
01:   0.002138 0.000000 0.042815 0.001519 0.000794 
02:   0.002130 0.000000 0.042764 0.001519 0.000781 
03:   0.002117 0.000000 0.042785 0.001517 0.000779 
04:   0.002128 0.000000 0.042747 0.001516 0.000782 
05:   0.002094 0.000000 0.042716 0.001516 0.000789 
06:   0.002101 0.000000 0.042707 0.001518 0.000777 
07:   0.002160 0.000000 0.042747 0.001522 0.000788 
/nethome/kalgin/z/mst/run.xeon.sh: line 45: 185212 Killed                  ./turbobust_stub.out $i 16
threadsCount = 16
loopsCount = 0
Done
iterationNumber = 0
iterationNumber = 1
iterationNumber = 2
iterationNumber = 3
iterationNumber = 4
iterationNumber = 5
iterationNumber = 6
iterationNumber = 7
0.861
2.415
iteration  0
00:   0.021836 0.000000 0.469250 0.001969 0.386940 
01:   0.021661 0.000000 0.447180 0.001963 0.517204 
02:   0.021830 0.000000 0.476086 0.001982 0.530315 
03:   0.021785 0.000000 0.476525 0.001967 0.530909 
04:   0.021718 0.000000 0.449414 0.001992 0.531770 
05:   0.021579 0.000000 0.450479 0.001974 0.534215 
06:   0.021684 0.000000 0.478159 0.001963 0.539936 
07:   0.021489 0.000000 0.452215 0.001978 0.541962 
08:   0.020177 0.000000 0.394698 0.001985 0.553255 
09:   0.019909 0.000000 0.394338 0.001964 0.553880 
10:   0.020186 0.000000 0.392942 0.001968 0.554508 
11:   0.020136 0.000000 0.394142 0.001979 0.556532 
12:   0.020075 0.000000 0.394671 0.001991 0.557485 
13:   0.019879 0.000000 0.420216 0.001995 0.558114 
14:   0.020148 0.000000 0.418651 0.001965 0.557528 
15:   0.020523 0.000000 0.418678 0.001965 0.558176 
iteration  1
00:   0.036113 0.000000 0.161477 0.006445 0.391208 
01:   0.035080 0.000000 0.151760 0.006467 0.445038 
02:   0.035939 0.000000 0.161432 0.006437 0.448163 
03:   0.035616 0.000000 0.161087 0.006497 0.454077 
04:   0.034630 0.000000 0.152355 0.006423 0.452516 
05:   0.034452 0.000000 0.153687 0.006428 0.457356 
06:   0.035001 0.000000 0.162224 0.006442 0.455486 
07:   0.034248 0.000001 0.153975 0.006451 0.456670 
08:   0.032331 0.000000 0.139510 0.006444 0.465078 
09:   0.032072 0.000000 0.138496 0.006460 0.464133 
10:   0.031964 0.000000 0.138483 0.006463 0.465644 
11:   0.031921 0.000000 0.138853 0.006427 0.465904 
12:   0.031905 0.000000 0.138727 0.006461 0.462203 
13:   0.031795 0.000000 0.145844 0.006441 0.465325 
14:   0.031745 0.000000 0.145242 0.006465 0.464671 
15:   0.031723 0.000000 0.145491 0.006463 0.464847 
iteration  2
00:   0.046322 0.000000 0.067494 0.005320 0.174432 
01:   0.045181 0.000000 0.065210 0.005338 0.204797 
02:   0.045267 0.000000 0.067181 0.005323 0.205235 
03:   0.044644 0.000000 0.067023 0.005320 0.202712 
04:   0.044652 0.000000 0.065126 0.005335 0.203206 
05:   0.045082 0.000000 0.065274 0.005318 0.206714 
06:   0.043986 0.000000 0.067097 0.005321 0.206229 
07:   0.044400 0.000000 0.065448 0.005357 0.208571 
08:   0.040993 0.000000 0.061559 0.005311 0.207310 
09:   0.040695 0.000000 0.061141 0.005354 0.203656 
10:   0.041025 0.000000 0.061330 0.005382 0.210101 
11:   0.040823 0.000000 0.061394 0.005376 0.210108 
12:   0.039814 0.000000 0.061400 0.005328 0.210598 
13:   0.040438 0.000000 0.062672 0.005341 0.210524 
14:   0.040534 0.000000 0.062334 0.005357 0.208225 
15:   0.040314 0.000000 0.062413 0.005367 0.209987 
iteration  3
00:   0.055732 0.000000 0.052090 0.004276 0.002929 
01:   0.055543 0.000000 0.051400 0.004270 0.004175 
02:   0.055171 0.000000 0.052224 0.004296 0.004260 
03:   0.054676 0.000000 0.052103 0.004291 0.003943 
04:   0.055144 0.000000 0.051427 0.004310 0.003691 
05:   0.056021 0.000000 0.051414 0.004299 0.003807 
06:   0.055598 0.000000 0.052311 0.004285 0.004104 
07:   0.055331 0.000000 0.051483 0.004304 0.004071 
08:   0.051550 0.000000 0.047875 0.004333 0.003404 
09:   0.049452 0.000000 0.047625 0.004339 0.003831 
10:   0.051119 0.000000 0.047732 0.004310 0.003814 
11:   0.051206 0.000000 0.047686 0.004346 0.003934 
12:   0.051739 0.000000 0.047771 0.004401 0.004140 
13:   0.051194 0.000000 0.048029 0.004345 0.003959 
14:   0.050666 0.000000 0.048037 0.004361 0.004220 
15:   0.050013 0.000000 0.047984 0.004338 0.004064 
iteration  4
00:   0.006677 0.000000 0.048295 0.003489 0.000751 
01:   0.007151 0.000000 0.048190 0.003466 0.000762 
02:   0.007124 0.000000 0.048420 0.003474 0.000806 
03:   0.006773 0.000000 0.048343 0.003460 0.000781 
04:   0.006875 0.000000 0.048145 0.003467 0.000780 
05:   0.006759 0.000000 0.048077 0.003492 0.000749 
06:   0.006995 0.000000 0.048321 0.003479 0.000771 
07:   0.007053 0.000000 0.048147 0.003494 0.000779 
08:   0.005589 0.000000 0.043794 0.003526 0.000641 
09:   0.005622 0.000000 0.043780 0.003497 0.000635 
10:   0.005675 0.000000 0.043758 0.003517 0.000621 
11:   0.005523 0.000000 0.043630 0.003478 0.000605 
12:   0.005662 0.000000 0.043743 0.003482 0.000635 
13:   0.005508 0.000000 0.043732 0.003497 0.000647 
14:   0.005721 0.000000 0.043750 0.003481 0.000647 
15:   0.005477 0.000000 0.043698 0.003497 0.000642 
iteration  5
00:   0.001775 0.000000 0.048025 0.002476 0.000539 
01:   0.001802 0.000000 0.047998 0.002473 0.000526 
02:   0.001866 0.000000 0.048029 0.002523 0.000551 
03:   0.001805 0.000000 0.047996 0.002528 0.000547 
04:   0.001800 0.000000 0.047945 0.002482 0.000542 
05:   0.001754 0.000000 0.047954 0.002465 0.000538 
06:   0.001771 0.000000 0.047967 0.002516 0.000536 
07:   0.001866 0.000000 0.048001 0.002484 0.000541 
08:   0.001687 0.000000 0.043212 0.002512 0.000442 
09:   0.001687 0.000000 0.043204 0.002557 0.000418 
10:   0.001616 0.000000 0.043152 0.002459 0.000430 
11:   0.001580 0.000000 0.043177 0.002471 0.000422 
12:   0.001664 0.000000 0.043187 0.002474 0.000418 
13:   0.001655 0.000000 0.043188 0.002539 0.000425 
14:   0.001647 0.000000 0.043201 0.002542 0.000442 
15:   0.001629 0.000000 0.043139 0.002508 0.000429 
iteration  6
00:   0.001142 0.000000 0.048139 0.001956 0.000517 
01:   0.001120 0.000000 0.048141 0.001934 0.000519 
02:   0.001176 0.000000 0.048130 0.001947 0.000522 
03:   0.001155 0.000000 0.048131 0.001963 0.000527 
04:   0.001150 0.000000 0.048149 0.001926 0.000520 
05:   0.001144 0.000000 0.048139 0.001935 0.000521 
06:   0.001130 0.000000 0.048058 0.001951 0.000514 
07:   0.001219 0.000000 0.048095 0.001922 0.000512 
08:   0.001130 0.000000 0.043240 0.001969 0.000413 
09:   0.001101 0.000000 0.043234 0.001917 0.000405 
10:   0.001127 0.000000 0.043218 0.001921 0.000408 
11:   0.001075 0.000000 0.043251 0.001935 0.000409 
12:   0.001110 0.000000 0.043188 0.001916 0.000402 
13:   0.001115 0.000000 0.043231 0.001914 0.000414 
14:   0.001142 0.000000 0.043179 0.001962 0.000406 
15:   0.001104 0.000000 0.043127 0.001962 0.000417 
iteration  7
00:   0.000946 0.000000 0.048015 0.001181 0.000477 
01:   0.000938 0.000000 0.047951 0.001180 0.000481 
02:   0.000958 0.000000 0.047996 0.001178 0.000488 
03:   0.000959 0.000000 0.047978 0.001180 0.000499 
04:   0.000951 0.000000 0.048009 0.001178 0.000494 
05:   0.000961 0.000000 0.047989 0.001173 0.000494 
06:   0.000951 0.000000 0.047981 0.001168 0.000477 
07:   0.001005 0.000000 0.047914 0.001181 0.000485 
08:   0.000913 0.000000 0.043286 0.001116 0.000416 
09:   0.000820 0.000000 0.043254 0.001116 0.000412 
10:   0.000902 0.000000 0.043262 0.001118 0.000413 
11:   0.000912 0.000000 0.043238 0.001114 0.000409 
12:   0.000896 0.000000 0.043208 0.001117 0.000409 
13:   0.000908 0.000000 0.043213 0.001117 0.000419 
14:   0.000861 0.000000 0.043170 0.001114 0.000413 
15:   0.000906 0.000000 0.043215 0.001112 0.000414 
/nethome/kalgin/z/mst/run.xeon.sh: line 45: 185230 Killed                  ./turbobust_stub.out $i 16
/nethome/kalgin/z/mst/run.xeon.sh: line 45: 185248 Segmentation fault      (core dumped) ./turbobust_stub.out $i 16
/nethome/kalgin/z/mst/run.xeon.sh: line 60: kill: (185248) - No such process
