threadsCount = 16
loopsCount = 2164
7.577
3.797
threadsCount = 1
loopsCount = 2164
Done
iterationNumber = 0
iterationNumber = 1
iterationNumber = 2
iterationNumber = 3
iterationNumber = 4
iterationNumber = 5
iterationNumber = 6
6.141
6.181
iteration  0
00:   0.212195 0.000000 2.071386 0.015473 0.675045 
iteration  1
00:   0.256113 0.000000 0.373462 0.030667 0.141889 
iteration  2
00:   0.172818 0.000000 0.127430 0.021096 0.066133 
iteration  3
00:   0.142180 0.000000 0.103435 0.016047 0.061005 
iteration  4
00:   0.139745 0.000000 0.101709 0.015681 0.062163 
iteration  5
00:   0.168862 0.000000 0.101527 0.013585 0.052680 
iteration  6
00:   0.909403 0.000000 0.101532 0.005602 0.006519 
threadsCount = 2
loopsCount = 2164
Done
iterationNumber = 0
iterationNumber = 1
iterationNumber = 2
iterationNumber = 3
iterationNumber = 4
iterationNumber = 5
iterationNumber = 6
3.408
4.351
iteration  0
00:   0.119043 0.000000 1.374138 0.007998 0.433959 
01:   0.111183 0.000000 1.341034 0.008025 0.425025 
iteration  1
00:   0.140759 0.000000 0.243066 0.017463 0.093747 
01:   0.131789 0.000000 0.245949 0.017049 0.092101 
iteration  2
00:   0.097030 0.000000 0.076909 0.011337 0.037880 
01:   0.088109 0.000000 0.073556 0.011029 0.039808 
iteration  3
00:   0.080597 0.000000 0.061149 0.008607 0.038580 
01:   0.074401 0.000000 0.059920 0.008115 0.037175 
iteration  4
00:   0.077661 0.000000 0.060399 0.008190 0.056414 
01:   0.070234 0.000000 0.059542 0.007802 0.013519 
iteration  5
00:   0.153574 0.000000 0.059496 0.007209 0.051285 
01:   0.028687 0.000000 0.058652 0.006785 0.003574 
iteration  6
00:   0.944923 0.000000 0.059675 0.002953 0.003283 
01:   0.004644 0.000000 0.061282 0.002829 0.003358 
/nethome/kalgin/z/mst/run.xeon.sh: line 45: 57639 Killed                  ./turbobust_stub.out $i 16
threadsCount = 4
loopsCount = 2164
Done
iterationNumber = 0
iterationNumber = 1
iterationNumber = 2
iterationNumber = 3
iterationNumber = 4
iterationNumber = 5
iterationNumber = 6
1.999
3.102
iteration  0
00:   0.062153 0.000000 0.921319 0.004071 0.246335 
01:   0.060098 0.000000 0.896620 0.004066 0.246950 
02:   0.059817 0.000000 0.891763 0.004077 0.245662 
03:   0.060400 0.000000 0.886551 0.004071 0.244070 
iteration  1
00:   0.073033 0.000000 0.151719 0.008625 0.060773 
01:   0.070851 0.000000 0.151619 0.008655 0.065662 
02:   0.070394 0.000000 0.149775 0.008670 0.064881 
03:   0.070019 0.000000 0.150092 0.008696 0.065369 
iteration  2
00:   0.049165 0.000000 0.053415 0.005608 0.019078 
01:   0.049612 0.000000 0.053946 0.005626 0.024492 
02:   0.047357 0.000000 0.053355 0.005636 0.021717 
03:   0.047272 0.000000 0.053859 0.005623 0.025220 
iteration  3
00:   0.036417 0.000000 0.044514 0.004155 0.025872 
01:   0.043030 0.000000 0.044389 0.004158 0.019073 
02:   0.038285 0.000000 0.044443 0.004161 0.024511 
03:   0.042832 0.000000 0.044323 0.004137 0.019198 
iteration  4
00:   0.047093 0.000000 0.043850 0.003947 0.013435 
01:   0.033397 0.000000 0.043844 0.003947 0.046579 
02:   0.045459 0.000000 0.043801 0.003950 0.013050 
03:   0.030358 0.000000 0.043780 0.003961 0.001922 
iteration  5
00:   0.028556 0.000000 0.044457 0.003522 0.046970 
01:   0.117069 0.000000 0.044330 0.003519 0.001866 
02:   0.027859 0.000000 0.044392 0.003520 0.001864 
03:   0.002643 0.000000 0.044344 0.003528 0.001911 
iteration  6
00:   0.899669 0.000000 0.044405 0.001458 0.001740 
01:   0.002725 0.000000 0.044300 0.001460 0.001758 
02:   0.002777 0.000000 0.044284 0.001456 0.001765 
03:   0.002814 0.000000 0.044263 0.001455 0.001801 
/nethome/kalgin/z/mst/run.xeon.sh: line 45: 57656 Killed                  ./turbobust_stub.out $i 16
threadsCount = 8
loopsCount = 2164
Done
iterationNumber = 0
iterationNumber = 1
iterationNumber = 2
iterationNumber = 3
iterationNumber = 4
iterationNumber = 5
iterationNumber = 6
1.398
2.655
iteration  0
00:   0.036354 0.000000 0.657586 0.002114 0.156350 
01:   0.036422 0.000000 0.656839 0.002119 0.175440 
02:   0.036553 0.000000 0.658825 0.002118 0.174010 
03:   0.036113 0.000000 0.657679 0.002114 0.174279 
04:   0.036261 0.000000 0.656234 0.002114 0.173169 
05:   0.036248 0.000000 0.659490 0.002116 0.175612 
06:   0.036099 0.000000 0.656099 0.002115 0.174132 
07:   0.036802 0.000000 0.655475 0.002115 0.174048 
iteration  1
00:   0.043797 0.000000 0.121649 0.004461 0.110135 
01:   0.042825 0.000000 0.115769 0.004466 0.115090 
02:   0.042317 0.000000 0.116767 0.004460 0.125978 
03:   0.041981 0.000000 0.117791 0.004448 0.130089 
04:   0.041749 0.000000 0.116093 0.004458 0.128895 
05:   0.042163 0.000000 0.116572 0.004459 0.130148 
06:   0.041953 0.000000 0.116552 0.004461 0.130242 
07:   0.041994 0.000000 0.116515 0.004459 0.130268 
iteration  2
00:   0.029931 0.000000 0.047830 0.002890 0.012643 
01:   0.027944 0.000000 0.047775 0.002892 0.014557 
02:   0.028789 0.000000 0.047930 0.002895 0.015903 
03:   0.029814 0.000000 0.048206 0.002885 0.018120 
04:   0.027984 0.000000 0.047666 0.002894 0.014781 
05:   0.028134 0.000000 0.047810 0.002872 0.016309 
06:   0.028073 0.000000 0.048074 0.002896 0.017945 
07:   0.028144 0.000000 0.047839 0.002894 0.016692 
iteration  3
00:   0.020772 0.000000 0.042384 0.002112 0.020868 
01:   0.023098 0.000000 0.042224 0.002107 0.019040 
02:   0.023653 0.000000 0.042294 0.002110 0.018235 
03:   0.027541 0.000000 0.042064 0.002114 0.014974 
04:   0.022091 0.000001 0.042144 0.002111 0.015800 
05:   0.024086 0.000000 0.042134 0.002107 0.022504 
06:   0.027029 0.000000 0.042006 0.002118 0.018746 
07:   0.024021 0.000000 0.041932 0.002114 0.010867 
iteration  4
00:   0.030641 0.000000 0.041588 0.002000 0.013385 
01:   0.023967 0.000000 0.041668 0.002006 0.001116 
02:   0.023726 0.000000 0.041688 0.002000 0.046083 
03:   0.016226 0.000000 0.041562 0.002007 0.001312 
04:   0.020905 0.000000 0.041547 0.001998 0.004413 
05:   0.031742 0.000000 0.041603 0.002008 0.009250 
06:   0.023032 0.000001 0.041517 0.002015 0.001181 
07:   0.013293 0.000000 0.041496 0.002008 0.001219 
iteration  5
00:   0.028172 0.000000 0.042369 0.001777 0.046220 
01:   0.002035 0.000000 0.042265 0.001779 0.001000 
02:   0.115865 0.000000 0.042271 0.001771 0.001027 
03:   0.003802 0.000000 0.042360 0.001773 0.001017 
04:   0.010683 0.000000 0.042253 0.001774 0.001038 
05:   0.020112 0.000000 0.042332 0.001773 0.001035 
06:   0.002100 0.000001 0.042338 0.001770 0.001061 
07:   0.002111 0.000000 0.042252 0.001776 0.001071 
iteration  6
00:   0.897349 0.000000 0.041818 0.000739 0.000963 
01:   0.002438 0.000000 0.041712 0.000737 0.000930 
02:   0.002473 0.000000 0.041756 0.000740 0.000965 
03:   0.002377 0.000000 0.041743 0.000743 0.000941 
04:   0.002481 0.000000 0.041655 0.000742 0.000966 
05:   0.002467 0.000000 0.041673 0.000740 0.000958 
06:   0.002491 0.000001 0.041706 0.000740 0.000985 
07:   0.002459 0.000000 0.041730 0.000743 0.000990 
/nethome/kalgin/z/mst/run.xeon.sh: line 45: 57674 Killed                  ./turbobust_stub.out $i 16
threadsCount = 16
loopsCount = 2164
Done
iterationNumber = 0
iterationNumber = 1
iterationNumber = 2
iterationNumber = 3
iterationNumber = 4
iterationNumber = 5
iterationNumber = 6
0.983
3.597
iteration  0
00:   0.021308 0.000000 0.609603 0.001743 0.381424 
01:   0.021554 0.000000 0.614616 0.001737 0.535299 
02:   0.021330 0.000000 0.612432 0.001738 0.525394 
03:   0.021465 0.000000 0.615158 0.001736 0.533803 
04:   0.021549 0.000000 0.616512 0.001740 0.530718 
05:   0.021531 0.000000 0.615992 0.001749 0.536265 
06:   0.021355 0.000000 0.560198 0.001758 0.536832 
07:   0.021580 0.000000 0.615996 0.001748 0.537239 
08:   0.020272 0.000000 0.523512 0.001735 0.544306 
09:   0.020048 0.000000 0.522090 0.001737 0.540460 
10:   0.020083 0.000000 0.498706 0.001789 0.545907 
11:   0.020026 0.000000 0.494337 0.001736 0.543577 
12:   0.020014 0.000000 0.524563 0.001787 0.546501 
13:   0.019981 0.000000 0.521099 0.001734 0.541175 
14:   0.019928 0.000000 0.521375 0.001757 0.542440 
15:   0.020610 0.000000 0.521619 0.001759 0.544358 
iteration  1
00:   0.028351 0.000000 0.128424 0.005017 0.180160 
01:   0.028518 0.000000 0.115876 0.005014 0.192595 
02:   0.027860 0.000000 0.114280 0.005034 0.183657 
03:   0.028092 0.000000 0.115600 0.005029 0.190598 
04:   0.027718 0.000000 0.115573 0.005011 0.192828 
05:   0.027629 0.000000 0.116087 0.005020 0.209400 
06:   0.027306 0.000000 0.108139 0.005027 0.210053 
07:   0.027493 0.000000 0.116682 0.005016 0.214748 
08:   0.023665 0.000000 0.102996 0.005038 0.211315 
09:   0.023282 0.000000 0.103555 0.005007 0.212380 
10:   0.023698 0.000000 0.099823 0.005020 0.213337 
11:   0.023341 0.000000 0.098884 0.004998 0.213939 
12:   0.023771 0.000000 0.104078 0.005003 0.215689 
13:   0.023033 0.000000 0.103105 0.005012 0.211910 
14:   0.023265 0.000000 0.103244 0.005007 0.215304 
15:   0.023475 0.000000 0.103643 0.005019 0.214338 
iteration  2
00:   0.019600 0.000000 0.051568 0.002343 0.042461 
01:   0.018999 0.000000 0.051525 0.002316 0.041338 
02:   0.017218 0.000000 0.051396 0.002345 0.045196 
03:   0.018594 0.000000 0.051538 0.002331 0.049043 
04:   0.018008 0.000000 0.051171 0.002345 0.043113 
05:   0.018732 0.000000 0.051666 0.002321 0.055985 
06:   0.018807 0.000000 0.051004 0.002341 0.058183 
07:   0.019892 0.000000 0.051608 0.002316 0.053331 
08:   0.015375 0.000000 0.046897 0.002337 0.052821 
09:   0.015892 0.000000 0.046823 0.002397 0.049725 
10:   0.015890 0.000000 0.046944 0.002394 0.058200 
11:   0.015477 0.000000 0.046671 0.002323 0.054589 
12:   0.015993 0.000000 0.047290 0.002327 0.059477 
13:   0.015263 0.000000 0.047027 0.002372 0.058331 
14:   0.015689 0.000000 0.046828 0.002346 0.056212 
15:   0.015552 0.000000 0.046916 0.002319 0.058098 
iteration  3
00:   0.013877 0.000000 0.047849 0.001326 0.030975 
01:   0.013653 0.000000 0.047848 0.001297 0.027978 
02:   0.014452 0.000000 0.047771 0.001310 0.025336 
03:   0.015866 0.000000 0.047842 0.001314 0.028783 
04:   0.012697 0.000000 0.047790 0.001348 0.027002 
05:   0.017816 0.000000 0.047821 0.001335 0.027856 
06:   0.020693 0.000000 0.047621 0.001315 0.007251 
07:   0.016068 0.000000 0.047776 0.001323 0.030882 
08:   0.014138 0.000000 0.042946 0.001321 0.023317 
09:   0.012944 0.000000 0.042978 0.001321 0.028977 
10:   0.015617 0.000000 0.043091 0.001328 0.033687 
11:   0.013618 0.000000 0.043052 0.001347 0.033626 
12:   0.017328 0.000000 0.043020 0.001319 0.031111 
13:   0.015697 0.000000 0.042956 0.001313 0.029686 
14:   0.013853 0.000000 0.042881 0.001339 0.030304 
15:   0.015325 0.000000 0.042891 0.001289 0.015052 
iteration  4
00:   0.020872 0.000000 0.047739 0.001201 0.014033 
01:   0.019487 0.000000 0.047737 0.001212 0.008115 
02:   0.014907 0.000000 0.047698 0.001275 0.000635 
03:   0.015675 0.000000 0.047711 0.001237 0.000632 
04:   0.014021 0.000000 0.047744 0.001222 0.042092 
05:   0.015955 0.000000 0.047723 0.001234 0.019355 
06:   0.004939 0.000000 0.047656 0.001237 0.001439 
07:   0.015495 0.000000 0.047667 0.001210 0.000635 
08:   0.011589 0.000000 0.042951 0.001296 0.000508 
09:   0.011758 0.000000 0.042941 0.001254 0.006841 
10:   0.018263 0.000000 0.042966 0.001249 0.010762 
11:   0.018602 0.000000 0.042940 0.001249 0.006380 
12:   0.013757 0.000000 0.042906 0.001246 0.000511 
13:   0.011921 0.000000 0.042906 0.001273 0.000511 
14:   0.009411 0.000000 0.042889 0.001233 0.000516 
15:   0.005127 0.000000 0.042900 0.001227 0.000525 
iteration  5
00:   0.021477 0.000000 0.047563 0.001082 0.000641 
01:   0.017595 0.000000 0.047532 0.001086 0.047867 
02:   0.001358 0.000000 0.047507 0.001068 0.000623 
03:   0.001355 0.000000 0.047532 0.001085 0.000616 
04:   0.122385 0.000000 0.047545 0.001089 0.000646 
05:   0.054218 0.000000 0.047468 0.001099 0.000618 
06:   0.003506 0.000000 0.047518 0.001070 0.000640 
07:   0.001410 0.000000 0.047497 0.001071 0.000626 
08:   0.001277 0.000000 0.042805 0.001075 0.000513 
09:   0.011458 0.000000 0.042797 0.001140 0.000500 
10:   0.015575 0.000000 0.042818 0.001094 0.000492 
11:   0.008593 0.000000 0.042788 0.001117 0.000492 
12:   0.001223 0.000000 0.042737 0.001125 0.000507 
13:   0.001264 0.000001 0.042734 0.001105 0.000507 
14:   0.001286 0.000000 0.042716 0.001158 0.000515 
15:   0.001295 0.000000 0.042734 0.001112 0.000519 
iteration  6
00:   0.001398 0.000000 0.047912 0.000492 0.000585 
01:   1.396732 0.000000 0.047896 0.000478 0.000579 
02:   0.001366 0.000000 0.047913 0.000490 0.000570 
03:   0.001349 0.000000 0.047895 0.000463 0.000562 
04:   0.001385 0.000001 0.047827 0.000466 0.000589 
05:   0.001347 0.000000 0.047888 0.000485 0.000575 
06:   0.001369 0.000001 0.047887 0.000483 0.000576 
07:   0.001433 0.000000 0.047841 0.000490 0.000568 
08:   0.001218 0.000000 0.043151 0.000456 0.000454 
09:   0.001162 0.000000 0.043109 0.000461 0.000440 
10:   0.001132 0.000000 0.043089 0.000527 0.000439 
11:   0.001176 0.000000 0.043168 0.000469 0.000437 
12:   0.001187 0.000000 0.043123 0.000459 0.000451 
13:   0.001206 0.000002 0.043121 0.000486 0.000455 
14:   0.001187 0.000000 0.043116 0.000455 0.000452 
15:   0.001227 0.000000 0.043125 0.000490 0.000470 
/nethome/kalgin/z/mst/run.xeon.sh: line 45: 57692 Killed                  ./turbobust_stub.out $i 16
/nethome/kalgin/z/mst/run.xeon.sh: line 45: 57710 Segmentation fault      (core dumped) ./turbobust_stub.out $i 16
/nethome/kalgin/z/mst/run.xeon.sh: line 60: kill: (57710) - No such process
