threadsCount = 16
loopsCount = 2164
7.578
3.790
threadsCount = 1
loopsCount = 2164
Done
iterationNumber = 0
iterationNumber = 1
iterationNumber = 2
iterationNumber = 3
iterationNumber = 4
iterationNumber = 5
iterationNumber = 6
6.121
3.462
iteration  0
00:   0.311306 0.000000 0.077150 0.072171 0.422508 
iteration  1
00:   0.278725 0.000000 0.033656 0.070370 0.149249 
iteration  2
00:   0.175198 0.000000 0.013434 0.052570 0.077613 
iteration  3
00:   0.144042 0.000000 0.007557 0.044960 0.070423 
iteration  4
00:   0.110144 0.024488 0.007056 0.042042 0.062719 
iteration  5
00:   0.020475 0.120984 0.007027 0.035346 0.066523 
iteration  6
00:   0.010345 0.907342 0.006909 0.006003 0.010210 
threadsCount = 2
loopsCount = 2164
Done
iterationNumber = 0
iterationNumber = 1
iterationNumber = 2
iterationNumber = 3
iterationNumber = 4
iterationNumber = 5
iterationNumber = 6
3.371
2.080
iteration  0
00:   0.173796 0.000001 0.046702 0.040877 0.237272 
01:   0.167237 0.000000 0.041505 0.039891 0.220612 
iteration  1
00:   0.156059 0.000000 0.018146 0.038978 0.111711 
01:   0.139023 0.000000 0.017320 0.038212 0.104973 
iteration  2
00:   0.095563 0.000000 0.007220 0.027233 0.066747 
01:   0.086738 0.000000 0.007038 0.026752 0.060355 
iteration  3
00:   0.082301 0.000000 0.004118 0.023080 0.062643 
01:   0.071320 0.000000 0.003930 0.022636 0.057446 
iteration  4
00:   0.065055 0.013737 0.003775 0.021980 0.060169 
01:   0.053566 0.013295 0.003653 0.021872 0.045619 
iteration  5
00:   0.013095 0.068246 0.003767 0.018404 0.069673 
01:   0.008757 0.063154 0.003686 0.018223 0.005230 
iteration  6
00:   0.005882 0.502712 0.003681 0.003030 0.010498 
01:   0.005636 0.481795 0.003605 0.003033 0.005253 
/nethome/kalgin/z/mst/run.xeon.sh: line 45: 59298 Killed                  ./turbobust_stub.out $i 16
threadsCount = 4
loopsCount = 2164
Done
iterationNumber = 0
iterationNumber = 1
iterationNumber = 2
iterationNumber = 3
iterationNumber = 4
iterationNumber = 5
iterationNumber = 6
1.878
1.245
iteration  0
00:   0.097727 0.000000 0.024425 0.020496 0.134410 
01:   0.099573 0.000000 0.024331 0.020501 0.143669 
02:   0.098958 0.000000 0.024380 0.020518 0.141706 
03:   0.099995 0.000000 0.024211 0.020494 0.135396 
iteration  1
00:   0.080669 0.000000 0.009716 0.019645 0.071015 
01:   0.079596 0.000000 0.009426 0.019711 0.080096 
02:   0.077818 0.000000 0.009636 0.019739 0.080087 
03:   0.074353 0.000000 0.009504 0.019734 0.070951 
iteration  2
00:   0.051635 0.000000 0.004052 0.015264 0.038106 
01:   0.050572 0.000000 0.003900 0.015262 0.049057 
02:   0.048656 0.000000 0.003953 0.015264 0.049517 
03:   0.045749 0.000000 0.003923 0.015286 0.037743 
iteration  3
00:   0.040684 0.000000 0.002262 0.011338 0.039809 
01:   0.044166 0.000000 0.002220 0.011309 0.046060 
02:   0.041650 0.000000 0.002260 0.011299 0.049191 
03:   0.036682 0.000000 0.002213 0.011329 0.038951 
iteration  4
00:   0.031818 0.008452 0.002082 0.010870 0.054508 
01:   0.034197 0.008623 0.002052 0.010848 0.038086 
02:   0.036411 0.008405 0.002081 0.010869 0.030076 
03:   0.021774 0.008534 0.002090 0.010903 0.039000 
iteration  5
00:   0.008746 0.035368 0.002110 0.008970 0.066805 
01:   0.005314 0.035323 0.002071 0.008938 0.005211 
02:   0.006638 0.035246 0.002089 0.008948 0.005211 
03:   0.003261 0.034839 0.002101 0.008950 0.005210 
iteration  6
00:   0.003409 0.261859 0.002001 0.001509 0.010251 
01:   0.003220 0.263464 0.001977 0.001537 0.005195 
02:   0.003422 0.263853 0.001993 0.001546 0.005196 
03:   0.003410 0.262828 0.001985 0.001546 0.005195 
/nethome/kalgin/z/mst/run.xeon.sh: line 45: 59315 Killed                  ./turbobust_stub.out $i 16
threadsCount = 8
loopsCount = 2164
Done
iterationNumber = 0
iterationNumber = 1
iterationNumber = 2
iterationNumber = 3
iterationNumber = 4
iterationNumber = 5
iterationNumber = 6
1.774
1.051
iteration  0
00:   0.075167 0.000000 0.018726 0.011883 0.169349 
01:   0.079705 0.000000 0.018754 0.011871 0.205438 
02:   0.079659 0.000000 0.018739 0.011879 0.207312 
03:   0.079154 0.000000 0.018699 0.011879 0.205508 
04:   0.079257 0.000000 0.018644 0.011885 0.205435 
05:   0.079256 0.000000 0.018670 0.011887 0.204661 
06:   0.079072 0.000000 0.018495 0.011881 0.198995 
07:   0.081078 0.000000 0.018629 0.011886 0.196823 
iteration  1
00:   0.049587 0.000000 0.006874 0.011414 0.069663 
01:   0.049535 0.000000 0.006891 0.011423 0.072036 
02:   0.049908 0.000000 0.006896 0.011421 0.077462 
03:   0.048155 0.000000 0.006816 0.011432 0.080582 
04:   0.048246 0.000000 0.006863 0.011427 0.080588 
05:   0.047811 0.000000 0.006763 0.011426 0.077438 
06:   0.046557 0.000000 0.006854 0.011419 0.071557 
07:   0.045772 0.000000 0.006655 0.011423 0.071566 
iteration  2
00:   0.031297 0.000000 0.002827 0.007851 0.032843 
01:   0.031553 0.000000 0.002852 0.007845 0.033305 
02:   0.031180 0.000000 0.002856 0.007859 0.043369 
03:   0.030445 0.000000 0.002793 0.007869 0.045874 
04:   0.029936 0.000000 0.002809 0.007853 0.048201 
05:   0.029591 0.000000 0.002754 0.007859 0.039692 
06:   0.028068 0.000000 0.002733 0.007835 0.033197 
07:   0.028373 0.000000 0.002770 0.007849 0.032867 
iteration  3
00:   0.024874 0.000000 0.001830 0.006539 0.033072 
01:   0.025203 0.000000 0.001844 0.006556 0.039595 
02:   0.027593 0.000000 0.001829 0.006549 0.039770 
03:   0.026496 0.000001 0.001818 0.006554 0.041562 
04:   0.028539 0.000000 0.001845 0.006553 0.042195 
05:   0.022396 0.000000 0.001814 0.006549 0.045356 
06:   0.020769 0.000000 0.001814 0.006520 0.036716 
07:   0.024834 0.000000 0.001824 0.006541 0.034034 
iteration  4
00:   0.021813 0.008823 0.001732 0.006422 0.018438 
01:   0.017156 0.008837 0.001762 0.006383 0.060483 
02:   0.019791 0.008744 0.001721 0.006429 0.031630 
03:   0.022058 0.008825 0.001746 0.006427 0.039042 
04:   0.021460 0.008809 0.001730 0.006432 0.022279 
05:   0.023071 0.008741 0.001717 0.006435 0.033458 
06:   0.017470 0.008712 0.001753 0.006427 0.041084 
07:   0.009537 0.008737 0.001729 0.006434 0.029708 
iteration  5
00:   0.007958 0.023424 0.001742 0.005264 0.006880 
01:   0.003428 0.023438 0.001732 0.005267 0.073846 
02:   0.002615 0.023370 0.001732 0.005257 0.005890 
03:   0.004967 0.023324 0.001697 0.005268 0.005906 
04:   0.002622 0.023351 0.001713 0.005275 0.005905 
05:   0.006325 0.023398 0.001700 0.005270 0.005908 
06:   0.002624 0.023271 0.001713 0.005268 0.005904 
07:   0.002611 0.023201 0.001721 0.005253 0.005907 
iteration  6
00:   0.002728 0.156209 0.001602 0.000795 0.006055 
01:   0.002724 0.155721 0.001589 0.000797 0.010292 
02:   0.002725 0.155642 0.001587 0.000797 0.005198 
03:   0.002720 0.157185 0.001576 0.000804 0.005198 
04:   0.002748 0.157171 0.001592 0.000805 0.005198 
05:   0.002683 0.156275 0.001565 0.000804 0.005203 
06:   0.002744 0.156217 0.001589 0.000805 0.005199 
07:   0.002729 0.156535 0.001575 0.000805 0.005203 
/nethome/kalgin/z/mst/run.xeon.sh: line 45: 59334 Killed                  ./turbobust_stub.out $i 16
threadsCount = 16
loopsCount = 2164
Done
iterationNumber = 0
iterationNumber = 1
iterationNumber = 2
iterationNumber = 3
iterationNumber = 4
iterationNumber = 5
iterationNumber = 6
4.517
1.125
iteration  0
00:   0.041528 0.000000 0.010075 0.010909 0.237727 
01:   0.041999 0.000000 0.009952 0.010865 0.340712 
02:   0.041635 0.000001 0.009928 0.010882 0.340648 
03:   0.041785 0.000000 0.009941 0.010855 0.341366 
04:   0.041607 0.000000 0.009874 0.010941 0.341407 
05:   0.041570 0.000000 0.009925 0.010878 0.343531 
06:   0.041704 0.000000 0.009976 0.010870 0.341175 
07:   0.041874 0.000000 0.010237 0.010841 0.340137 
08:   0.041272 0.000000 0.011270 0.010908 0.345829 
09:   0.041278 0.000000 0.011227 0.010852 0.344897 
10:   0.041176 0.000000 0.011243 0.010825 0.345467 
11:   0.041181 0.000001 0.011255 0.010847 0.341778 
12:   0.041205 0.000000 0.011297 0.010892 0.341432 
13:   0.041220 0.000000 0.011220 0.010888 0.332918 
14:   0.041576 0.000000 0.011144 0.010830 0.331731 
15:   0.042001 0.000000 0.011210 0.010854 0.329452 
iteration  1
00:   0.028579 0.000001 0.003752 0.008921 0.149056 
01:   0.028402 0.000000 0.003701 0.008942 0.171721 
02:   0.028129 0.000001 0.003701 0.008925 0.176577 
03:   0.028155 0.000000 0.003631 0.008905 0.178721 
04:   0.028327 0.000000 0.003705 0.008947 0.180434 
05:   0.028538 0.000000 0.003692 0.008870 0.184239 
06:   0.027971 0.000000 0.003707 0.008932 0.185764 
07:   0.027061 0.000000 0.003936 0.008979 0.185875 
08:   0.025694 0.000001 0.004051 0.009023 0.196803 
09:   0.025227 0.000000 0.004004 0.009002 0.197036 
10:   0.025638 0.000000 0.004044 0.008935 0.192918 
11:   0.024780 0.000000 0.003960 0.008916 0.190174 
12:   0.024847 0.000001 0.004016 0.008957 0.187564 
13:   0.024323 0.000000 0.003925 0.008946 0.185761 
14:   0.024143 0.000001 0.003892 0.008919 0.185983 
15:   0.023882 0.000000 0.003867 0.008947 0.180782 
iteration  2
00:   0.018353 0.000000 0.001253 0.005246 0.027723 
01:   0.019273 0.000000 0.001256 0.005188 0.034248 
02:   0.018940 0.000000 0.001272 0.005273 0.033921 
03:   0.018955 0.000000 0.001271 0.005244 0.034969 
04:   0.018779 0.000000 0.001261 0.005294 0.035312 
05:   0.018594 0.000000 0.001264 0.005213 0.041563 
06:   0.018725 0.000000 0.001266 0.005230 0.041048 
07:   0.017895 0.000000 0.001404 0.005216 0.043490 
08:   0.015649 0.000000 0.001488 0.005225 0.047267 
09:   0.016432 0.000000 0.001497 0.005222 0.046825 
10:   0.016093 0.000000 0.001479 0.005276 0.037327 
11:   0.015567 0.000000 0.001475 0.005340 0.034016 
12:   0.014611 0.000000 0.001455 0.005237 0.034131 
13:   0.015361 0.000000 0.001451 0.005207 0.034210 
14:   0.015321 0.000000 0.001459 0.005200 0.033997 
15:   0.014748 0.000000 0.001439 0.005275 0.033951 
iteration  3
00:   0.011824 0.000001 0.000704 0.003459 0.028232 
01:   0.018085 0.000000 0.000700 0.003496 0.027693 
02:   0.014199 0.000001 0.000689 0.003514 0.029549 
03:   0.015971 0.000001 0.000695 0.003533 0.033218 
04:   0.015003 0.000000 0.000682 0.003558 0.026272 
05:   0.018415 0.000000 0.000686 0.003499 0.040997 
06:   0.014617 0.000000 0.000699 0.003480 0.035750 
07:   0.017538 0.000000 0.000742 0.003468 0.040365 
08:   0.015096 0.000000 0.000810 0.003449 0.040410 
09:   0.015775 0.000000 0.000784 0.003438 0.036839 
10:   0.012112 0.000000 0.000795 0.003478 0.037432 
11:   0.011877 0.000000 0.000795 0.003460 0.039963 
12:   0.008965 0.000000 0.000800 0.003435 0.026837 
13:   0.013165 0.000000 0.000803 0.003443 0.038841 
14:   0.013941 0.000001 0.000811 0.003432 0.030301 
15:   0.012367 0.000000 0.000792 0.003434 0.032622 
iteration  4
00:   0.013577 0.007160 0.000834 0.003146 0.007321 
01:   0.012735 0.007077 0.000777 0.003130 0.018551 
02:   0.008936 0.007206 0.000838 0.003209 0.053624 
03:   0.011303 0.007293 0.000806 0.003180 0.036588 
04:   0.006612 0.006904 0.000790 0.003154 0.027249 
05:   0.016771 0.006800 0.000815 0.003159 0.032887 
06:   0.011613 0.006630 0.000853 0.003205 0.032804 
07:   0.015064 0.006444 0.000864 0.003158 0.030966 
08:   0.012737 0.006526 0.001065 0.003167 0.022025 
09:   0.010096 0.006434 0.000990 0.003140 0.022042 
10:   0.012491 0.006588 0.001040 0.003221 0.022406 
11:   0.012321 0.006342 0.001058 0.003171 0.032636 
12:   0.005217 0.006595 0.001048 0.003113 0.043007 
13:   0.013105 0.006384 0.001052 0.003120 0.011005 
14:   0.005088 0.005976 0.001053 0.003207 0.032520 
15:   0.005097 0.006159 0.000983 0.003144 0.006007 
iteration  5
00:   0.001118 0.016699 0.000624 0.002707 0.007070 
01:   0.008085 0.016610 0.000599 0.002690 0.007031 
02:   0.002073 0.016640 0.000623 0.002754 0.075815 
03:   0.001065 0.016616 0.000595 0.002749 0.006210 
04:   0.001084 0.016603 0.000580 0.002733 0.006188 
05:   0.001077 0.016436 0.000609 0.002700 0.005963 
06:   0.001108 0.015714 0.000614 0.002669 0.006186 
07:   0.004138 0.015782 0.000816 0.002717 0.005971 
08:   0.001274 0.014554 0.000820 0.002681 0.006006 
09:   0.001272 0.014560 0.000835 0.002703 0.006006 
10:   0.001594 0.014617 0.000842 0.002709 0.006132 
11:   0.005295 0.014577 0.000827 0.002680 0.006006 
12:   0.001281 0.014582 0.000841 0.002696 0.006028 
13:   0.001261 0.014296 0.000823 0.002679 0.006000 
14:   0.001212 0.014311 0.000809 0.002659 0.006003 
15:   0.001074 0.014187 0.000804 0.002690 0.006016 
iteration  6
00:   0.001154 0.112964 0.000559 0.000550 0.006082 
01:   0.001122 0.112045 0.000556 0.000549 0.006060 
02:   0.001127 0.111784 0.000561 0.000549 0.010656 
03:   0.001105 0.111735 0.000544 0.000551 0.005316 
04:   0.001139 0.111638 0.000560 0.000550 0.005308 
05:   0.001103 0.111644 0.000563 0.000549 0.005313 
06:   0.001140 0.112750 0.000571 0.000536 0.005313 
07:   0.001159 0.112365 0.000626 0.000552 0.005309 
08:   0.001266 0.087616 0.000702 0.000459 0.005797 
09:   0.001271 0.087348 0.000697 0.000454 0.005796 
10:   0.001263 0.087100 0.000690 0.000459 0.005796 
11:   0.001253 0.086637 0.000698 0.000457 0.005796 
12:   0.001267 0.086770 0.000683 0.000456 0.005798 
13:   0.001255 0.086431 0.000679 0.000456 0.005798 
14:   0.001246 0.086668 0.000683 0.000453 0.005794 
15:   0.001111 0.086344 0.000663 0.000456 0.005800 
/nethome/kalgin/z/mst/run.xeon.sh: line 45: 59352 Killed                  ./turbobust_stub.out $i 16
/nethome/kalgin/z/mst/run.xeon.sh: line 45: 59370 Segmentation fault      (core dumped) ./turbobust_stub.out $i 16
/nethome/kalgin/z/mst/run.xeon.sh: line 60: kill: (59370) - No such process
