threadsCount = 16
loopsCount = 52
15.729
3.319
threadsCount = 1
loopsCount = 52
Done
iterationNumber = 0
iterationNumber = 1
iterationNumber = 2
iterationNumber = 3
iterationNumber = 4
iterationNumber = 5
iterationNumber = 6
iterationNumber = 7
iterationNumber = 8
iterationNumber = 9
3.196
55.532
iteration  0
00:   2.856316 0.694469 1.431616 0.019051 0.264266 4.504994 
iteration  1
00:   2.721958 0.318101 0.442700 0.043978 0.072953 3.972754 
iteration  2
00:   2.678574 0.120737 0.121917 0.033262 0.021837 3.788605 
iteration  3
00:   2.660189 0.079522 0.049681 0.027999 0.010192 3.734834 
iteration  4
00:   2.654959 0.071614 0.036335 0.023240 0.007957 3.728242 
iteration  5
00:   2.647637 0.070343 0.034250 0.020068 0.007572 3.664283 
iteration  6
00:   2.604748 0.070145 0.033959 0.020473 0.007529 3.498385 
iteration  7
00:   2.402282 0.070157 0.033812 0.017916 0.007549 1.872984 
iteration  8
00:   0.383005 0.070295 0.033765 0.016147 0.007577 0.274286 
iteration  9
00:   0.226136 0.070297 0.033783 0.005646 0.007568 0.012872 
threadsCount = 2
loopsCount = 52
Done
iterationNumber = 0
iterationNumber = 1
iterationNumber = 2
iterationNumber = 3
iterationNumber = 4
iterationNumber = 5
iterationNumber = 6
iterationNumber = 7
iterationNumber = 8
1.787
30.035
iteration  0
00:   1.493212 0.374799 1.045483 0.028486 0.709015 2.405745 
01:   1.488490 0.373983 1.079550 0.028497 0.709008 2.404709 
iteration  1
00:   1.429695 0.166721 0.312311 0.032866 0.176320 2.131010 
01:   1.422772 0.166533 0.316460 0.032846 0.176318 2.131193 
iteration  2
00:   1.405636 0.065656 0.079945 0.027880 0.031398 2.030930 
01:   1.399050 0.065572 0.080172 0.027868 0.031384 2.031117 
iteration  3
00:   1.395999 0.044897 0.029113 0.023405 0.007038 1.998293 
01:   1.389408 0.044915 0.028603 0.023411 0.007038 1.997891 
iteration  4
00:   1.393499 0.040766 0.019517 0.019511 0.004549 1.992039 
01:   1.386517 0.040763 0.019546 0.019511 0.004552 1.989959 
iteration  5
00:   1.391268 0.040059 0.018207 0.017986 0.004224 1.688953 
01:   1.384102 0.040058 0.018208 0.017959 0.004226 1.761537 
iteration  6
00:   1.357752 0.039968 0.017486 0.019396 0.004082 1.492667 
01:   1.335728 0.039967 0.017445 0.019382 0.004083 0.646789 
iteration  7
00:   0.763023 0.040396 0.017586 0.007972 0.004148 1.283401 
01:   1.228693 0.040396 0.017572 0.007937 0.004146 0.431048 
iteration  8
00:   0.039864 0.040110 0.017854 0.002860 0.004029 0.008455 
01:   0.003650 0.040109 0.017839 0.002859 0.004033 0.008105 
/nethome/kalgin/z/mst/run.rand.sh: line 47: 154195 Killed                  ./turbobust_stub.out $i 16
threadsCount = 4
loopsCount = 52
Done
iterationNumber = 0
iterationNumber = 1
iterationNumber = 2
iterationNumber = 3
iterationNumber = 4
iterationNumber = 5
iterationNumber = 6
iterationNumber = 7
iterationNumber = 8
1.120
20.649
iteration  0
00:   0.817619 0.213515 0.710577 0.015490 0.914561 1.438290 
01:   0.820690 0.213407 0.728850 0.015518 0.914557 1.438156 
02:   0.812429 0.213305 0.730787 0.015507 0.914562 1.435060 
03:   0.812744 0.213079 0.730749 0.015482 0.914579 1.430639 
iteration  1
00:   0.782336 0.099641 0.209232 0.017518 0.234183 1.294435 
01:   0.780089 0.099539 0.211689 0.017549 0.234191 1.294887 
02:   0.775745 0.099569 0.212774 0.017569 0.234192 1.290731 
03:   0.773067 0.099550 0.210810 0.017521 0.234185 1.292906 
iteration  2
00:   0.770782 0.048069 0.052755 0.015325 0.046330 1.232108 
01:   0.769088 0.048042 0.052539 0.015401 0.046334 1.231668 
02:   0.765438 0.048082 0.052573 0.015389 0.046322 1.228751 
03:   0.764003 0.048082 0.052660 0.015397 0.046334 1.225885 
iteration  3
00:   0.766543 0.037533 0.017895 0.013097 0.007122 1.219485 
01:   0.765452 0.037536 0.017823 0.013095 0.007121 1.220571 
02:   0.761539 0.037525 0.017827 0.013149 0.007107 1.215434 
03:   0.759344 0.037539 0.017801 0.013148 0.007122 1.213732 
iteration  4
00:   0.766168 0.035323 0.011306 0.010974 0.002955 1.202417 
01:   0.763824 0.035320 0.011210 0.010940 0.002954 1.214324 
02:   0.759997 0.035324 0.011282 0.010978 0.002954 1.219483 
03:   0.758364 0.035321 0.011190 0.010948 0.002945 1.206597 
iteration  5
00:   0.757036 0.034987 0.010064 0.010053 0.002707 1.122891 
01:   0.765531 0.034988 0.010013 0.010057 0.002708 1.054122 
02:   0.766656 0.034988 0.010011 0.010059 0.002707 0.739532 
03:   0.757472 0.034987 0.010088 0.010085 0.002703 1.092285 
iteration  6
00:   0.797754 0.034818 0.010087 0.010089 0.002700 0.481982 
01:   0.741029 0.034817 0.010084 0.010114 0.002698 0.883361 
02:   0.611471 0.034817 0.010020 0.010088 0.002700 0.428714 
03:   0.726152 0.034818 0.010067 0.010070 0.002700 0.408538 
iteration  7
00:   0.071018 0.035548 0.010016 0.004599 0.002584 0.224384 
01:   0.397125 0.035517 0.010176 0.004597 0.002565 0.130902 
02:   1.088623 0.035550 0.010125 0.004592 0.002584 1.270737 
03:   0.301271 0.035516 0.009988 0.004582 0.002584 0.151200 
iteration  8
00:   0.003035 0.035446 0.010018 0.001428 0.002620 0.006829 
01:   1.261037 0.035446 0.010018 0.001456 0.002620 0.007552 
02:   0.002884 0.035414 0.009943 0.001460 0.002619 0.007183 
03:   0.003019 0.035414 0.009937 0.001459 0.002616 0.007191 
/nethome/kalgin/z/mst/run.rand.sh: line 47: 154212 Killed                  ./turbobust_stub.out $i 16
threadsCount = 8
loopsCount = 52
Done
iterationNumber = 0
iterationNumber = 1
iterationNumber = 2
iterationNumber = 3
iterationNumber = 4
iterationNumber = 5
iterationNumber = 6
iterationNumber = 7
iterationNumber = 8
0.966
14.442
iteration  0
00:   0.469418 0.140895 0.456895 0.007664 0.879980 1.131254 
01:   0.469921 0.140624 0.464017 0.007667 0.879977 1.131237 
02:   0.467599 0.140777 0.465641 0.007658 0.879963 1.131109 
03:   0.466367 0.140731 0.467395 0.007668 0.879972 1.130625 
04:   0.466270 0.140647 0.467958 0.007667 0.879954 1.127352 
05:   0.466952 0.140648 0.468282 0.007667 0.879914 1.127149 
06:   0.467404 0.140626 0.470693 0.007667 0.879864 1.126911 
07:   0.470589 0.140516 0.471763 0.007666 0.879849 1.124141 
iteration  1
00:   0.450757 0.071893 0.137722 0.009165 0.226901 1.044908 
01:   0.449636 0.071871 0.137587 0.009147 0.226901 1.044862 
02:   0.448786 0.071910 0.138106 0.009146 0.226902 1.044747 
03:   0.447422 0.071844 0.137875 0.009170 0.226876 1.044895 
04:   0.447035 0.071878 0.138436 0.009152 0.226893 1.044402 
05:   0.447000 0.071857 0.138193 0.009157 0.226887 1.043084 
06:   0.448182 0.071920 0.138871 0.009164 0.226904 1.042859 
07:   0.449058 0.071854 0.138321 0.009165 0.226855 1.043282 
iteration  2
00:   0.444813 0.042975 0.035446 0.008024 0.047114 1.021105 
01:   0.445427 0.042972 0.035550 0.008029 0.047110 1.020944 
02:   0.444338 0.042989 0.035280 0.008028 0.047112 1.021522 
03:   0.443638 0.042981 0.035139 0.008025 0.047115 1.021378 
04:   0.442185 0.042981 0.035297 0.008026 0.047110 1.018710 
05:   0.444031 0.042976 0.034948 0.008014 0.047090 1.019848 
06:   0.443355 0.042968 0.035354 0.007998 0.047112 1.019657 
07:   0.443747 0.042965 0.035304 0.008018 0.047109 1.016976 
iteration  3
00:   0.444457 0.037555 0.011854 0.006811 0.008897 1.012761 
01:   0.444657 0.037549 0.011586 0.006819 0.008897 1.008365 
02:   0.441992 0.037542 0.011798 0.006826 0.008897 1.009189 
03:   0.441601 0.037549 0.011692 0.006812 0.008895 1.010645 
04:   0.442088 0.037546 0.011662 0.006790 0.008898 1.010549 
05:   0.442583 0.037550 0.011709 0.006822 0.008898 1.004149 
06:   0.441817 0.037541 0.011638 0.006813 0.008900 1.003295 
07:   0.442355 0.037549 0.011668 0.006826 0.008897 1.003950 
iteration  4
00:   0.446677 0.036004 0.007941 0.005691 0.002711 0.985357 
01:   0.442681 0.036002 0.007829 0.005671 0.002712 0.985345 
02:   0.442175 0.036004 0.007858 0.005672 0.002713 0.998411 
03:   0.441116 0.036002 0.007714 0.005689 0.002713 0.993840 
04:   0.442536 0.036004 0.007785 0.005672 0.002692 1.025551 
05:   0.440447 0.036003 0.007719 0.005659 0.002712 1.002525 
06:   0.442611 0.036002 0.007743 0.005672 0.002712 1.004470 
07:   0.441388 0.036004 0.007789 0.005689 0.002705 1.003696 
iteration  5
00:   0.432335 0.036547 0.007315 0.005009 0.002584 0.757503 
01:   0.430564 0.036547 0.007366 0.004957 0.002584 0.678843 
02:   0.435736 0.036546 0.007363 0.004998 0.002584 0.954435 
03:   0.433328 0.036546 0.007348 0.005002 0.002586 0.843225 
04:   0.454551 0.036547 0.007318 0.004992 0.002577 0.800907 
05:   0.439478 0.036546 0.007257 0.004989 0.002586 0.785563 
06:   0.440569 0.036547 0.007296 0.004998 0.002589 0.835533 
07:   0.442174 0.036546 0.007319 0.005001 0.002586 0.695499 
iteration  6
00:   0.360174 0.036059 0.007205 0.004529 0.002664 0.576597 
01:   0.461555 0.036059 0.007290 0.004536 0.002664 0.490762 
02:   0.481807 0.036059 0.007252 0.004525 0.002658 0.242468 
03:   0.394148 0.036059 0.007256 0.004528 0.002661 0.650476 
04:   0.425489 0.036058 0.007319 0.004519 0.002666 0.492369 
05:   0.439078 0.036057 0.007264 0.004530 0.002666 0.553430 
06:   0.389089 0.036058 0.007180 0.004539 0.002665 0.488487 
07:   0.384987 0.036058 0.007244 0.004540 0.002663 0.552790 
iteration  7
00:   1.085758 0.035806 0.007450 0.001967 0.002595 0.006106 
01:   0.063793 0.035738 0.007462 0.001944 0.002597 0.007277 
02:   0.002966 0.035737 0.007447 0.001971 0.002600 0.007256 
03:   0.071917 0.035800 0.007368 0.001972 0.002600 0.693466 
04:   0.110670 0.035792 0.007362 0.001968 0.002586 0.007184 
05:   0.102961 0.035737 0.007314 0.001971 0.002597 0.007114 
06:   0.101574 0.035736 0.007286 0.001969 0.002601 0.007176 
07:   0.031174 0.035734 0.007325 0.001972 0.002600 0.006786 
iteration  8
00:   0.003610 0.036766 0.007419 0.000753 0.002571 0.008589 
01:   0.003683 0.036765 0.007398 0.000745 0.002571 0.008482 
02:   0.003638 0.036765 0.007332 0.000753 0.002574 0.008860 
03:   0.003661 0.036766 0.007441 0.000754 0.002565 0.008900 
04:   0.003675 0.036765 0.007418 0.000753 0.002578 0.008886 
05:   0.003644 0.036765 0.007381 0.000752 0.002571 0.008917 
06:   0.003641 0.036765 0.007348 0.000758 0.002572 0.008462 
07:   0.003585 0.036765 0.007303 0.000756 0.002571 0.008516 
/nethome/kalgin/z/mst/run.rand.sh: line 47: 154232 Killed                  ./turbobust_stub.out $i 16
threadsCount = 16
loopsCount = 52
Done
iterationNumber = 0
iterationNumber = 1
iterationNumber = 2
iterationNumber = 3
iterationNumber = 4
iterationNumber = 5
iterationNumber = 6
iterationNumber = 7
iterationNumber = 8
0.668
13.688
iteration  0
00:   0.335058 0.125591 0.356577 0.006910 1.425677 0.672025 
01:   0.298574 0.125283 0.331943 0.006932 1.425666 0.660810 
02:   0.293857 0.125426 0.333164 0.006917 1.425620 0.660708 
03:   0.334297 0.125526 0.364110 0.006928 1.425652 0.669944 
04:   0.293274 0.125524 0.335038 0.006901 1.425647 0.660207 
05:   0.292694 0.125588 0.332862 0.006915 1.425626 0.657726 
06:   0.332626 0.125474 0.367365 0.006900 1.425686 0.669858 
07:   0.332192 0.125417 0.369668 0.006922 1.425665 0.669900 
08:   0.234887 0.114714 0.290639 0.006875 1.422274 0.600444 
09:   0.233161 0.114626 0.291460 0.006885 1.422285 0.600466 
10:   0.254758 0.114626 0.317416 0.006927 1.422245 0.600342 
11:   0.232604 0.114807 0.289349 0.006899 1.422258 0.600445 
12:   0.255233 0.114828 0.314391 0.006929 1.422202 0.600108 
13:   0.254171 0.114740 0.314522 0.006888 1.422293 0.600091 
14:   0.232002 0.114446 0.289722 0.006927 1.422289 0.600410 
15:   0.257865 0.114633 0.315839 0.006906 1.422210 0.597270 
iteration  1
00:   0.267347 0.064177 0.110235 0.009746 0.343150 0.616025 
01:   0.266060 0.064064 0.100849 0.009749 0.343144 0.616090 
02:   0.265643 0.064163 0.101524 0.009751 0.343131 0.615568 
03:   0.265286 0.064273 0.111430 0.009722 0.343172 0.616031 
04:   0.265432 0.064168 0.102029 0.009747 0.343151 0.615969 
05:   0.264588 0.064189 0.101499 0.009733 0.343159 0.615309 
06:   0.264855 0.064155 0.112445 0.009746 0.343141 0.613884 
07:   0.264400 0.064196 0.112937 0.009718 0.343152 0.613949 
08:   0.229158 0.061947 0.090097 0.009717 0.342436 0.574751 
09:   0.229763 0.061975 0.089961 0.009726 0.342404 0.574852 
10:   0.229590 0.061924 0.096153 0.009699 0.342416 0.574749 
11:   0.229062 0.061990 0.089970 0.009722 0.342446 0.574782 
12:   0.228274 0.062068 0.095580 0.009709 0.342418 0.574909 
13:   0.229249 0.062043 0.095313 0.009698 0.342437 0.574698 
14:   0.227972 0.061533 0.089479 0.009723 0.342458 0.569357 
15:   0.229403 0.061993 0.095806 0.009714 0.342409 0.574892 
iteration  2
00:   0.264243 0.044028 0.028483 0.007072 0.065148 0.588423 
01:   0.264187 0.044044 0.026486 0.007063 0.065156 0.588469 
02:   0.263798 0.044068 0.026259 0.007059 0.065151 0.588170 
03:   0.263096 0.044056 0.029082 0.007059 0.065154 0.586663 
04:   0.263776 0.044053 0.026282 0.007069 0.065155 0.587139 
05:   0.262924 0.044062 0.026237 0.007100 0.065155 0.586350 
06:   0.262903 0.044037 0.029140 0.007086 0.065152 0.586608 
07:   0.262188 0.044037 0.029533 0.007071 0.065138 0.584265 
08:   0.228231 0.043787 0.022989 0.007071 0.065052 0.555994 
09:   0.227591 0.043805 0.023053 0.007083 0.065053 0.555500 
10:   0.228110 0.043820 0.024234 0.007120 0.065051 0.554930 
11:   0.227188 0.043807 0.023122 0.007070 0.065058 0.555340 
12:   0.227269 0.043816 0.023782 0.007081 0.065048 0.554784 
13:   0.226488 0.043792 0.023987 0.007042 0.065054 0.555513 
14:   0.227040 0.043739 0.022600 0.007092 0.065056 0.553704 
15:   0.227110 0.043819 0.023783 0.007070 0.065055 0.553093 
iteration  3
00:   0.262560 0.040603 0.011863 0.004320 0.010926 0.578139 
01:   0.263535 0.040606 0.011075 0.004341 0.010942 0.580478 
02:   0.262243 0.040604 0.010916 0.004338 0.010922 0.576482 
03:   0.261873 0.040609 0.011807 0.004328 0.010933 0.580608 
04:   0.262166 0.040609 0.011084 0.004331 0.010932 0.579485 
05:   0.261052 0.040606 0.010867 0.004344 0.010932 0.578650 
06:   0.261289 0.040606 0.011896 0.004358 0.010945 0.573259 
07:   0.260791 0.040603 0.011862 0.004315 0.010938 0.574310 
08:   0.226710 0.040590 0.007462 0.004278 0.010950 0.532743 
09:   0.225730 0.040591 0.007770 0.004289 0.010919 0.542216 
10:   0.225543 0.040594 0.007611 0.004296 0.010926 0.542828 
11:   0.223798 0.040590 0.007481 0.004339 0.010929 0.540683 
12:   0.224882 0.040589 0.007589 0.004286 0.010914 0.536772 
13:   0.225901 0.040588 0.007489 0.004331 0.010951 0.547638 
14:   0.224566 0.040587 0.007451 0.004324 0.010938 0.541547 
15:   0.223750 0.040593 0.007713 0.004332 0.010926 0.544172 
iteration  4
00:   0.260575 0.039922 0.009766 0.003172 0.003026 0.603058 
01:   0.263180 0.039923 0.009609 0.003136 0.003031 0.576135 
02:   0.259820 0.039922 0.009576 0.003181 0.003024 0.579639 
03:   0.262757 0.039924 0.009689 0.003115 0.003047 0.581179 
04:   0.262065 0.039923 0.009539 0.003107 0.003103 0.544614 
05:   0.261096 0.039922 0.009537 0.003149 0.003043 0.530209 
06:   0.257333 0.039923 0.009674 0.003146 0.003039 0.528397 
07:   0.258380 0.039921 0.009714 0.003120 0.003030 0.567901 
08:   0.222124 0.039921 0.005218 0.003099 0.003034 0.530441 
09:   0.225047 0.039921 0.005165 0.003105 0.003041 0.535002 
10:   0.224551 0.039922 0.005110 0.003100 0.003039 0.548567 
11:   0.223555 0.039922 0.005103 0.003107 0.003041 0.532314 
12:   0.220906 0.039922 0.005139 0.003105 0.003057 0.528211 
13:   0.228084 0.039921 0.005072 0.003130 0.003039 0.508747 
14:   0.225132 0.039921 0.005135 0.003134 0.003040 0.499064 
15:   0.225413 0.039922 0.005109 0.003106 0.003037 0.526615 
iteration  5
00:   0.287516 0.039963 0.009589 0.002711 0.003055 0.406079 
01:   0.270076 0.039962 0.009529 0.002684 0.003053 0.570951 
02:   0.269636 0.039961 0.009546 0.002671 0.003052 0.515340 
03:   0.272166 0.039962 0.009547 0.002677 0.003050 0.499806 
04:   0.245953 0.039962 0.009535 0.002696 0.003042 0.386703 
05:   0.236793 0.039961 0.009512 0.002688 0.003054 0.264666 
06:   0.237018 0.039961 0.009570 0.002732 0.003042 0.455044 
07:   0.262148 0.039961 0.009516 0.002677 0.003037 0.433941 
08:   0.229627 0.039961 0.004990 0.002633 0.003024 0.301902 
09:   0.230944 0.039961 0.004856 0.002642 0.003025 0.451188 
10:   0.238559 0.039961 0.004878 0.002633 0.003031 0.385061 
11:   0.227610 0.039960 0.004830 0.002703 0.003015 0.298363 
12:   0.225502 0.039961 0.004837 0.002645 0.003025 0.476698 
13:   0.216022 0.039961 0.004839 0.002703 0.003025 0.430571 
14:   0.211425 0.039961 0.004838 0.002618 0.003017 0.293490 
15:   0.224809 0.039960 0.004815 0.002654 0.003024 0.195877 
iteration  6
00:   0.196353 0.039950 0.009445 0.002251 0.003048 0.169449 
01:   0.433051 0.039950 0.009427 0.002255 0.003074 0.200576 
02:   0.264132 0.039949 0.009418 0.002261 0.003041 0.249422 
03:   0.308361 0.039949 0.009455 0.002245 0.003045 0.310054 
04:   0.188354 0.039935 0.009423 0.002221 0.003059 0.255874 
05:   0.139490 0.039894 0.009355 0.002236 0.003047 0.233682 
06:   0.225523 0.039948 0.009423 0.002283 0.003047 0.233007 
07:   0.196050 0.039949 0.009407 0.002272 0.003042 0.231779 
08:   0.116239 0.039949 0.004839 0.002243 0.003042 0.144270 
09:   0.270297 0.039949 0.004809 0.002203 0.003073 0.205296 
10:   0.184391 0.039948 0.004835 0.002236 0.003072 0.285450 
11:   0.213080 0.039949 0.004825 0.002224 0.003072 0.319850 
12:   0.307415 0.039936 0.004778 0.002221 0.003054 0.335998 
13:   0.244689 0.039936 0.004793 0.002219 0.003073 0.281162 
14:   0.109135 0.039906 0.004782 0.002268 0.003044 0.235202 
15:   0.130855 0.039905 0.004760 0.002252 0.003057 0.255467 
iteration  7
00:   0.069282 0.039917 0.009410 0.001590 0.003037 0.013173 
01:   0.001650 0.039870 0.009429 0.001574 0.003066 0.013216 
02:   0.001654 0.039870 0.009418 0.001618 0.003039 0.027822 
03:   0.034650 0.039869 0.009378 0.001575 0.003058 0.013167 
04:   1.191541 0.039918 0.009425 0.001606 0.003087 0.027459 
05:   0.046769 0.039835 0.009417 0.001609 0.003068 0.013200 
06:   0.001654 0.039828 0.009375 0.001589 0.003041 0.084345 
07:   0.001605 0.039829 0.009371 0.001593 0.003044 0.013700 
08:   0.001896 0.039824 0.004861 0.001550 0.003050 0.014991 
09:   0.074519 0.039791 0.004864 0.001591 0.003062 0.069190 
10:   0.001860 0.039789 0.004841 0.001543 0.003046 0.014977 
11:   0.001900 0.039823 0.004823 0.001555 0.003049 0.046996 
12:   0.087114 0.039825 0.004812 0.001551 0.003034 0.015044 
13:   0.001868 0.039822 0.004781 0.001551 0.003040 1.782358 
14:   0.001889 0.039821 0.004766 0.001608 0.003044 0.015017 
15:   0.001887 0.039820 0.004822 0.001563 0.003039 0.036020 
iteration  8
00:   0.001450 0.040418 0.009530 0.000487 0.003052 0.014409 
01:   0.001460 0.040371 0.009592 0.000495 0.003071 0.014414 
02:   0.001460 0.040371 0.009587 0.000496 0.003069 0.014395 
03:   1.315912 0.040422 0.009564 0.000487 0.003070 0.014876 
04:   0.001437 0.040359 0.009582 0.000492 0.003069 0.014357 
05:   0.001458 0.040307 0.009595 0.000496 0.003055 0.014865 
06:   0.001442 0.040306 0.009569 0.000487 0.003064 0.014416 
07:   0.001318 0.040301 0.009594 0.000489 0.003065 0.014861 
08:   0.001725 0.040344 0.004824 0.000475 0.003047 0.015457 
09:   0.001721 0.040297 0.004786 0.000472 0.003025 0.015451 
10:   0.001703 0.040296 0.004798 0.000470 0.003031 0.015448 
11:   0.001709 0.040295 0.004788 0.000472 0.003045 0.014638 
12:   0.001671 0.040358 0.004767 0.000470 0.003046 0.015459 
13:   0.001721 0.040294 0.004810 0.000473 0.003045 0.015436 
14:   0.001686 0.040293 0.004750 0.000472 0.003027 0.015448 
15:   0.001686 0.040323 0.004763 0.000475 0.003046 0.014785 
/nethome/kalgin/z/mst/run.rand.sh: line 47: 154251 Killed                  ./turbobust_stub.out $i 16
/nethome/kalgin/z/mst/run.rand.sh: line 47: 154270 Segmentation fault      (core dumped) ./turbobust_stub.out $i 16
/nethome/kalgin/z/mst/run.rand.sh: line 62: kill: (154270) - No such process
ls: cannot access /tmp/data.bin: No such file or directory
ls: cannot access /tmp/data.bin: No such file or directory
