threadsCount = 16
loopsCount = 0
30.327
46.917
threadsCount = 1
loopsCount = 0
Done
iterationNumber = 0
iterationNumber = 1
iterationNumber = 2
iterationNumber = 3
iterationNumber = 4
iterationNumber = 5
iterationNumber = 6
iterationNumber = 7
iterationNumber = 8
iterationNumber = 9
iterationNumber = 10
iterationNumber = 11
iterationNumber = 12
iterationNumber = 13
14.150
81.951
iteration  0
00:   1.154977 6.168365 14.081989 0.239735 0.000000 0.930625 
iteration  1
00:   3.393411 4.037512 6.378213 0.582386 0.000000 1.187713 
iteration  2
00:   4.165458 1.997490 2.479626 0.447534 0.000000 0.568672 
iteration  3
00:   3.341301 1.415942 1.151957 0.341261 0.000000 0.208588 
iteration  4
00:   2.517946 1.231347 0.742400 0.258277 0.000000 0.091617 
iteration  5
00:   1.799091 1.163471 0.628787 0.215212 0.000000 0.058007 
iteration  6
00:   1.195972 1.148065 0.596290 0.195124 0.000000 0.048165 
iteration  7
00:   0.766498 1.144513 0.587094 0.184847 0.000000 0.045255 
iteration  8
00:   0.495410 1.140518 0.584842 0.180752 0.000000 0.044344 
iteration  9
00:   0.326151 1.143648 0.583216 0.176877 0.000000 0.044026 
iteration 10
00:   0.222288 1.144423 0.582676 0.178125 0.000000 0.043948 
iteration 11
00:   0.159959 1.143820 0.583558 0.172195 0.000000 0.043771 
iteration 12
00:   0.124566 1.143969 0.583579 0.181144 0.000000 0.043883 
iteration 13
00:   0.099538 1.145022 0.583526 0.073202 0.000000 0.044351 
threadsCount = 2
loopsCount = 0
Done
iterationNumber = 0
iterationNumber = 1
iterationNumber = 2
iterationNumber = 3
iterationNumber = 4
iterationNumber = 5
iterationNumber = 6
iterationNumber = 7
iterationNumber = 8
iterationNumber = 9
iterationNumber = 10
iterationNumber = 11
iterationNumber = 12
iterationNumber = 13
9.885
45.709
iteration  0
00:   0.629129 3.207309 7.482326 0.120227 0.000000 0.473690 
01:   0.628883 3.529579 8.141994 0.119881 0.000000 0.474700 
iteration  1
00:   1.733536 2.138123 3.290929 0.291691 0.000000 0.610568 
01:   1.731111 2.287549 3.497939 0.291545 0.000000 0.616500 
iteration  2
00:   2.200022 1.089934 1.259985 0.223994 0.000000 0.286851 
01:   2.194858 1.130892 1.363964 0.223926 0.000000 0.290401 
iteration  3
00:   1.870278 0.797051 0.573964 0.170866 0.000000 0.105145 
01:   1.863882 0.807641 0.646364 0.170779 0.000000 0.106215 
iteration  4
00:   1.427217 0.699206 0.361820 0.129631 0.000000 0.046380 
01:   1.423239 0.702037 0.422740 0.129376 0.000000 0.046556 
iteration  5
00:   0.998970 0.666237 0.299113 0.108210 0.000000 0.029348 
01:   0.994895 0.666913 0.357522 0.107155 0.000000 0.029401 
iteration  6
00:   0.653075 0.658986 0.281514 0.098281 0.000000 0.024176 
01:   0.650118 0.659157 0.336899 0.098155 0.000000 0.024190 
iteration  7
00:   0.414019 0.657707 0.279177 0.092815 0.000000 0.022768 
01:   0.415384 0.657751 0.334542 0.092764 0.000000 0.022718 
iteration  8
00:   0.267420 0.658562 0.269135 0.090567 0.000000 0.022342 
01:   0.264571 0.658572 0.326324 0.090783 0.000000 0.022245 
iteration  9
00:   0.173056 0.658414 0.273432 0.089231 0.000000 0.022188 
01:   0.172755 0.658415 0.331262 0.088997 0.000000 0.022080 
iteration 10
00:   0.121612 0.657451 0.272634 0.090188 0.000000 0.022105 
01:   0.112672 0.657450 0.329685 0.088354 0.000000 0.022068 
iteration 11
00:   0.091394 0.658014 0.275325 0.089410 0.000000 0.022094 
01:   0.082456 0.658014 0.333430 0.084172 0.000000 0.022047 
iteration 12
00:   0.055690 0.659822 0.269289 0.088517 0.000000 0.022105 
01:   0.081645 0.659822 0.326755 0.093322 0.000000 0.022031 
iteration 13
00:   0.066397 0.657529 0.278930 0.036674 0.000000 0.022090 
01:   0.043451 0.657529 0.333624 0.036604 0.000000 0.022019 
/nethome/kalgin/z/mst/run.xeon.sh: line 46: 12186 Killed                  ./turbobust_stub.out $i 16
threadsCount = 4
loopsCount = 0
Done
iterationNumber = 0
iterationNumber = 1
iterationNumber = 2
iterationNumber = 3
iterationNumber = 4
iterationNumber = 5
iterationNumber = 6
iterationNumber = 7
iterationNumber = 8
iterationNumber = 9
iterationNumber = 10
iterationNumber = 11
iterationNumber = 12
iterationNumber = 13
8.499
26.539
iteration  0
00:   0.326623 1.820469 4.000802 0.060482 0.000000 0.247147 
01:   0.326072 1.818690 4.111896 0.060278 0.000000 0.246330 
02:   0.326042 1.819341 4.111370 0.060118 0.000000 0.246974 
03:   0.324807 2.120097 4.651305 0.060260 0.000000 0.247006 
iteration  1
00:   0.949693 1.242817 1.728190 0.147201 0.000000 0.314659 
01:   0.951760 1.242974 1.733818 0.146736 0.000000 0.314111 
02:   0.951021 1.243442 1.734426 0.146765 0.000000 0.316127 
03:   0.949394 1.383340 1.942305 0.146979 0.000000 0.316260 
iteration  2
00:   1.316649 0.650104 0.666884 0.113171 0.000000 0.149572 
01:   1.319511 0.650079 0.675038 0.112955 0.000000 0.149044 
02:   1.317647 0.650241 0.675437 0.112871 0.000000 0.150291 
03:   1.314549 0.688450 0.763220 0.113060 0.000000 0.150607 
iteration  3
00:   1.107755 0.479607 0.313666 0.086475 0.000000 0.053976 
01:   1.108308 0.479625 0.315638 0.086049 0.000000 0.053849 
02:   1.106211 0.479668 0.316724 0.086118 0.000000 0.054184 
03:   1.105532 0.489703 0.374093 0.086277 0.000000 0.054261 
iteration  4
00:   0.805567 0.434162 0.189239 0.065977 0.000000 0.024079 
01:   0.806606 0.434155 0.190021 0.065654 0.000000 0.023947 
02:   0.805450 0.434131 0.190617 0.065506 0.000000 0.024031 
03:   0.804952 0.436924 0.243161 0.065402 0.000000 0.024013 
iteration  5
00:   0.547697 0.421326 0.156875 0.054490 0.000000 0.015115 
01:   0.549104 0.421320 0.156906 0.054301 0.000000 0.015061 
02:   0.547778 0.421320 0.156720 0.054254 0.000000 0.015053 
03:   0.547096 0.421982 0.204242 0.054509 0.000000 0.015082 
iteration  6
00:   0.355962 0.418273 0.146851 0.049220 0.000000 0.012484 
01:   0.356550 0.418275 0.146561 0.049334 0.000000 0.012381 
02:   0.356431 0.418280 0.146796 0.049201 0.000000 0.012415 
03:   0.354594 0.418449 0.194370 0.049000 0.000000 0.012397 
iteration  7
00:   0.223719 0.417641 0.141575 0.046821 0.000000 0.011695 
01:   0.224240 0.417640 0.141568 0.046830 0.000000 0.011590 
02:   0.226966 0.417643 0.141345 0.047267 0.000000 0.011580 
03:   0.223178 0.417679 0.191977 0.047101 0.000000 0.011617 
iteration  8
00:   0.142902 0.417318 0.140663 0.045923 0.000000 0.011505 
01:   0.140412 0.417315 0.140521 0.045124 0.000000 0.011389 
02:   0.141863 0.417316 0.140419 0.045942 0.000000 0.011366 
03:   0.139155 0.417327 0.192488 0.045817 0.000000 0.011363 
iteration  9
00:   0.095254 0.417642 0.141681 0.045115 0.000000 0.011383 
01:   0.090500 0.417642 0.140924 0.044973 0.000000 0.011319 
02:   0.096215 0.417642 0.140491 0.045040 0.000000 0.011262 
03:   0.088742 0.417643 0.190429 0.044577 0.000000 0.011276 
iteration 10
00:   0.068182 0.418424 0.139016 0.045289 0.000000 0.011322 
01:   0.073182 0.418424 0.138649 0.044647 0.000000 0.011262 
02:   0.067281 0.418423 0.138630 0.044930 0.000000 0.011240 
03:   0.064776 0.418424 0.190102 0.045339 0.000000 0.011242 
iteration 11
00:   0.056560 0.417865 0.139739 0.043642 0.000000 0.011301 
01:   0.060706 0.417865 0.139425 0.046263 0.000000 0.011252 
02:   0.053399 0.417865 0.139272 0.043680 0.000000 0.011234 
03:   0.052082 0.417865 0.190144 0.041149 0.000000 0.011237 
iteration 12
00:   0.044716 0.417370 0.140825 0.043014 0.000000 0.011401 
01:   0.030339 0.417369 0.139401 0.046388 0.000000 0.011289 
02:   0.054908 0.417370 0.139412 0.046983 0.000000 0.011254 
03:   0.049372 0.417369 0.193562 0.046877 0.000000 0.011272 
iteration 13
00:   0.060912 0.417497 0.139192 0.018516 0.000000 0.011330 
01:   0.040618 0.417497 0.138662 0.018452 0.000000 0.011273 
02:   0.040620 0.417497 0.138561 0.018432 0.000000 0.011238 
03:   0.040596 0.417497 0.191791 0.018432 0.000000 0.011251 
/nethome/kalgin/z/mst/run.xeon.sh: line 46: 12207 Killed                  ./turbobust_stub.out $i 16
threadsCount = 8
loopsCount = 0
Done
iterationNumber = 0
iterationNumber = 1
iterationNumber = 2
iterationNumber = 3
iterationNumber = 4
iterationNumber = 5
iterationNumber = 6
iterationNumber = 7
iterationNumber = 8
iterationNumber = 9
iterationNumber = 10
iterationNumber = 11
iterationNumber = 12
iterationNumber = 13
6.711
16.729
iteration  0
00:   0.227620 1.325545 2.334476 0.030721 0.000000 0.168240 
01:   0.226957 1.322064 2.391956 0.030722 0.000000 0.168682 
02:   0.226525 1.322006 2.390077 0.030723 0.000000 0.167643 
03:   0.226424 1.324503 2.391099 0.030712 0.000000 0.167182 
04:   0.226032 1.322025 2.392843 0.030709 0.000000 0.166949 
05:   0.226433 1.321246 2.397368 0.030725 0.000000 0.166945 
06:   0.225241 1.460226 2.653558 0.030725 0.000000 0.166866 
07:   0.225570 1.461733 2.654936 0.030725 0.000000 0.166485 
iteration  1
00:   0.645982 0.775565 0.956796 0.074483 0.000000 0.168314 
01:   0.650420 0.775543 0.956029 0.074488 0.000000 0.168811 
02:   0.646735 0.775573 0.956556 0.074489 0.000000 0.169184 
03:   0.645134 0.775842 0.955336 0.074491 0.000000 0.168831 
04:   0.644851 0.775654 0.956371 0.074489 0.000000 0.169314 
05:   0.642579 0.775465 0.958223 0.074490 0.000000 0.168966 
06:   0.641789 0.837415 1.048236 0.074487 0.000000 0.170222 
07:   0.641314 0.839114 1.046422 0.074470 0.000000 0.167671 
iteration  2
00:   0.823730 0.462036 0.362427 0.057623 0.000000 0.080336 
01:   0.825613 0.462028 0.366676 0.057620 0.000000 0.080420 
02:   0.824984 0.462069 0.366547 0.057624 0.000000 0.080702 
03:   0.822606 0.462044 0.366093 0.057620 0.000000 0.080239 
04:   0.825377 0.462070 0.366500 0.057624 0.000000 0.080579 
05:   0.824477 0.462034 0.366671 0.057626 0.000000 0.080581 
06:   0.821572 0.478680 0.403651 0.057625 0.000000 0.080662 
07:   0.817408 0.479256 0.402374 0.057601 0.000000 0.080074 
iteration  3
00:   0.614354 0.376063 0.167431 0.044662 0.000000 0.028891 
01:   0.615317 0.376068 0.169981 0.044664 0.000000 0.028844 
02:   0.614347 0.376053 0.169708 0.044667 0.000000 0.028961 
03:   0.612762 0.376064 0.168530 0.044670 0.000000 0.028829 
04:   0.615080 0.376080 0.168845 0.044658 0.000000 0.028891 
05:   0.613703 0.376056 0.168960 0.044661 0.000000 0.028877 
06:   0.612921 0.380441 0.193583 0.044660 0.000000 0.028920 
07:   0.611244 0.380562 0.192225 0.044663 0.000000 0.028853 
iteration  4
00:   0.426282 0.354982 0.112038 0.034171 0.000000 0.012472 
01:   0.425919 0.354975 0.111942 0.034167 0.000000 0.012366 
02:   0.426268 0.354961 0.112368 0.034173 0.000000 0.012323 
03:   0.424383 0.354956 0.111791 0.034173 0.000000 0.012368 
04:   0.426667 0.354937 0.111599 0.034173 0.000000 0.012379 
05:   0.425843 0.354961 0.111563 0.034171 0.000000 0.012305 
06:   0.425335 0.356224 0.128685 0.034166 0.000000 0.012347 
07:   0.423690 0.356272 0.128439 0.034173 0.000000 0.012429 
iteration  5
00:   0.280954 0.350503 0.098038 0.028260 0.000000 0.008317 
01:   0.280510 0.350491 0.098103 0.028255 0.000000 0.008329 
02:   0.280407 0.350494 0.098076 0.028261 0.000000 0.008241 
03:   0.280624 0.350504 0.097811 0.028262 0.000000 0.008307 
04:   0.281674 0.350488 0.097731 0.028258 0.000000 0.008269 
05:   0.280590 0.350508 0.097336 0.028264 0.000000 0.008245 
06:   0.280841 0.350791 0.109596 0.028262 0.000000 0.008266 
07:   0.278717 0.350824 0.109475 0.028257 0.000000 0.008322 
iteration  6
00:   0.180377 0.350866 0.094161 0.025643 0.000000 0.006844 
01:   0.180839 0.350873 0.094290 0.025651 0.000000 0.006736 
02:   0.180485 0.350867 0.094193 0.025643 0.000000 0.006735 
03:   0.179914 0.350874 0.094345 0.025659 0.000000 0.006757 
04:   0.181506 0.350872 0.093642 0.025651 0.000000 0.006730 
05:   0.180781 0.350876 0.093437 0.025648 0.000000 0.006709 
06:   0.180154 0.350945 0.104061 0.025644 0.000000 0.006768 
07:   0.178871 0.350949 0.103984 0.025653 0.000000 0.006727 
iteration  7
00:   0.116692 0.348899 0.093760 0.024529 0.000000 0.006343 
01:   0.117260 0.348901 0.093673 0.024535 0.000000 0.006324 
02:   0.115879 0.348900 0.093741 0.024517 0.000000 0.006291 
03:   0.117483 0.348899 0.093523 0.024523 0.000000 0.006301 
04:   0.118943 0.348901 0.093223 0.024529 0.000000 0.006281 
05:   0.118737 0.348903 0.092770 0.024531 0.000000 0.006259 
06:   0.118333 0.348917 0.102557 0.024526 0.000000 0.006274 
07:   0.114519 0.348916 0.102436 0.024532 0.000000 0.006301 
iteration  8
00:   0.079586 0.350007 0.093071 0.024135 0.000000 0.006246 
01:   0.084019 0.350007 0.092993 0.024141 0.000000 0.006241 
02:   0.077905 0.350003 0.092791 0.024137 0.000000 0.006181 
03:   0.083111 0.350006 0.092578 0.024140 0.000000 0.006162 
04:   0.081178 0.350005 0.092377 0.024135 0.000000 0.006197 
05:   0.082051 0.350006 0.092208 0.024129 0.000000 0.006161 
06:   0.081512 0.350009 0.101411 0.024143 0.000000 0.006182 
07:   0.078150 0.350008 0.101215 0.024131 0.000000 0.006192 
iteration  9
00:   0.057598 0.349315 0.092963 0.023835 0.000000 0.006216 
01:   0.067549 0.349316 0.092936 0.023829 0.000000 0.006154 
02:   0.060537 0.349314 0.092609 0.023834 0.000000 0.006113 
03:   0.060337 0.349315 0.092615 0.023836 0.000000 0.006112 
04:   0.060898 0.349315 0.092225 0.023835 0.000000 0.006103 
05:   0.066180 0.349315 0.092331 0.023828 0.000000 0.006080 
06:   0.061603 0.349315 0.101663 0.023830 0.000000 0.006114 
07:   0.057720 0.349316 0.101583 0.023839 0.000000 0.006099 
iteration 10
00:   0.049151 0.349423 0.093760 0.024074 0.000000 0.006114 
01:   0.053565 0.349423 0.093333 0.024075 0.000000 0.006109 
02:   0.057896 0.349424 0.093127 0.024077 0.000000 0.006098 
03:   0.049374 0.349423 0.093093 0.024067 0.000000 0.006080 
04:   0.048463 0.349423 0.093063 0.024074 0.000000 0.006101 
05:   0.053762 0.349423 0.092677 0.024073 0.000000 0.006078 
06:   0.043405 0.349423 0.101767 0.024070 0.000000 0.006069 
07:   0.054247 0.349424 0.101683 0.024079 0.000000 0.006104 
iteration 11
00:   0.036136 0.350114 0.093435 0.024411 0.000000 0.006144 
01:   0.053780 0.350115 0.093307 0.024415 0.000000 0.006131 
02:   0.045510 0.350114 0.093097 0.024409 0.000000 0.006147 
03:   0.051713 0.350115 0.092794 0.024411 0.000000 0.006143 
04:   0.041747 0.350115 0.092716 0.024410 0.000000 0.006060 
05:   0.048528 0.350115 0.092433 0.024414 0.000000 0.006078 
06:   0.048029 0.350114 0.101026 0.024406 0.000000 0.006066 
07:   0.039944 0.350114 0.100859 0.024416 0.000000 0.006090 
iteration 12
00:   0.035608 0.349634 0.093086 0.024535 0.000000 0.006134 
01:   0.045200 0.349634 0.092977 0.024526 0.000000 0.006099 
02:   0.035537 0.349634 0.092861 0.024525 0.000000 0.006083 
03:   0.035494 0.349634 0.092717 0.024524 0.000000 0.006084 
04:   0.056704 0.349635 0.092419 0.024535 0.000000 0.006053 
05:   0.035382 0.349634 0.092352 0.024531 0.000000 0.006064 
06:   0.042982 0.349634 0.101160 0.024537 0.000000 0.006056 
07:   0.045215 0.349634 0.101006 0.024538 0.000000 0.006055 
iteration 13
00:   0.041101 0.349351 0.092956 0.009508 0.000000 0.006138 
01:   0.056879 0.349351 0.092765 0.009517 0.000000 0.006129 
02:   0.041066 0.349351 0.092652 0.009518 0.000000 0.006078 
03:   0.041081 0.349351 0.092219 0.009511 0.000000 0.006081 
04:   0.040945 0.349351 0.092123 0.009512 0.000000 0.006117 
05:   0.040977 0.349350 0.091965 0.009519 0.000000 0.006045 
06:   0.041065 0.349351 0.102143 0.009518 0.000000 0.006078 
07:   0.040831 0.349351 0.102056 0.009518 0.000000 0.006112 
/nethome/kalgin/z/mst/run.xeon.sh: line 46: 12247 Killed                  ./turbobust_stub.out $i 16
threadsCount = 16
loopsCount = 0
Done
iterationNumber = 0
iterationNumber = 1
iterationNumber = 2
iterationNumber = 3
iterationNumber = 4
iterationNumber = 5
iterationNumber = 6
iterationNumber = 7
iterationNumber = 8
iterationNumber = 9
iterationNumber = 10
iterationNumber = 11
iterationNumber = 12
iterationNumber = 13
7.378
15.310
iteration  0
00:   0.175384 1.438616 1.483547 0.017833 0.000000 0.069971 
01:   0.175392 1.436507 1.625721 0.017803 0.000000 0.067290 
02:   0.176605 1.436439 1.633149 0.017816 0.000000 0.070527 
03:   0.176310 1.436659 1.632067 0.017808 0.000000 0.066820 
04:   0.175271 1.437040 1.636917 0.017787 0.000000 0.071075 
05:   0.174041 1.436132 1.637058 0.017799 0.000000 0.066815 
06:   0.173895 1.437070 1.639650 0.017816 0.000000 0.070476 
07:   0.174731 1.437008 1.642585 0.017782 0.000000 0.070642 
08:   0.144971 1.353821 1.533878 0.017803 0.000000 0.072017 
09:   0.143904 1.352996 1.521845 0.017784 0.000000 0.068902 
10:   0.145216 1.353027 1.530535 0.017830 0.000000 0.071668 
11:   0.145490 1.354260 1.563133 0.017832 0.000000 0.068430 
12:   0.143460 1.356310 1.571570 0.017831 0.000000 0.068177 
13:   0.144133 1.354103 1.549771 0.017829 0.000000 0.068691 
14:   0.145233 1.353059 1.546427 0.017795 0.000000 0.070995 
15:   0.145329 1.354105 1.552925 0.017791 0.000000 0.068125 
iteration  1
00:   0.348520 0.813437 0.538852 0.043616 0.000000 0.076927 
01:   0.339306 0.813309 0.536817 0.043614 0.000000 0.072766 
02:   0.352330 0.813137 0.538686 0.043612 0.000000 0.076924 
03:   0.336609 0.813441 0.536423 0.043622 0.000000 0.072368 
04:   0.355854 0.813261 0.540363 0.043636 0.000000 0.078174 
05:   0.334195 0.813200 0.538514 0.043614 0.000000 0.072354 
06:   0.354611 0.813179 0.538448 0.043618 0.000000 0.078269 
07:   0.352313 0.812975 0.538343 0.043613 0.000000 0.077266 
08:   0.354738 0.778626 0.485342 0.043598 0.000000 0.079791 
09:   0.330776 0.778471 0.478152 0.043615 0.000000 0.073974 
10:   0.352759 0.778562 0.480793 0.043611 0.000000 0.079488 
11:   0.332259 0.782295 0.493278 0.043623 0.000000 0.073246 
12:   0.323354 0.783993 0.496018 0.043625 0.000000 0.073768 
13:   0.331697 0.781432 0.488086 0.043635 0.000000 0.074311 
14:   0.352721 0.780571 0.488578 0.043645 0.000000 0.079109 
15:   0.317157 0.782262 0.489690 0.043629 0.000000 0.073554 
iteration  2
00:   0.417940 0.602610 0.235486 0.035318 0.000000 0.036411 
01:   0.393285 0.602638 0.234184 0.035280 0.000000 0.034419 
02:   0.421544 0.602534 0.235369 0.035305 0.000000 0.036542 
03:   0.388950 0.602629 0.233801 0.035288 0.000000 0.034170 
04:   0.429843 0.602631 0.236803 0.035316 0.000000 0.037246 
05:   0.388881 0.602622 0.233753 0.035312 0.000000 0.034336 
06:   0.427592 0.602522 0.234436 0.035309 0.000000 0.037477 
07:   0.422510 0.602452 0.234339 0.035280 0.000000 0.036862 
08:   0.441175 0.593045 0.194526 0.035323 0.000000 0.038417 
09:   0.405329 0.593053 0.192305 0.035282 0.000000 0.034965 
10:   0.440258 0.593069 0.193114 0.035292 0.000000 0.038380 
11:   0.405883 0.594062 0.196787 0.035317 0.000000 0.034640 
12:   0.397529 0.594608 0.198089 0.035286 0.000000 0.034963 
13:   0.407276 0.593949 0.194834 0.035297 0.000000 0.035385 
14:   0.438725 0.593633 0.195399 0.035293 0.000000 0.038142 
15:   0.385915 0.594124 0.194642 0.035291 0.000000 0.035227 
iteration  3
00:   0.316975 0.537907 0.161962 0.029436 0.000000 0.014806 
01:   0.302892 0.537889 0.160530 0.029462 0.000000 0.013814 
02:   0.319208 0.537873 0.160841 0.029443 0.000000 0.014864 
03:   0.299529 0.537905 0.160215 0.029432 0.000000 0.013770 
04:   0.325452 0.537901 0.161856 0.029430 0.000000 0.015071 
05:   0.299370 0.537886 0.160070 0.029461 0.000000 0.013827 
06:   0.324219 0.537881 0.159891 0.029425 0.000000 0.015285 
07:   0.320913 0.537861 0.159871 0.029435 0.000000 0.014981 
08:   0.335490 0.535412 0.102113 0.029468 0.000000 0.014501 
09:   0.305776 0.535421 0.101449 0.029473 0.000000 0.013656 
10:   0.334048 0.535379 0.101276 0.029493 0.000000 0.014501 
11:   0.308618 0.535709 0.102799 0.029458 0.000000 0.013395 
12:   0.302944 0.535922 0.102442 0.029450 0.000000 0.013469 
13:   0.311164 0.535758 0.101117 0.029460 0.000000 0.013688 
14:   0.333551 0.535641 0.101964 0.029491 0.000000 0.014419 
15:   0.296515 0.535752 0.100800 0.029474 0.000000 0.013783 
iteration  4
00:   0.216362 0.521703 0.145611 0.024426 0.000000 0.008907 
01:   0.207613 0.521726 0.145138 0.024409 0.000000 0.008510 
02:   0.218127 0.521710 0.145195 0.024444 0.000000 0.008941 
03:   0.204160 0.521727 0.144738 0.024408 0.000000 0.008460 
04:   0.223154 0.521705 0.145424 0.024426 0.000000 0.008957 
05:   0.204986 0.521713 0.144897 0.024429 0.000000 0.008430 
06:   0.222369 0.521713 0.145012 0.024399 0.000000 0.009048 
07:   0.219956 0.521711 0.144608 0.024421 0.000000 0.008963 
08:   0.232853 0.521059 0.075038 0.024432 0.000000 0.006906 
09:   0.210854 0.521097 0.074724 0.024422 0.000000 0.006831 
10:   0.231345 0.521089 0.075107 0.024457 0.000000 0.006856 
11:   0.211750 0.521211 0.074310 0.024427 0.000000 0.006685 
12:   0.207581 0.521291 0.073346 0.024437 0.000000 0.006627 
13:   0.214378 0.521230 0.073944 0.024449 0.000000 0.006785 
14:   0.231248 0.521182 0.074266 0.024418 0.000000 0.006886 
15:   0.203824 0.521237 0.073823 0.024428 0.000000 0.006845 
iteration  5
00:   0.141578 0.518451 0.142083 0.022526 0.000000 0.007798 
01:   0.135456 0.518453 0.142028 0.022483 0.000000 0.007620 
02:   0.142125 0.518443 0.141781 0.022503 0.000000 0.007731 
03:   0.133994 0.518453 0.141345 0.022490 0.000000 0.007581 
04:   0.146001 0.518452 0.141895 0.022499 0.000000 0.007703 
05:   0.134078 0.518447 0.141531 0.022500 0.000000 0.007535 
06:   0.145506 0.518445 0.141254 0.022510 0.000000 0.007812 
07:   0.145081 0.518452 0.141424 0.022486 0.000000 0.007739 
08:   0.154527 0.518271 0.068049 0.022488 0.000000 0.004835 
09:   0.138015 0.518310 0.068153 0.022549 0.000000 0.004845 
10:   0.153524 0.518315 0.067824 0.022523 0.000000 0.004834 
11:   0.138870 0.518307 0.066469 0.022511 0.000000 0.004747 
12:   0.135624 0.518342 0.065233 0.022525 0.000000 0.004639 
13:   0.142334 0.518336 0.066839 0.022501 0.000000 0.004743 
14:   0.152808 0.518305 0.067174 0.022488 0.000000 0.004784 
15:   0.133670 0.518324 0.066161 0.022506 0.000000 0.004822 
iteration  6
00:   0.092266 0.517821 0.141166 0.021856 0.000000 0.007605 
01:   0.087036 0.517815 0.141101 0.021838 0.000000 0.007462 
02:   0.091853 0.517823 0.140887 0.021857 0.000000 0.007511 
03:   0.087780 0.517818 0.140798 0.021824 0.000000 0.007433 
04:   0.093257 0.517817 0.140898 0.021835 0.000000 0.007511 
05:   0.088335 0.517821 0.140662 0.021843 0.000000 0.007437 
06:   0.093691 0.517823 0.140538 0.021827 0.000000 0.007522 
07:   0.093600 0.517821 0.140569 0.021824 0.000000 0.007511 
08:   0.100237 0.517774 0.066201 0.021860 0.000000 0.004180 
09:   0.089749 0.517783 0.066512 0.021839 0.000000 0.004154 
10:   0.100188 0.517787 0.066012 0.021838 0.000000 0.004190 
11:   0.089044 0.517780 0.064704 0.021836 0.000000 0.004095 
12:   0.086652 0.517788 0.063736 0.021852 0.000000 0.004074 
13:   0.092692 0.517795 0.064606 0.021831 0.000000 0.004096 
14:   0.099188 0.517786 0.065134 0.021839 0.000000 0.004132 
15:   0.085358 0.517790 0.064474 0.021843 0.000000 0.004199 
iteration  7
00:   0.060897 0.517629 0.140011 0.021275 0.000000 0.007399 
01:   0.057589 0.517627 0.140001 0.021306 0.000000 0.007414 
02:   0.060087 0.517630 0.139775 0.021257 0.000000 0.007421 
03:   0.058873 0.517628 0.139721 0.021269 0.000000 0.007330 
04:   0.059547 0.517627 0.139475 0.021320 0.000000 0.007311 
05:   0.058967 0.517628 0.139724 0.021293 0.000000 0.007374 
06:   0.061600 0.517627 0.139541 0.021285 0.000000 0.007421 
07:   0.061443 0.517628 0.139469 0.021271 0.000000 0.007361 
08:   0.066451 0.517616 0.066232 0.021266 0.000000 0.004008 
09:   0.059434 0.517617 0.066039 0.021316 0.000000 0.004036 
10:   0.065993 0.517621 0.065792 0.021296 0.000000 0.004032 
11:   0.059046 0.517621 0.064491 0.021276 0.000000 0.003944 
12:   0.056517 0.517620 0.063462 0.021285 0.000000 0.003902 
13:   0.061642 0.517622 0.064452 0.021294 0.000000 0.003914 
14:   0.063495 0.517621 0.065088 0.021293 0.000000 0.004028 
15:   0.055690 0.517621 0.064143 0.021322 0.000000 0.004034 
iteration  8
00:   0.040438 0.518432 0.141646 0.021097 0.000000 0.007442 
01:   0.041588 0.518433 0.141565 0.021125 0.000000 0.007409 
02:   0.043863 0.518434 0.141337 0.021120 0.000000 0.007415 
03:   0.042047 0.518431 0.141478 0.021104 0.000000 0.007394 
04:   0.035361 0.518429 0.141301 0.021108 0.000000 0.007369 
05:   0.044025 0.518432 0.141061 0.021116 0.000000 0.007361 
06:   0.044109 0.518432 0.141110 0.021105 0.000000 0.007428 
07:   0.042185 0.518433 0.141051 0.021104 0.000000 0.007380 
08:   0.044524 0.518430 0.065431 0.021112 0.000000 0.003997 
09:   0.041156 0.518430 0.065436 0.021140 0.000000 0.004003 
10:   0.045339 0.518432 0.065466 0.021113 0.000000 0.003964 
11:   0.041323 0.518431 0.064295 0.021136 0.000000 0.003910 
12:   0.035945 0.518431 0.063000 0.021149 0.000000 0.003878 
13:   0.044752 0.518434 0.064323 0.021116 0.000000 0.003909 
14:   0.042444 0.518430 0.064336 0.021147 0.000000 0.003946 
15:   0.039098 0.518433 0.063445 0.021103 0.000000 0.003968 
iteration  9
00:   0.033010 0.518291 0.140494 0.020806 0.000000 0.007445 
01:   0.024071 0.518291 0.140403 0.020794 0.000000 0.007421 
02:   0.029141 0.518291 0.140279 0.020808 0.000000 0.007411 
03:   0.038124 0.518293 0.140274 0.020784 0.000000 0.007397 
04:   0.025153 0.518290 0.139958 0.020757 0.000000 0.007376 
05:   0.034205 0.518292 0.140143 0.020797 0.000000 0.007337 
06:   0.031083 0.518291 0.140110 0.020789 0.000000 0.007407 
07:   0.029404 0.518291 0.139935 0.020800 0.000000 0.007366 
08:   0.029342 0.518291 0.066055 0.020795 0.000000 0.003883 
09:   0.034863 0.518291 0.065630 0.020801 0.000000 0.003993 
10:   0.035364 0.518290 0.065608 0.020800 0.000000 0.003891 
11:   0.032657 0.518291 0.064487 0.020779 0.000000 0.003882 
12:   0.028421 0.518290 0.062966 0.020809 0.000000 0.003816 
13:   0.032784 0.518291 0.063963 0.020801 0.000000 0.003858 
14:   0.029858 0.518290 0.064494 0.020803 0.000000 0.003909 
15:   0.029177 0.518291 0.063628 0.020796 0.000000 0.003913 
iteration 10
00:   0.026753 0.517508 0.141232 0.021340 0.000000 0.007386 
01:   0.018779 0.517508 0.140878 0.021336 0.000000 0.007361 
02:   0.024736 0.517508 0.140796 0.021337 0.000000 0.007353 
03:   0.026280 0.517507 0.140834 0.021326 0.000000 0.007339 
04:   0.033271 0.517509 0.140587 0.021334 0.000000 0.007283 
05:   0.020302 0.517507 0.140575 0.021320 0.000000 0.007340 
06:   0.017177 0.517508 0.140505 0.021328 0.000000 0.007332 
07:   0.026810 0.517508 0.140330 0.021311 0.000000 0.007311 
08:   0.014018 0.517507 0.065769 0.021354 0.000000 0.003931 
09:   0.030546 0.517509 0.065385 0.021325 0.000000 0.003964 
10:   0.020359 0.517507 0.065145 0.021346 0.000000 0.003962 
11:   0.030688 0.517508 0.063857 0.021344 0.000000 0.003919 
12:   0.019978 0.517508 0.063126 0.021348 0.000000 0.003873 
13:   0.022884 0.517508 0.063480 0.021353 0.000000 0.003865 
14:   0.025537 0.517508 0.064476 0.021355 0.000000 0.003937 
15:   0.027007 0.517508 0.063463 0.021349 0.000000 0.003941 
iteration 11
00:   0.010158 0.517395 0.141915 0.020646 0.000000 0.007418 
01:   0.015707 0.517394 0.141521 0.020662 0.000000 0.007404 
02:   0.020623 0.517394 0.141562 0.020670 0.000000 0.007418 
03:   0.027181 0.517396 0.141408 0.020652 0.000000 0.007369 
04:   0.015605 0.517394 0.141459 0.020684 0.000000 0.007353 
05:   0.020897 0.517394 0.141235 0.020679 0.000000 0.007372 
06:   0.024920 0.517395 0.141128 0.020659 0.000000 0.007388 
07:   0.019758 0.517395 0.141149 0.020655 0.000000 0.007389 
08:   0.025430 0.517395 0.065854 0.020713 0.000000 0.003960 
09:   0.014824 0.517394 0.066016 0.020715 0.000000 0.004004 
10:   0.021093 0.517394 0.065574 0.020675 0.000000 0.003934 
11:   0.025232 0.517395 0.064189 0.020663 0.000000 0.003890 
12:   0.015458 0.517394 0.062708 0.020699 0.000000 0.003847 
13:   0.029335 0.517395 0.063771 0.020661 0.000000 0.003874 
14:   0.014975 0.517394 0.064315 0.020673 0.000000 0.003966 
15:   0.022508 0.517395 0.063635 0.020676 0.000000 0.003965 
iteration 12
00:   0.015844 0.516838 0.140113 0.021633 0.000000 0.007425 
01:   0.015896 0.516837 0.139946 0.021571 0.000000 0.007437 
02:   0.027289 0.516839 0.139893 0.021579 0.000000 0.007379 
03:   0.015832 0.516837 0.139861 0.021575 0.000000 0.007364 
04:   0.015919 0.516837 0.139851 0.021608 0.000000 0.007354 
05:   0.015555 0.516837 0.139663 0.021590 0.000000 0.007384 
06:   0.015651 0.516837 0.139678 0.021606 0.000000 0.007383 
07:   0.015700 0.516837 0.139441 0.021601 0.000000 0.007381 
08:   0.040669 0.516839 0.065430 0.021617 0.000000 0.003954 
09:   0.017353 0.516837 0.065143 0.021601 0.000000 0.004018 
10:   0.017382 0.516837 0.065187 0.021597 0.000000 0.003935 
11:   0.018401 0.516837 0.064344 0.021585 0.000000 0.003913 
12:   0.017910 0.516837 0.062612 0.021593 0.000000 0.003838 
13:   0.025009 0.516837 0.063612 0.021610 0.000000 0.003884 
14:   0.017976 0.516837 0.063965 0.021593 0.000000 0.003956 
15:   0.026581 0.516837 0.063370 0.021618 0.000000 0.003967 
iteration 13
00:   0.016413 0.522438 0.139947 0.007215 0.000000 0.007351 
01:   0.016424 0.522438 0.139796 0.007204 0.000000 0.007351 
02:   0.036383 0.522438 0.139834 0.007214 0.000000 0.007353 
03:   0.016354 0.522438 0.139607 0.007215 0.000000 0.007318 
04:   0.016386 0.522437 0.139606 0.007214 0.000000 0.007307 
05:   0.016179 0.522437 0.139580 0.007200 0.000000 0.007297 
06:   0.016200 0.522437 0.139407 0.007213 0.000000 0.007327 
07:   0.016281 0.522437 0.139353 0.007208 0.000000 0.007349 
08:   0.019748 0.522438 0.065439 0.007190 0.000000 0.003929 
09:   0.018465 0.522438 0.065486 0.007170 0.000000 0.003928 
10:   0.018646 0.522438 0.065285 0.007188 0.000000 0.003938 
11:   0.019821 0.522438 0.064086 0.007192 0.000000 0.003854 
12:   0.019074 0.522438 0.062883 0.007188 0.000000 0.003835 
13:   0.018454 0.522438 0.063582 0.007192 0.000000 0.003847 
14:   0.019126 0.522438 0.064303 0.007190 0.000000 0.003944 
15:   0.019342 0.522438 0.063502 0.007191 0.000000 0.003953 
/nethome/kalgin/z/mst/run.xeon.sh: line 46: 12265 Killed                  ./turbobust_stub.out $i 16
/nethome/kalgin/z/mst/run.xeon.sh: line 46: 12285 Segmentation fault      (core dumped) ./turbobust_stub.out $i 16
/nethome/kalgin/z/mst/run.xeon.sh: line 61: kill: (12285) - No such process
ls: cannot access /tmp/data.bin: No such file or directory
ls: cannot access /tmp/data.bin: No such file or directory
