threadsCount = 16
loopsCount = 0
30.463
46.831
threadsCount = 1
loopsCount = 0
Done
iterationNumber = 0
iterationNumber = 1
iterationNumber = 2
iterationNumber = 3
iterationNumber = 4
iterationNumber = 5
iterationNumber = 6
iterationNumber = 7
iterationNumber = 8
iterationNumber = 9
iterationNumber = 10
iterationNumber = 11
iterationNumber = 12
iterationNumber = 13
iterationNumber = 14
12.955
99.551
iteration  0
00:   3.027216 6.811072 15.109289 0.277481 2.324168 6.332493 
iteration  1
00:   1.938365 4.463405 6.589531 0.637133 1.195239 5.324912 
iteration  2
00:   1.039859 2.151530 2.518099 0.493965 0.586449 2.904921 
iteration  3
00:   0.631203 1.475434 1.165952 0.385270 0.285632 1.446543 
iteration  4
00:   0.499334 1.279311 0.757516 0.299095 0.185038 0.812644 
iteration  5
00:   0.385284 1.206883 0.643762 0.258286 0.165026 0.536642 
iteration  6
00:   0.305879 1.192293 0.611358 0.240331 0.160292 0.397616 
iteration  7
00:   0.231974 1.186882 0.603373 0.231590 0.159254 0.318970 
iteration  8
00:   0.187548 1.183881 0.599120 0.228010 0.159086 0.272964 
iteration  9
00:   0.154661 1.184780 0.599377 0.221925 0.159313 0.246297 
iteration 10
00:   0.140982 1.188625 0.599557 0.219313 0.159395 0.231563 
iteration 11
00:   0.130906 1.189625 0.599845 0.218025 0.159398 0.223476 
iteration 12
00:   0.126863 1.187941 0.599515 0.225350 0.159490 0.215253 
iteration 13
00:   0.122454 1.186130 0.598317 0.218331 0.159391 0.211549 
iteration 14
00:   0.120366 1.188877 0.599763 0.086232 0.159447 0.209402 
threadsCount = 2
loopsCount = 0
Done
iterationNumber = 0
iterationNumber = 1
iterationNumber = 2
iterationNumber = 3
iterationNumber = 4
iterationNumber = 5
iterationNumber = 6
iterationNumber = 7
iterationNumber = 8
iterationNumber = 9
iterationNumber = 10
iterationNumber = 11
iterationNumber = 12
iterationNumber = 13
iterationNumber = 14
9.521
66.281
iteration  0
00:   1.517101 3.547537 7.936429 0.277786 8.638451 3.628538 
01:   1.516814 3.797930 8.504065 0.277587 8.638477 3.639637 
iteration  1
00:   0.969962 2.324510 3.391795 0.412349 2.892095 3.088804 
01:   0.968680 2.445648 3.554009 0.412220 2.892099 3.092728 
iteration  2
00:   0.521870 1.160275 1.280224 0.324584 0.692486 1.697567 
01:   0.521659 1.193890 1.368926 0.324403 0.692487 1.701020 
iteration  3
00:   0.319884 0.825321 0.578488 0.253661 0.199560 0.865508 
01:   0.319708 0.834164 0.642835 0.252527 0.199559 0.867169 
iteration  4
00:   0.256158 0.723381 0.366055 0.198553 0.113050 0.490462 
01:   0.256527 0.725919 0.421805 0.198581 0.113053 0.491568 
iteration  5
00:   0.201509 0.684738 0.308010 0.175140 0.095420 0.328774 
01:   0.202782 0.685376 0.360243 0.174802 0.095423 0.329772 
iteration  6
00:   0.162818 0.677698 0.292170 0.165061 0.092104 0.242169 
01:   0.163512 0.677879 0.340220 0.165105 0.092106 0.245042 
iteration  7
00:   0.128679 0.676347 0.287944 0.160534 0.089899 0.188805 
01:   0.130447 0.676392 0.335896 0.160354 0.089902 0.192388 
iteration  8
00:   0.101100 0.675835 0.286347 0.158569 0.090097 0.161957 
01:   0.103602 0.675848 0.334206 0.158375 0.090100 0.165639 
iteration  9
00:   0.086847 0.675394 0.285412 0.157269 0.091976 0.147295 
01:   0.088862 0.675398 0.333227 0.156042 0.091975 0.147230 
iteration 10
00:   0.082472 0.675523 0.285400 0.154909 0.090468 0.139145 
01:   0.082429 0.675524 0.333305 0.155623 0.090466 0.140121 
iteration 11
00:   0.077744 0.675867 0.285387 0.159296 0.092378 0.134958 
01:   0.078860 0.675867 0.333247 0.152345 0.092377 0.132817 
iteration 12
00:   0.077076 0.676141 0.285557 0.115505 0.090149 0.131118 
01:   0.076695 0.676141 0.336363 0.106880 0.090156 0.129772 
iteration 13
00:   0.073921 0.675950 0.285302 0.091859 0.090506 0.128626 
01:   0.073865 0.675950 0.332783 0.100864 0.090509 0.127666 
iteration 14
00:   0.074089 0.675632 0.285738 0.043204 0.090426 0.127687 
01:   0.073925 0.675632 0.333040 0.043118 0.090424 0.127849 
/nethome/kalgin/z/mst/run.xeon.sh: line 46: 152744 Killed                  ./turbobust_stub.out $i 16
threadsCount = 4
loopsCount = 0
Done
iterationNumber = 0
iterationNumber = 1
iterationNumber = 2
iterationNumber = 3
iterationNumber = 4
iterationNumber = 5
iterationNumber = 6
iterationNumber = 7
iterationNumber = 8
iterationNumber = 9
iterationNumber = 10
iterationNumber = 11
iterationNumber = 12
iterationNumber = 13
iterationNumber = 14
8.186
50.951
iteration  0
00:   0.821030 2.034161 4.270312 0.139623 13.074113 2.788655 
01:   0.819742 2.075699 4.428622 0.139238 13.074156 2.787588 
02:   0.817946 2.143574 4.555026 0.139222 13.074153 2.787132 
03:   0.818526 2.218612 4.681074 0.139291 13.074117 2.786547 
iteration  1
00:   0.516559 1.319264 1.790236 0.207949 3.648739 1.954392 
01:   0.515375 1.338091 1.806871 0.207247 3.648755 1.958340 
02:   0.515011 1.372620 1.855997 0.207302 3.648764 1.955233 
03:   0.514630 1.405146 1.899105 0.207516 3.648741 1.953966 
iteration  2
00:   0.313695 0.716480 0.679617 0.164204 0.900034 1.055702 
01:   0.313067 0.721532 0.692471 0.163563 0.900045 1.055290 
02:   0.312355 0.731097 0.713673 0.163453 0.900051 1.055188 
03:   0.312254 0.739938 0.732795 0.163304 0.900039 1.055872 
iteration  3
00:   0.212987 0.537728 0.304731 0.128060 0.213724 0.558147 
01:   0.212678 0.539031 0.315668 0.127878 0.213735 0.557782 
02:   0.212195 0.541592 0.329914 0.127611 0.213739 0.558052 
03:   0.211601 0.543886 0.343651 0.127701 0.213729 0.556537 
iteration  4
00:   0.166526 0.488908 0.191135 0.100171 0.084981 0.337718 
01:   0.165906 0.489311 0.200674 0.100228 0.084965 0.337454 
02:   0.166016 0.490055 0.212295 0.100396 0.084985 0.337427 
03:   0.165416 0.490739 0.226336 0.100205 0.084981 0.336673 
iteration  5
00:   0.130269 0.477049 0.159606 0.088482 0.076844 0.233911 
01:   0.129846 0.477122 0.168354 0.088318 0.076874 0.233213 
02:   0.130057 0.477334 0.180392 0.088422 0.076856 0.233025 
03:   0.130653 0.477507 0.193767 0.088051 0.076872 0.232173 
iteration  6
00:   0.104542 0.474929 0.149481 0.083365 0.074884 0.174344 
01:   0.104515 0.474948 0.158044 0.083319 0.074879 0.174696 
02:   0.104782 0.475005 0.170856 0.083362 0.074903 0.176019 
03:   0.103328 0.475042 0.183591 0.083001 0.074902 0.174897 
iteration  7
00:   0.088533 0.471729 0.147262 0.081036 0.074215 0.136755 
01:   0.088242 0.471737 0.155670 0.081543 0.074200 0.137588 
02:   0.088658 0.471749 0.168299 0.081527 0.074216 0.137475 
03:   0.088788 0.471759 0.181072 0.080578 0.074216 0.137522 
iteration  8
00:   0.079831 0.473430 0.145461 0.080204 0.074876 0.116825 
01:   0.079918 0.473435 0.154109 0.081060 0.074877 0.115015 
02:   0.079565 0.473436 0.167108 0.080234 0.074873 0.116203 
03:   0.080058 0.473441 0.180047 0.079946 0.074876 0.116322 
iteration  9
00:   0.075663 0.472312 0.145878 0.079137 0.074584 0.105635 
01:   0.075139 0.472312 0.154324 0.080287 0.074573 0.103852 
02:   0.075178 0.472314 0.166864 0.081307 0.074558 0.106994 
03:   0.075401 0.472315 0.179809 0.077996 0.074584 0.104301 
iteration 10
00:   0.073174 0.471380 0.145481 0.082616 0.074540 0.095780 
01:   0.072199 0.471379 0.154038 0.078016 0.074540 0.100309 
02:   0.073348 0.471381 0.166649 0.079478 0.074537 0.097416 
03:   0.072463 0.471380 0.179695 0.079139 0.074540 0.098400 
iteration 11
00:   0.071560 0.472438 0.146023 0.077625 0.075841 0.093108 
01:   0.072833 0.472439 0.154583 0.079324 0.075824 0.097942 
02:   0.071665 0.472439 0.166659 0.078255 0.075841 0.093824 
03:   0.070859 0.472438 0.179794 0.079517 0.075841 0.094563 
iteration 12
00:   0.070419 0.473205 0.145609 0.076658 0.073432 0.093032 
01:   0.071290 0.473206 0.154075 0.081318 0.073414 0.089846 
02:   0.069932 0.473206 0.166650 0.077947 0.073433 0.089599 
03:   0.070178 0.473205 0.179518 0.078394 0.073433 0.092212 
iteration 13
00:   0.070732 0.473876 0.145536 0.043761 0.075773 0.091090 
01:   0.069486 0.473876 0.154088 0.048727 0.075791 0.089931 
02:   0.069405 0.473876 0.166985 0.051695 0.075790 0.089711 
03:   0.069991 0.473876 0.180155 0.049734 0.075791 0.089689 
iteration 14
00:   0.070659 0.472936 0.145164 0.021742 0.075645 0.089912 
01:   0.070338 0.472936 0.153645 0.021689 0.075645 0.090594 
02:   0.069921 0.472936 0.166672 0.021666 0.075629 0.090171 
03:   0.070059 0.472936 0.179694 0.021696 0.075646 0.089711 
/nethome/kalgin/z/mst/run.xeon.sh: line 46: 152763 Killed                  ./turbobust_stub.out $i 16
threadsCount = 8
loopsCount = 0
Done
iterationNumber = 0
iterationNumber = 1
iterationNumber = 2
iterationNumber = 3
iterationNumber = 4
iterationNumber = 5
iterationNumber = 6
iterationNumber = 7
iterationNumber = 8
iterationNumber = 9
iterationNumber = 10
iterationNumber = 11
iterationNumber = 12
iterationNumber = 13
iterationNumber = 14
7.948
44.370
iteration  0
00:   0.703551 1.387960 2.469956 0.070826 13.406566 2.989672 
01:   0.707311 1.387933 2.546205 0.070818 13.406596 2.988287 
02:   0.706442 1.387090 2.547032 0.070823 13.406601 2.987557 
03:   0.706041 1.423408 2.614513 0.070824 13.406602 2.984681 
04:   0.706277 1.429976 2.627942 0.070815 13.406605 2.984484 
05:   0.706423 1.427717 2.619260 0.070821 13.406617 2.987674 
06:   0.705893 1.441079 2.647601 0.070821 13.406628 2.988026 
07:   0.706087 1.531082 2.804801 0.070810 13.406597 2.986658 
iteration  1
00:   0.440135 0.850356 0.986327 0.105495 3.760939 1.867084 
01:   0.439791 0.850282 0.988875 0.105481 3.760972 1.874772 
02:   0.439437 0.850397 0.988925 0.105497 3.760968 1.867272 
03:   0.438399 0.866562 1.010370 0.105498 3.760969 1.866544 
04:   0.438652 0.870001 1.015521 0.105491 3.760981 1.865347 
05:   0.438476 0.868079 1.012799 0.105497 3.760980 1.866088 
06:   0.437934 0.874733 1.021838 0.105494 3.760985 1.865060 
07:   0.438184 0.915368 1.078183 0.105492 3.760943 1.863652 
iteration  2
00:   0.291674 0.504750 0.354763 0.083602 0.966049 1.016160 
01:   0.292811 0.504693 0.358868 0.083594 0.966066 1.016312 
02:   0.291407 0.504752 0.358930 0.083605 0.966064 1.016808 
03:   0.291100 0.509058 0.369388 0.083608 0.966069 1.015662 
04:   0.290954 0.510106 0.371474 0.083608 0.966075 1.015567 
05:   0.290784 0.509572 0.370585 0.083596 0.966078 1.014369 
06:   0.289993 0.511344 0.374057 0.083594 0.966077 1.014740 
07:   0.290613 0.522432 0.399523 0.083595 0.966059 1.013423 
iteration  3
00:   0.202553 0.411229 0.163628 0.065963 0.253015 0.579210 
01:   0.202784 0.411213 0.164940 0.065972 0.253024 0.580212 
02:   0.203684 0.411246 0.164512 0.065972 0.253027 0.580410 
03:   0.202302 0.412325 0.171739 0.065974 0.253028 0.579380 
04:   0.201991 0.412682 0.173605 0.065959 0.253034 0.579189 
05:   0.201690 0.412556 0.173105 0.065972 0.253035 0.579339 
06:   0.201299 0.413013 0.174768 0.065968 0.253038 0.579945 
07:   0.201241 0.415858 0.192329 0.065962 0.253022 0.578367 
iteration  4
00:   0.146057 0.389731 0.107604 0.051853 0.079691 0.362438 
01:   0.146253 0.389698 0.107291 0.051855 0.079693 0.362303 
02:   0.146261 0.389726 0.107724 0.051849 0.079695 0.364584 
03:   0.145544 0.390045 0.114450 0.051840 0.079693 0.363285 
04:   0.145855 0.390141 0.115914 0.051848 0.079697 0.364278 
05:   0.145715 0.390131 0.115101 0.051846 0.079695 0.362690 
06:   0.145645 0.390285 0.118088 0.051847 0.079698 0.364245 
07:   0.145271 0.391078 0.130111 0.051844 0.079695 0.363910 
iteration  5
00:   0.114222 0.385766 0.093184 0.045554 0.072432 0.256365 
01:   0.114400 0.385763 0.093199 0.045543 0.072438 0.256086 
02:   0.114435 0.385769 0.093447 0.045542 0.072437 0.257736 
03:   0.114038 0.385841 0.099765 0.045542 0.072418 0.257369 
04:   0.114231 0.385878 0.101376 0.045548 0.072436 0.256284 
05:   0.113930 0.385895 0.100411 0.045543 0.072436 0.257727 
06:   0.114180 0.385912 0.103407 0.045547 0.072436 0.256692 
07:   0.114015 0.386105 0.112694 0.045542 0.072425 0.258296 
iteration  6
00:   0.094883 0.384607 0.089123 0.042860 0.071691 0.201579 
01:   0.095439 0.384607 0.089177 0.042858 0.071696 0.205117 
02:   0.095425 0.384608 0.089175 0.042869 0.071690 0.205521 
03:   0.095372 0.384631 0.095406 0.042860 0.071694 0.205562 
04:   0.095031 0.384640 0.097367 0.042863 0.071683 0.203587 
05:   0.095140 0.384631 0.097348 0.042860 0.071692 0.205232 
06:   0.094991 0.384647 0.099546 0.042855 0.071692 0.204108 
07:   0.095262 0.384700 0.107419 0.042863 0.071689 0.206019 
iteration  7
00:   0.083350 0.384571 0.088814 0.041991 0.071906 0.159395 
01:   0.084314 0.384573 0.088950 0.042000 0.071915 0.165136 
02:   0.084506 0.384573 0.088577 0.042004 0.071906 0.166044 
03:   0.083995 0.384580 0.095212 0.041997 0.071898 0.166603 
04:   0.084105 0.384578 0.096121 0.042002 0.071918 0.164904 
05:   0.084150 0.384578 0.095636 0.042002 0.071917 0.165846 
06:   0.083563 0.384580 0.098324 0.042004 0.071914 0.166047 
07:   0.084516 0.384598 0.105571 0.042005 0.071903 0.166289 
iteration  8
00:   0.074158 0.384227 0.087682 0.042812 0.072271 0.139495 
01:   0.077519 0.384227 0.087797 0.042821 0.072269 0.142859 
02:   0.077814 0.384227 0.087459 0.042795 0.072264 0.142705 
03:   0.078149 0.384230 0.094069 0.042819 0.072269 0.142073 
04:   0.077458 0.384229 0.095973 0.042823 0.072274 0.141631 
05:   0.078144 0.384230 0.095629 0.042816 0.072273 0.142918 
06:   0.077842 0.384231 0.098114 0.042814 0.072268 0.141076 
07:   0.078133 0.384233 0.105280 0.042816 0.072275 0.143832 
iteration  9
00:   0.073182 0.384575 0.087743 0.042234 0.072364 0.129516 
01:   0.074298 0.384575 0.087668 0.042223 0.072367 0.130806 
02:   0.074444 0.384575 0.087414 0.042219 0.072363 0.130437 
03:   0.074291 0.384575 0.094171 0.042216 0.072366 0.130206 
04:   0.074221 0.384575 0.095687 0.042236 0.072356 0.131006 
05:   0.074129 0.384575 0.095209 0.042232 0.072367 0.132341 
06:   0.073856 0.384575 0.097557 0.042234 0.072355 0.126240 
07:   0.074814 0.384577 0.105011 0.042236 0.072368 0.129927 
iteration 10
00:   0.071328 0.384268 0.088205 0.043199 0.071772 0.121690 
01:   0.072228 0.384268 0.088354 0.043187 0.071771 0.125494 
02:   0.072178 0.384268 0.088176 0.043201 0.071754 0.125474 
03:   0.071904 0.384268 0.094573 0.043200 0.071767 0.124221 
04:   0.072449 0.384268 0.095805 0.043202 0.071771 0.126059 
05:   0.072519 0.384268 0.095289 0.043197 0.071769 0.126117 
06:   0.070070 0.384268 0.097764 0.043196 0.071773 0.123305 
07:   0.072190 0.384269 0.105163 0.043204 0.071772 0.123030 
iteration 11
00:   0.069255 0.384263 0.087874 0.042307 0.072262 0.121893 
01:   0.071521 0.384263 0.087453 0.042295 0.072265 0.120195 
02:   0.071293 0.384264 0.087599 0.042316 0.072262 0.122350 
03:   0.069664 0.384262 0.093914 0.042318 0.072262 0.119065 
04:   0.071509 0.384264 0.095347 0.042315 0.072258 0.124321 
05:   0.071478 0.384263 0.094944 0.042311 0.072251 0.121511 
06:   0.070421 0.384263 0.097543 0.042305 0.072258 0.119287 
07:   0.070752 0.384263 0.104814 0.042316 0.072258 0.120488 
iteration 12
00:   0.070316 0.384242 0.088024 0.044195 0.072161 0.122029 
01:   0.068883 0.384241 0.087933 0.044194 0.072180 0.119423 
02:   0.070594 0.384242 0.087911 0.044176 0.072162 0.118917 
03:   0.068485 0.384241 0.094195 0.044191 0.072179 0.117959 
04:   0.071559 0.384243 0.095638 0.044196 0.072163 0.118371 
05:   0.070054 0.384242 0.095360 0.044198 0.072180 0.120732 
06:   0.068908 0.384241 0.097805 0.044198 0.072160 0.119126 
07:   0.069542 0.384242 0.104932 0.044195 0.072180 0.119098 
iteration 13
00:   0.070392 0.384840 0.088049 0.027268 0.072435 0.119622 
01:   0.069581 0.384839 0.087885 0.027254 0.072416 0.119074 
02:   0.069368 0.384839 0.087822 0.027265 0.072421 0.120042 
03:   0.069148 0.384839 0.094501 0.027266 0.072435 0.120207 
04:   0.069544 0.384839 0.095584 0.027268 0.072434 0.120208 
05:   0.070373 0.384839 0.094615 0.027255 0.072430 0.120351 
06:   0.069831 0.384839 0.097802 0.027268 0.072435 0.120127 
07:   0.069801 0.384839 0.104998 0.027257 0.072435 0.120108 
iteration 14
00:   0.069702 0.384689 0.088409 0.011693 0.072426 0.118318 
01:   0.069983 0.384689 0.088411 0.011685 0.072425 0.118068 
02:   0.069810 0.384689 0.088231 0.011684 0.072427 0.118093 
03:   0.069664 0.384689 0.094689 0.011691 0.072425 0.117643 
04:   0.069879 0.384689 0.095992 0.011694 0.072425 0.118245 
05:   0.069939 0.384689 0.095118 0.011683 0.072424 0.118408 
06:   0.070033 0.384689 0.098002 0.011689 0.072408 0.117446 
07:   0.070052 0.384689 0.105031 0.011691 0.072426 0.117595 
/nethome/kalgin/z/mst/run.xeon.sh: line 46: 152781 Killed                  ./turbobust_stub.out $i 16
threadsCount = 16
loopsCount = 0
Done
iterationNumber = 0
iterationNumber = 1
iterationNumber = 2
iterationNumber = 3
iterationNumber = 4
iterationNumber = 5
iterationNumber = 6
iterationNumber = 7
iterationNumber = 8
iterationNumber = 9
iterationNumber = 10
iterationNumber = 11
iterationNumber = 12
iterationNumber = 13
iterationNumber = 14
7.640
54.219
iteration  0
00:   0.237063 1.557042 1.540191 0.041392 17.317520 1.311096 
01:   0.236611 1.555894 1.654947 0.041409 17.317599 1.304834 
02:   0.236338 1.556601 1.662792 0.041409 17.317605 1.305676 
03:   0.237060 1.553789 1.665071 0.041415 17.317588 1.312049 
04:   0.235368 1.554799 1.667208 0.041409 17.317572 1.307526 
05:   0.234269 1.554403 1.671628 0.041403 17.317556 1.306482 
06:   0.233923 1.553309 1.671082 0.041406 17.317531 1.290397 
07:   0.235008 1.553984 1.676401 0.041411 17.317476 1.306870 
08:   0.422134 1.474611 1.570551 0.041348 17.317665 8.136716 
09:   0.422101 1.473705 1.566877 0.041377 17.317659 7.643834 
10:   0.424843 1.475808 1.573951 0.041367 17.317666 8.398274 
11:   0.424534 1.474059 1.566328 0.041385 17.317667 7.992977 
12:   0.423604 1.474485 1.570584 0.041340 17.317596 8.347325 
13:   0.416347 1.473215 1.569979 0.041358 17.317648 7.483334 
14:   0.418779 1.475851 1.611711 0.041405 17.317648 5.658521 
15:   0.418040 1.474260 1.589476 0.041374 17.317612 7.776330 
iteration  1
00:   0.493265 1.011740 0.555109 0.061125 5.793095 0.899514 
01:   0.498038 1.011486 0.554998 0.061127 5.793128 0.900822 
02:   0.476293 1.011516 0.556140 0.061167 5.793135 0.900096 
03:   0.519574 1.011666 0.550319 0.061111 5.793128 0.898287 
04:   0.445055 1.011610 0.550701 0.061140 5.793118 0.898073 
05:   0.505832 1.011565 0.552164 0.061122 5.793126 0.896213 
06:   0.498087 1.011291 0.551423 0.061132 5.793100 0.897094 
07:   0.467757 1.011224 0.551904 0.061132 5.793093 0.896494 
08:   0.362054 0.977838 0.509539 0.061113 5.793210 1.152250 
09:   0.212843 0.977803 0.506786 0.061103 5.793116 1.152918 
10:   0.210887 0.977767 0.507586 0.061118 5.793124 1.156970 
11:   0.499976 0.977928 0.505376 0.061136 5.793120 1.145223 
12:   0.211891 0.977814 0.507341 0.061114 5.793100 1.156099 
13:   0.212058 0.977635 0.508909 0.061148 5.793105 1.159272 
14:   0.208707 0.982887 0.524890 0.061105 5.793105 1.131221 
15:   0.293903 0.980749 0.517550 0.061122 5.793070 1.153949 
iteration  2
00:   0.097983 0.672973 0.236871 0.051319 1.590622 0.512179 
01:   0.097671 0.672933 0.236596 0.051340 1.590640 0.511914 
02:   0.097820 0.672872 0.236000 0.051337 1.590642 0.511691 
03:   0.097638 0.673020 0.232471 0.051326 1.590649 0.511629 
04:   0.097635 0.672945 0.233688 0.051301 1.590639 0.511690 
05:   0.097066 0.672920 0.233626 0.051330 1.590642 0.510557 
06:   0.097417 0.672880 0.233589 0.051337 1.590629 0.510153 
07:   0.097617 0.672793 0.233681 0.051346 1.590634 0.510142 
08:   0.171925 0.663719 0.196773 0.051402 1.590686 0.653770 
09:   0.171205 0.663674 0.196290 0.051385 1.590658 0.649023 
10:   0.171414 0.663659 0.196311 0.051355 1.590668 0.652246 
11:   0.171227 0.663732 0.195446 0.051396 1.590649 0.650953 
12:   0.171124 0.663719 0.196516 0.051379 1.590637 0.651499 
13:   0.170719 0.663644 0.196693 0.051337 1.590657 0.649226 
14:   0.170104 0.665108 0.201992 0.051421 1.590661 0.650550 
15:   0.169754 0.664639 0.198866 0.051372 1.590622 0.649692 
iteration  3
00:   0.069138 0.599653 0.160327 0.041957 0.404695 0.317297 
01:   0.069328 0.599633 0.159356 0.041927 0.404695 0.317364 
02:   0.069556 0.599619 0.158311 0.041956 0.404707 0.315972 
03:   0.068905 0.599646 0.157313 0.041945 0.404707 0.317399 
04:   0.068718 0.599639 0.157378 0.041960 0.404710 0.316765 
05:   0.068742 0.599649 0.157463 0.041947 0.404705 0.317008 
06:   0.069184 0.599614 0.157009 0.041946 0.404705 0.316753 
07:   0.068323 0.599619 0.157169 0.041983 0.404704 0.313405 
08:   0.101677 0.597210 0.100358 0.041968 0.404717 0.406500 
09:   0.100965 0.597178 0.100396 0.041951 0.404692 0.405448 
10:   0.101122 0.597151 0.099890 0.041950 0.404694 0.405033 
11:   0.100860 0.597197 0.100128 0.041973 0.404694 0.403850 
12:   0.101017 0.597183 0.099710 0.041947 0.404696 0.404843 
13:   0.099689 0.597171 0.099211 0.041942 0.404628 0.404131 
14:   0.100761 0.597615 0.101508 0.042000 0.404570 0.404611 
15:   0.099699 0.597558 0.100377 0.041940 0.404581 0.402843 
iteration  4
00:   0.058112 0.583419 0.144145 0.033579 0.106843 0.168723 
01:   0.058217 0.583367 0.143556 0.033602 0.106862 0.168025 
02:   0.058178 0.583427 0.143275 0.033570 0.106861 0.167656 
03:   0.057939 0.583481 0.142918 0.033635 0.106858 0.168621 
04:   0.058333 0.583485 0.143155 0.033627 0.106860 0.168487 
05:   0.058281 0.583492 0.143443 0.033622 0.106842 0.169144 
06:   0.057823 0.583467 0.142783 0.033581 0.106843 0.168064 
07:   0.057148 0.583498 0.142745 0.033596 0.106854 0.165627 
08:   0.086098 0.582845 0.074591 0.033582 0.106838 0.183970 
09:   0.086300 0.582845 0.074367 0.033574 0.106845 0.184235 
10:   0.085583 0.582849 0.074518 0.033615 0.106847 0.183996 
11:   0.085529 0.582847 0.074453 0.033678 0.106839 0.184131 
12:   0.085962 0.582865 0.074437 0.033647 0.106849 0.183994 
13:   0.085628 0.582846 0.073825 0.033571 0.106845 0.183228 
14:   0.085436 0.583038 0.072533 0.033620 0.106849 0.183751 
15:   0.085305 0.582981 0.072885 0.033673 0.106839 0.182692 
iteration  5
00:   0.047470 0.581648 0.140891 0.030898 0.036444 0.121392 
01:   0.047501 0.581644 0.140760 0.030881 0.036457 0.125260 
02:   0.047699 0.581647 0.140507 0.030908 0.036437 0.125412 
03:   0.047622 0.581660 0.140199 0.030909 0.036452 0.123151 
04:   0.047525 0.581667 0.140248 0.030898 0.036442 0.125290 
05:   0.047266 0.581683 0.140592 0.030904 0.036447 0.124340 
06:   0.047153 0.581675 0.140125 0.030877 0.036466 0.124922 
07:   0.046977 0.581666 0.140162 0.030917 0.036446 0.124214 
08:   0.048547 0.581490 0.068648 0.030954 0.036443 0.148610 
09:   0.048647 0.581502 0.068292 0.030888 0.036494 0.149562 
10:   0.048452 0.581502 0.068201 0.030908 0.036494 0.149459 
11:   0.048240 0.581507 0.068334 0.030933 0.036493 0.149392 
12:   0.048541 0.581506 0.068269 0.030915 0.036472 0.148748 
13:   0.048218 0.581504 0.068080 0.030949 0.036489 0.148858 
14:   0.048374 0.581571 0.064793 0.030914 0.036495 0.149346 
15:   0.048037 0.581562 0.065999 0.030939 0.036490 0.149211 
iteration  6
00:   0.038037 0.582059 0.139586 0.029998 0.033670 0.101824 
01:   0.039082 0.582060 0.139503 0.029997 0.033642 0.105059 
02:   0.038997 0.582064 0.139475 0.029984 0.033641 0.104573 
03:   0.038683 0.582059 0.139199 0.030015 0.033676 0.103109 
04:   0.038671 0.582060 0.139127 0.029994 0.033675 0.102566 
05:   0.038189 0.582065 0.139541 0.030015 0.033649 0.104090 
06:   0.038475 0.582067 0.139179 0.029980 0.033644 0.103581 
07:   0.038095 0.582060 0.139082 0.030003 0.033642 0.103960 
08:   0.052089 0.582021 0.067108 0.030028 0.033643 0.102624 
09:   0.052328 0.582026 0.066953 0.029951 0.033677 0.102185 
10:   0.052116 0.582019 0.067011 0.029985 0.033647 0.101379 
11:   0.052229 0.582025 0.067027 0.030062 0.033641 0.102024 
12:   0.051690 0.582022 0.066777 0.030019 0.033638 0.100409 
13:   0.051904 0.582022 0.066517 0.030015 0.033644 0.101436 
14:   0.051987 0.582034 0.063257 0.030062 0.033676 0.102077 
15:   0.051824 0.582037 0.064460 0.030074 0.033676 0.101494 
iteration  7
00:   0.034502 0.581185 0.139484 0.029991 0.033661 0.083624 
01:   0.036406 0.581187 0.139512 0.030012 0.033652 0.088460 
02:   0.036020 0.581186 0.139317 0.029975 0.033669 0.090220 
03:   0.035162 0.581187 0.139359 0.029988 0.033659 0.087822 
04:   0.035629 0.581188 0.139164 0.029977 0.033673 0.087656 
05:   0.035850 0.581185 0.139582 0.029990 0.033644 0.088904 
06:   0.035334 0.581188 0.138921 0.030008 0.033646 0.087131 
07:   0.035095 0.581189 0.138926 0.029985 0.033670 0.090006 
08:   0.036251 0.581178 0.066658 0.029997 0.033642 0.094337 
09:   0.035987 0.581177 0.066770 0.030023 0.033642 0.094726 
10:   0.035868 0.581177 0.066583 0.029996 0.033642 0.095655 
11:   0.036091 0.581178 0.066544 0.030037 0.033648 0.095653 
12:   0.035601 0.581176 0.066283 0.030041 0.033695 0.093902 
13:   0.035751 0.581176 0.066180 0.029990 0.033648 0.093858 
14:   0.035921 0.581180 0.062447 0.029982 0.033680 0.095024 
15:   0.035531 0.581183 0.063950 0.030005 0.033639 0.094986 
iteration  8
00:   0.029214 0.580777 0.138787 0.029754 0.033723 0.082154 
01:   0.032345 0.580777 0.138733 0.029747 0.033710 0.086661 
02:   0.033087 0.580779 0.138769 0.029718 0.033741 0.086338 
03:   0.032314 0.580777 0.138661 0.029730 0.033712 0.085483 
04:   0.032057 0.580779 0.138506 0.029722 0.033710 0.083394 
05:   0.032380 0.580777 0.138671 0.029708 0.033751 0.084650 
06:   0.031755 0.580778 0.138289 0.029723 0.033754 0.087402 
07:   0.032542 0.580780 0.138451 0.029713 0.033716 0.084290 
08:   0.035663 0.580777 0.066687 0.029747 0.033727 0.085190 
09:   0.035581 0.580776 0.066532 0.029753 0.033709 0.084203 
10:   0.036083 0.580777 0.066469 0.029713 0.033710 0.084716 
11:   0.035731 0.580776 0.066432 0.029736 0.033745 0.085233 
12:   0.035031 0.580777 0.066353 0.029738 0.033710 0.084711 
13:   0.035114 0.580776 0.065982 0.029739 0.033756 0.084533 
14:   0.035441 0.580777 0.062208 0.029769 0.033714 0.085716 
15:   0.035590 0.580779 0.063399 0.029764 0.033710 0.082550 
iteration  9
00:   0.028828 0.581182 0.139088 0.029192 0.033424 0.077427 
01:   0.031291 0.581183 0.138947 0.029173 0.033429 0.078906 
02:   0.031507 0.581183 0.138861 0.029199 0.033458 0.079435 
03:   0.031354 0.581181 0.138761 0.029122 0.033439 0.078465 
04:   0.030247 0.581182 0.138739 0.029178 0.033437 0.080011 
05:   0.030486 0.581182 0.138769 0.029203 0.033452 0.079155 
06:   0.031476 0.581183 0.138622 0.029188 0.033415 0.081648 
07:   0.030709 0.581182 0.138671 0.029205 0.033459 0.078103 
08:   0.034015 0.581183 0.066386 0.029165 0.033419 0.081331 
09:   0.033707 0.581182 0.066316 0.029150 0.033422 0.080739 
10:   0.033961 0.581182 0.066267 0.029168 0.033417 0.082465 
11:   0.034157 0.581182 0.066191 0.029164 0.033419 0.081727 
12:   0.033456 0.581181 0.066236 0.029172 0.033416 0.080685 
13:   0.033762 0.581182 0.065831 0.029116 0.033415 0.083334 
14:   0.034153 0.581182 0.062425 0.029176 0.033419 0.083525 
15:   0.033591 0.581182 0.063871 0.029128 0.033418 0.080333 
iteration 10
00:   0.029135 0.581419 0.138452 0.028575 0.033660 0.073413 
01:   0.029592 0.581419 0.138471 0.028598 0.033642 0.074536 
02:   0.029452 0.581419 0.138410 0.028617 0.033641 0.077240 
03:   0.030002 0.581419 0.138272 0.028548 0.033642 0.076426 
04:   0.030000 0.581419 0.138071 0.028582 0.033643 0.081203 
05:   0.029547 0.581419 0.138227 0.028580 0.033641 0.079203 
06:   0.030090 0.581419 0.137981 0.028619 0.033640 0.078439 
07:   0.029109 0.581419 0.138024 0.028592 0.033654 0.076957 
08:   0.033717 0.581420 0.066754 0.028600 0.033650 0.076395 
09:   0.033488 0.581419 0.066752 0.028549 0.033651 0.073584 
10:   0.033547 0.581419 0.066645 0.028583 0.033684 0.074824 
11:   0.033757 0.581419 0.066663 0.028560 0.033647 0.074933 
12:   0.032976 0.581419 0.066535 0.028552 0.033649 0.076191 
13:   0.033791 0.581420 0.066276 0.028617 0.033657 0.075758 
14:   0.033798 0.581420 0.062400 0.028559 0.033638 0.073745 
15:   0.032806 0.581419 0.063686 0.028540 0.033632 0.074461 
iteration 11
00:   0.027101 0.582554 0.138920 0.027319 0.033453 0.073273 
01:   0.027451 0.582554 0.138941 0.027323 0.033461 0.073110 
02:   0.028474 0.582554 0.138867 0.027298 0.033483 0.073132 
03:   0.028956 0.582555 0.138591 0.027311 0.033485 0.077310 
04:   0.030103 0.582555 0.138615 0.027288 0.033484 0.076693 
05:   0.029332 0.582554 0.138963 0.027332 0.033448 0.075516 
06:   0.029198 0.582554 0.138397 0.027352 0.033454 0.076102 
07:   0.028158 0.582554 0.138458 0.027335 0.033447 0.076202 
08:   0.033298 0.582554 0.066845 0.027312 0.033465 0.076466 
09:   0.032405 0.582554 0.066689 0.027341 0.033452 0.076147 
10:   0.032991 0.582554 0.066632 0.027357 0.033438 0.076378 
11:   0.033124 0.582554 0.066661 0.027324 0.033457 0.077989 
12:   0.033009 0.582554 0.066558 0.027362 0.033449 0.076013 
13:   0.032861 0.582555 0.066355 0.027284 0.033467 0.078826 
14:   0.032476 0.582554 0.062401 0.027358 0.033449 0.076152 
15:   0.032872 0.582554 0.063683 0.027316 0.033457 0.077518 
iteration 12
00:   0.027422 0.580895 0.139275 0.021935 0.033790 0.075203 
01:   0.027779 0.580895 0.139116 0.021939 0.033788 0.076412 
02:   0.027495 0.580895 0.139181 0.021905 0.033787 0.075871 
03:   0.028782 0.580895 0.138970 0.021912 0.033789 0.076789 
04:   0.028616 0.580895 0.139009 0.021937 0.033789 0.076660 
05:   0.027912 0.580896 0.139201 0.021940 0.033768 0.080961 
06:   0.028532 0.580895 0.138763 0.021939 0.033790 0.077050 
07:   0.028321 0.580895 0.138693 0.021937 0.033789 0.075642 
08:   0.032991 0.580895 0.066475 0.021902 0.033762 0.075508 
09:   0.032902 0.580895 0.066334 0.021893 0.033753 0.075197 
10:   0.032769 0.580895 0.066323 0.021892 0.033757 0.075299 
11:   0.033269 0.580895 0.066335 0.021900 0.033761 0.075058 
12:   0.032862 0.580895 0.066037 0.021902 0.033758 0.075290 
13:   0.033166 0.580895 0.065993 0.021883 0.033752 0.074980 
14:   0.032677 0.580895 0.062199 0.021898 0.033759 0.074830 
15:   0.032976 0.580895 0.063573 0.021901 0.033759 0.078786 
iteration 13
00:   0.028164 0.585165 0.138776 0.021006 0.033345 0.071692 
01:   0.028136 0.585165 0.138670 0.020961 0.033332 0.071086 
02:   0.028101 0.585165 0.138580 0.021007 0.033342 0.071545 
03:   0.028002 0.585165 0.138429 0.020908 0.033365 0.071038 
04:   0.028242 0.585165 0.138357 0.021001 0.033342 0.071616 
05:   0.028729 0.585165 0.138576 0.021010 0.033353 0.074469 
06:   0.027861 0.585165 0.138278 0.020928 0.033333 0.070085 
07:   0.027664 0.585165 0.138185 0.020981 0.033364 0.070917 
08:   0.032963 0.585166 0.066601 0.021016 0.033357 0.075084 
09:   0.032938 0.585166 0.066475 0.021006 0.033330 0.075529 
10:   0.032899 0.585166 0.066265 0.021012 0.033330 0.075285 
11:   0.032899 0.585166 0.066247 0.021009 0.033342 0.075164 
12:   0.032710 0.585166 0.066058 0.021015 0.033349 0.075152 
13:   0.032763 0.585166 0.065756 0.020945 0.033329 0.074959 
14:   0.032543 0.585166 0.062285 0.021013 0.033335 0.073960 
15:   0.033070 0.585166 0.063533 0.020997 0.033330 0.074501 
iteration 14
00:   0.027790 0.582033 0.139915 0.007299 0.033594 0.079717 
01:   0.027755 0.582033 0.139896 0.007269 0.033611 0.080652 
02:   0.027755 0.582033 0.139735 0.007272 0.033624 0.080218 
03:   0.027497 0.582033 0.139678 0.007306 0.033605 0.080547 
04:   0.027555 0.582033 0.139468 0.007286 0.033585 0.079934 
05:   0.027467 0.582033 0.139569 0.007280 0.033610 0.080206 
06:   0.027301 0.582033 0.139514 0.007283 0.033608 0.080125 
07:   0.027424 0.582033 0.139398 0.007275 0.033587 0.080248 
08:   0.033174 0.582033 0.066261 0.007271 0.033651 0.076205 
09:   0.033099 0.582033 0.066311 0.007271 0.033658 0.076885 
10:   0.033071 0.582033 0.066258 0.007278 0.033653 0.076660 
11:   0.033067 0.582033 0.066150 0.007289 0.033590 0.076449 
12:   0.033049 0.582033 0.065983 0.007276 0.033598 0.076618 
13:   0.032938 0.582033 0.065849 0.007298 0.033602 0.076820 
14:   0.032867 0.582033 0.062200 0.007269 0.033643 0.076519 
15:   0.033140 0.582033 0.063440 0.007290 0.033627 0.075446 
/nethome/kalgin/z/mst/run.xeon.sh: line 46: 152803 Killed                  ./turbobust_stub.out $i 16
/nethome/kalgin/z/mst/run.xeon.sh: line 46: 152825 Segmentation fault      (core dumped) ./turbobust_stub.out $i 16
/nethome/kalgin/z/mst/run.xeon.sh: line 61: kill: (152825) - No such process
ls: cannot access /tmp/data.bin: No such file or directory
ls: cannot access /tmp/data.bin: No such file or directory
