threadsCount = 16
loopsCount = 0
30.473
47.212
threadsCount = 1
loopsCount = 0
Done
iterationNumber = 0
iterationNumber = 1
iterationNumber = 2
iterationNumber = 3
iterationNumber = 4
iterationNumber = 5
iterationNumber = 6
iterationNumber = 7
iterationNumber = 8
iterationNumber = 9
iterationNumber = 10
iterationNumber = 11
iterationNumber = 12
iterationNumber = 13
15.173
82.029
iteration  0
00:   1.159296 6.167832 14.105503 0.239449 0.000000 0.933482 
iteration  1
00:   3.394568 4.040774 6.405355 0.581889 0.000000 1.207489 
iteration  2
00:   4.168609 1.993568 2.497422 0.446385 0.000000 0.578126 
iteration  3
00:   3.337318 1.408892 1.160425 0.340019 0.000000 0.210740 
iteration  4
00:   2.518745 1.225819 0.747183 0.258055 0.000000 0.092595 
iteration  5
00:   1.799172 1.156808 0.633876 0.215344 0.000000 0.058364 
iteration  6
00:   1.199333 1.142456 0.601213 0.194725 0.000000 0.048276 
iteration  7
00:   0.766631 1.138579 0.592163 0.185226 0.000000 0.045242 
iteration  8
00:   0.490288 1.135954 0.589807 0.180384 0.000000 0.044378 
iteration  9
00:   0.326128 1.137382 0.588874 0.177505 0.000000 0.044017 
iteration 10
00:   0.219792 1.138011 0.588586 0.176834 0.000000 0.043881 
iteration 11
00:   0.156941 1.137304 0.588072 0.171253 0.000000 0.043846 
iteration 12
00:   0.125907 1.137820 0.588082 0.173220 0.000000 0.043825 
iteration 13
00:   0.100602 1.136907 0.588264 0.073053 0.000000 0.043752 
threadsCount = 2
loopsCount = 0
Done
iterationNumber = 0
iterationNumber = 1
iterationNumber = 2
iterationNumber = 3
iterationNumber = 4
iterationNumber = 5
iterationNumber = 6
iterationNumber = 7
iterationNumber = 8
iterationNumber = 9
iterationNumber = 10
iterationNumber = 11
iterationNumber = 12
iterationNumber = 13
12.018
45.545
iteration  0
00:   0.633821 3.423967 7.547571 0.120065 0.000000 0.478531 
01:   0.632880 3.664731 8.089260 0.119810 0.000000 0.478032 
iteration  1
00:   1.742688 2.116876 3.321065 0.291703 0.000000 0.621080 
01:   1.739992 2.235489 3.492867 0.291546 0.000000 0.621709 
iteration  2
00:   2.208974 1.071865 1.277446 0.224318 0.000000 0.293388 
01:   2.206131 1.104641 1.364880 0.224109 0.000000 0.293182 
iteration  3
00:   1.877223 0.778302 0.583995 0.171106 0.000000 0.107290 
01:   1.874931 0.787164 0.643708 0.170790 0.000000 0.107231 
iteration  4
00:   1.427979 0.689071 0.368420 0.130111 0.000000 0.046908 
01:   1.429688 0.691570 0.418298 0.130053 0.000000 0.046960 
iteration  5
00:   0.996674 0.646549 0.309301 0.107913 0.000000 0.029536 
01:   0.999665 0.647153 0.352782 0.107875 0.000000 0.029550 
iteration  6
00:   0.651366 0.639295 0.291775 0.097253 0.000000 0.024276 
01:   0.655328 0.639467 0.336799 0.097505 0.000000 0.024261 
iteration  7
00:   0.411208 0.637539 0.286801 0.093111 0.000000 0.022758 
01:   0.417618 0.637583 0.332513 0.091900 0.000000 0.022712 
iteration  8
00:   0.262329 0.637322 0.285543 0.091099 0.000000 0.022447 
01:   0.264450 0.637331 0.328504 0.090684 0.000000 0.022370 
iteration  9
00:   0.173017 0.636501 0.284793 0.088777 0.000000 0.022190 
01:   0.172250 0.636499 0.327960 0.090124 0.000000 0.022126 
iteration 10
00:   0.129312 0.637193 0.284500 0.088508 0.000000 0.022133 
01:   0.100487 0.637191 0.327486 0.089722 0.000000 0.022067 
iteration 11
00:   0.099540 0.637114 0.284434 0.087216 0.000000 0.022102 
01:   0.068937 0.637113 0.329478 0.084856 0.000000 0.022046 
iteration 12
00:   0.088746 0.637186 0.284497 0.091057 0.000000 0.022114 
01:   0.051521 0.637185 0.327464 0.082563 0.000000 0.022059 
iteration 13
00:   0.069414 0.636851 0.284541 0.036722 0.000000 0.022082 
01:   0.047794 0.636851 0.329912 0.036638 0.000000 0.022033 
/nethome/kalgin/z/mst/run.xeon.sh: line 46: 155505 Killed                  ./turbobust_stub.out $i 16
threadsCount = 4
loopsCount = 0
Done
iterationNumber = 0
iterationNumber = 1
iterationNumber = 2
iterationNumber = 3
iterationNumber = 4
iterationNumber = 5
iterationNumber = 6
iterationNumber = 7
iterationNumber = 8
iterationNumber = 9
iterationNumber = 10
iterationNumber = 11
iterationNumber = 12
iterationNumber = 13
8.286
26.593
iteration  0
00:   0.337530 1.927320 4.004374 0.060282 0.000000 0.248379 
01:   0.338180 1.960185 4.169747 0.060120 0.000000 0.248070 
02:   0.336996 2.001591 4.238949 0.060102 0.000000 0.248828 
03:   0.336008 2.139693 4.478133 0.060201 0.000000 0.250679 
iteration  1
00:   0.955324 1.240839 1.735038 0.147167 0.000000 0.309792 
01:   0.957095 1.256125 1.761533 0.146654 0.000000 0.312769 
02:   0.955854 1.277893 1.794408 0.146730 0.000000 0.312097 
03:   0.958774 1.339110 1.884439 0.146851 0.000000 0.313378 
iteration  2
00:   1.321568 0.676884 0.673777 0.112993 0.000000 0.147963 
01:   1.323015 0.681107 0.689929 0.112831 0.000000 0.149277 
02:   1.321886 0.687142 0.703989 0.112938 0.000000 0.148742 
03:   1.325998 0.703748 0.742963 0.113203 0.000000 0.149400 
iteration  3
00:   1.108106 0.510704 0.305231 0.086303 0.000000 0.055915 
01:   1.108895 0.511762 0.317463 0.086142 0.000000 0.056430 
02:   1.106969 0.513426 0.325557 0.086015 0.000000 0.056134 
03:   1.108141 0.517687 0.351450 0.085987 0.000000 0.056267 
iteration  4
00:   0.804966 0.467258 0.192057 0.065885 0.000000 0.024196 
01:   0.806098 0.467591 0.200120 0.065755 0.000000 0.024388 
02:   0.804619 0.468050 0.207496 0.065507 0.000000 0.024259 
03:   0.805720 0.469210 0.233014 0.066115 0.000000 0.024499 
iteration  5
00:   0.545232 0.454794 0.159736 0.054465 0.000000 0.015142 
01:   0.547728 0.454874 0.167010 0.054293 0.000000 0.015151 
02:   0.545252 0.455018 0.173954 0.054386 0.000000 0.015160 
03:   0.550055 0.455289 0.199105 0.054715 0.000000 0.015279 
iteration  6
00:   0.353254 0.451654 0.150796 0.048920 0.000000 0.012504 
01:   0.355868 0.451676 0.157856 0.049074 0.000000 0.012431 
02:   0.355168 0.451711 0.164745 0.048915 0.000000 0.012417 
03:   0.357348 0.451795 0.186679 0.049223 0.000000 0.012469 
iteration  7
00:   0.221305 0.450255 0.147305 0.046629 0.000000 0.011718 
01:   0.222853 0.450257 0.154072 0.046858 0.000000 0.011642 
02:   0.224919 0.450266 0.162127 0.046682 0.000000 0.011599 
03:   0.224557 0.450287 0.184063 0.046567 0.000000 0.011619 
iteration  8
00:   0.138657 0.450054 0.147393 0.045797 0.000000 0.011506 
01:   0.139754 0.450054 0.154072 0.044918 0.000000 0.011361 
02:   0.138449 0.450055 0.161396 0.045655 0.000000 0.011349 
03:   0.141105 0.450059 0.183232 0.046427 0.000000 0.011371 
iteration  9
00:   0.094122 0.449448 0.147383 0.045134 0.000000 0.011378 
01:   0.092719 0.449448 0.154081 0.044621 0.000000 0.011325 
02:   0.094629 0.449447 0.161309 0.045648 0.000000 0.011264 
03:   0.090840 0.449446 0.183044 0.045105 0.000000 0.011286 
iteration 10
00:   0.061570 0.449116 0.146651 0.044717 0.000000 0.011327 
01:   0.086412 0.449117 0.153646 0.043607 0.000000 0.011275 
02:   0.055380 0.449114 0.161014 0.045591 0.000000 0.011240 
03:   0.063707 0.449115 0.182975 0.044844 0.000000 0.011245 
iteration 11
00:   0.051722 0.449806 0.146217 0.041849 0.000000 0.011315 
01:   0.072286 0.449807 0.152999 0.045292 0.000000 0.011271 
02:   0.043661 0.449806 0.160576 0.043304 0.000000 0.011223 
03:   0.048699 0.449805 0.182866 0.042630 0.000000 0.011225 
iteration 12
00:   0.041802 0.449884 0.146225 0.047148 0.000000 0.011301 
01:   0.069514 0.449885 0.152803 0.044773 0.000000 0.011245 
02:   0.031979 0.449884 0.160653 0.040918 0.000000 0.011222 
03:   0.041141 0.449884 0.182636 0.042394 0.000000 0.011229 
iteration 13
00:   0.043070 0.449497 0.145612 0.018499 0.000000 0.011301 
01:   0.064177 0.449497 0.152315 0.018443 0.000000 0.011246 
02:   0.043006 0.449497 0.160485 0.018410 0.000000 0.011230 
03:   0.042981 0.449497 0.182529 0.018426 0.000000 0.011227 
/nethome/kalgin/z/mst/run.xeon.sh: line 46: 155524 Killed                  ./turbobust_stub.out $i 16
threadsCount = 8
loopsCount = 0
Done
iterationNumber = 0
iterationNumber = 1
iterationNumber = 2
iterationNumber = 3
iterationNumber = 4
iterationNumber = 5
iterationNumber = 6
iterationNumber = 7
iterationNumber = 8
iterationNumber = 9
iterationNumber = 10
iterationNumber = 11
iterationNumber = 12
iterationNumber = 13
7.430
17.040
iteration  0
00:   0.228841 1.355641 2.505808 0.030721 0.000000 0.172764 
01:   0.234421 1.353862 2.387520 0.030714 0.000000 0.172964 
02:   0.232604 1.354230 2.389857 0.030712 0.000000 0.173509 
03:   0.233431 1.388068 2.455499 0.030715 0.000000 0.173604 
04:   0.232234 1.396749 2.479717 0.030715 0.000000 0.173244 
05:   0.231726 1.392584 2.467973 0.030717 0.000000 0.173001 
06:   0.231444 1.402738 2.492342 0.030716 0.000000 0.173063 
07:   0.226849 1.486917 2.642551 0.030716 0.000000 0.172975 
iteration  1
00:   0.654312 0.788522 1.023467 0.074413 0.000000 0.172701 
01:   0.655610 0.788471 0.960344 0.074412 0.000000 0.173332 
02:   0.656209 0.788279 0.960681 0.074414 0.000000 0.173307 
03:   0.652393 0.802796 0.981833 0.074414 0.000000 0.173449 
04:   0.653833 0.808383 0.992662 0.074412 0.000000 0.173921 
05:   0.653227 0.806235 0.988099 0.074414 0.000000 0.173832 
06:   0.650800 0.810878 0.996721 0.074421 0.000000 0.173642 
07:   0.639383 0.848384 1.050971 0.074415 0.000000 0.172871 
iteration  2
00:   0.833656 0.476048 0.379064 0.057619 0.000000 0.083120 
01:   0.835028 0.475991 0.362994 0.057618 0.000000 0.083407 
02:   0.834670 0.476034 0.361892 0.057621 0.000000 0.083151 
03:   0.833257 0.479963 0.372957 0.057621 0.000000 0.083292 
04:   0.834524 0.481532 0.376965 0.057621 0.000000 0.083568 
05:   0.833885 0.480876 0.374717 0.057622 0.000000 0.083372 
06:   0.831806 0.482125 0.379067 0.057619 0.000000 0.083213 
07:   0.819596 0.492277 0.400331 0.057621 0.000000 0.083130 
iteration  3
00:   0.620967 0.390237 0.174415 0.044648 0.000000 0.029469 
01:   0.621874 0.390247 0.169675 0.044650 0.000000 0.029557 
02:   0.620227 0.390246 0.169268 0.044649 0.000000 0.029534 
03:   0.620492 0.391233 0.177271 0.044645 0.000000 0.029458 
04:   0.621366 0.391730 0.179995 0.044648 0.000000 0.029569 
05:   0.620909 0.391525 0.178323 0.044638 0.000000 0.029491 
06:   0.618569 0.391884 0.180874 0.044646 0.000000 0.029424 
07:   0.611418 0.394516 0.195299 0.044649 0.000000 0.029552 
iteration  4
00:   0.427342 0.370937 0.114165 0.034219 0.000000 0.012513 
01:   0.428372 0.370923 0.111888 0.034219 0.000000 0.012498 
02:   0.426449 0.370960 0.112151 0.034220 0.000000 0.012516 
03:   0.427706 0.371221 0.118221 0.034219 0.000000 0.012520 
04:   0.428574 0.371377 0.120819 0.034221 0.000000 0.012467 
05:   0.427719 0.371325 0.119448 0.034222 0.000000 0.012452 
06:   0.425810 0.371426 0.121622 0.034218 0.000000 0.012472 
07:   0.422358 0.372151 0.131374 0.034222 0.000000 0.012613 
iteration  5
00:   0.283126 0.366239 0.098343 0.028292 0.000000 0.008387 
01:   0.284217 0.366243 0.098031 0.028300 0.000000 0.008322 
02:   0.283907 0.366252 0.097052 0.028284 0.000000 0.008388 
03:   0.284452 0.366328 0.104184 0.028291 0.000000 0.008369 
04:   0.284467 0.366349 0.104724 0.028285 0.000000 0.008310 
05:   0.284191 0.366356 0.104583 0.028280 0.000000 0.008335 
06:   0.283882 0.366378 0.106353 0.028292 0.000000 0.008351 
07:   0.281303 0.366556 0.113337 0.028294 0.000000 0.008360 
iteration  6
00:   0.180049 0.365725 0.093484 0.025675 0.000000 0.006748 
01:   0.181956 0.365717 0.093253 0.025681 0.000000 0.006786 
02:   0.181080 0.365725 0.092847 0.025677 0.000000 0.006742 
03:   0.182228 0.365744 0.099259 0.025672 0.000000 0.006708 
04:   0.182472 0.365756 0.100989 0.025671 0.000000 0.006755 
05:   0.182425 0.365750 0.100802 0.025683 0.000000 0.006728 
06:   0.181219 0.365765 0.101858 0.025669 0.000000 0.006727 
07:   0.180323 0.365806 0.107632 0.025670 0.000000 0.006748 
iteration  7
00:   0.117038 0.364943 0.093267 0.024699 0.000000 0.006339 
01:   0.116028 0.364942 0.092746 0.024691 0.000000 0.006314 
02:   0.116331 0.364942 0.092512 0.024689 0.000000 0.006275 
03:   0.117591 0.364948 0.098516 0.024696 0.000000 0.006337 
04:   0.118611 0.364951 0.099838 0.024698 0.000000 0.006281 
05:   0.118539 0.364947 0.099539 0.024687 0.000000 0.006232 
06:   0.117237 0.364951 0.100643 0.024703 0.000000 0.006284 
07:   0.117547 0.364962 0.106075 0.024697 0.000000 0.006324 
iteration  8
00:   0.081543 0.365623 0.092359 0.024194 0.000000 0.006221 
01:   0.079150 0.365623 0.092452 0.024193 0.000000 0.006208 
02:   0.077417 0.365623 0.092204 0.024202 0.000000 0.006171 
03:   0.083321 0.365625 0.098433 0.024195 0.000000 0.006171 
04:   0.080518 0.365625 0.099460 0.024198 0.000000 0.006137 
05:   0.079766 0.365625 0.099060 0.024195 0.000000 0.006130 
06:   0.081836 0.365625 0.100681 0.024190 0.000000 0.006169 
07:   0.079679 0.365627 0.105643 0.024194 0.000000 0.006166 
iteration  9
00:   0.057864 0.365329 0.092581 0.023943 0.000000 0.006157 
01:   0.067114 0.365329 0.092380 0.023944 0.000000 0.006109 
02:   0.057696 0.365327 0.092129 0.023944 0.000000 0.006127 
03:   0.065594 0.365329 0.097937 0.023948 0.000000 0.006139 
04:   0.063523 0.365328 0.099796 0.023939 0.000000 0.006084 
05:   0.062060 0.365328 0.099202 0.023945 0.000000 0.006068 
06:   0.060995 0.365327 0.101011 0.023942 0.000000 0.006108 
07:   0.060726 0.365328 0.105712 0.023942 0.000000 0.006133 
iteration 10
00:   0.049037 0.365479 0.092736 0.024172 0.000000 0.006118 
01:   0.048264 0.365478 0.092487 0.024170 0.000000 0.006078 
02:   0.056364 0.365479 0.092259 0.024175 0.000000 0.006106 
03:   0.067014 0.365479 0.098612 0.024167 0.000000 0.006084 
04:   0.048902 0.365478 0.099589 0.024173 0.000000 0.006057 
05:   0.042946 0.365478 0.099107 0.024167 0.000000 0.006073 
06:   0.054398 0.365479 0.100532 0.024175 0.000000 0.006059 
07:   0.042679 0.365478 0.105672 0.024176 0.000000 0.006084 
iteration 11
00:   0.049477 0.365371 0.092434 0.023715 0.000000 0.006111 
01:   0.038650 0.365370 0.092204 0.023715 0.000000 0.006101 
02:   0.054079 0.365371 0.091844 0.023716 0.000000 0.006075 
03:   0.055838 0.365372 0.097633 0.023713 0.000000 0.006118 
04:   0.043617 0.365370 0.099417 0.023715 0.000000 0.006063 
05:   0.036379 0.365370 0.099437 0.023714 0.000000 0.006046 
06:   0.042929 0.365370 0.100365 0.023726 0.000000 0.006089 
07:   0.043844 0.365371 0.105386 0.023715 0.000000 0.006048 
iteration 12
00:   0.043833 0.365267 0.091655 0.024434 0.000000 0.006170 
01:   0.036631 0.365267 0.091373 0.024429 0.000000 0.006139 
02:   0.053923 0.365268 0.091187 0.024436 0.000000 0.006096 
03:   0.054786 0.365268 0.097575 0.024435 0.000000 0.006142 
04:   0.036564 0.365267 0.099625 0.024436 0.000000 0.006094 
05:   0.036460 0.365267 0.099121 0.024441 0.000000 0.006073 
06:   0.036558 0.365267 0.100474 0.024432 0.000000 0.006119 
07:   0.042730 0.365269 0.105591 0.024429 0.000000 0.006090 
iteration 13
00:   0.043675 0.365865 0.091368 0.009483 0.000000 0.006142 
01:   0.043651 0.365864 0.091275 0.009481 0.000000 0.006135 
02:   0.043660 0.365864 0.091201 0.009480 0.000000 0.006115 
03:   0.063164 0.365865 0.097308 0.009475 0.000000 0.006093 
04:   0.043607 0.365864 0.099456 0.009483 0.000000 0.006059 
05:   0.043543 0.365864 0.098822 0.009483 0.000000 0.006076 
06:   0.043620 0.365864 0.100312 0.009480 0.000000 0.006085 
07:   0.043490 0.365864 0.105669 0.009482 0.000000 0.006080 
/nethome/kalgin/z/mst/run.xeon.sh: line 46: 155546 Killed                  ./turbobust_stub.out $i 16
threadsCount = 16
loopsCount = 0
Done
iterationNumber = 0
iterationNumber = 1
iterationNumber = 2
iterationNumber = 3
iterationNumber = 4
iterationNumber = 5
iterationNumber = 6
iterationNumber = 7
iterationNumber = 8
iterationNumber = 9
iterationNumber = 10
iterationNumber = 11
iterationNumber = 12
iterationNumber = 13
6.763
15.747
iteration  0
00:   0.188096 1.461843 1.496822 0.017729 0.000000 0.073903 
01:   0.189385 1.459335 1.620874 0.017725 0.000000 0.067809 
02:   0.190654 1.459228 1.633059 0.017724 0.000000 0.074906 
03:   0.191112 1.458485 1.630745 0.017739 0.000000 0.067678 
04:   0.190689 1.459615 1.636944 0.017725 0.000000 0.069352 
05:   0.189343 1.458579 1.636065 0.017741 0.000000 0.068367 
06:   0.189765 1.460956 1.636637 0.017728 0.000000 0.067839 
07:   0.189822 1.459848 1.642661 0.017745 0.000000 0.068660 
08:   0.134915 1.379419 1.555105 0.017738 0.000000 0.072219 
09:   0.134315 1.380777 1.547476 0.017753 0.000000 0.070447 
10:   0.134899 1.379288 1.551809 0.017731 0.000000 0.070714 
11:   0.134310 1.379274 1.552932 0.017757 0.000000 0.069957 
12:   0.133042 1.379870 1.550290 0.017736 0.000000 0.070346 
13:   0.133631 1.378753 1.550046 0.017727 0.000000 0.070228 
14:   0.134050 1.380186 1.578970 0.017725 0.000000 0.072532 
15:   0.133328 1.380199 1.571537 0.017731 0.000000 0.070195 
iteration  1
00:   0.361847 0.837302 0.537538 0.043632 0.000000 0.080172 
01:   0.351828 0.836970 0.530210 0.043629 0.000000 0.073093 
02:   0.366655 0.837017 0.538349 0.043627 0.000000 0.081899 
03:   0.356528 0.837068 0.531520 0.043644 0.000000 0.072919 
04:   0.354582 0.836963 0.535545 0.043650 0.000000 0.075103 
05:   0.347999 0.836848 0.534951 0.043624 0.000000 0.074548 
06:   0.354245 0.836895 0.534005 0.043629 0.000000 0.073952 
07:   0.353403 0.836689 0.534781 0.043650 0.000000 0.074336 
08:   0.359726 0.803358 0.491594 0.043648 0.000000 0.081770 
09:   0.331525 0.803481 0.487415 0.043639 0.000000 0.075850 
10:   0.333124 0.803327 0.485846 0.043644 0.000000 0.078006 
11:   0.336292 0.803525 0.487898 0.043674 0.000000 0.075300 
12:   0.333638 0.803314 0.488512 0.043647 0.000000 0.076395 
13:   0.332614 0.803270 0.489088 0.043665 0.000000 0.076137 
14:   0.320045 0.806571 0.500759 0.043659 0.000000 0.075525 
15:   0.338385 0.806189 0.497457 0.043631 0.000000 0.075435 
iteration  2
00:   0.429164 0.620325 0.238903 0.035402 0.000000 0.038017 
01:   0.405000 0.620204 0.235724 0.035375 0.000000 0.034555 
02:   0.435626 0.620233 0.241469 0.035356 0.000000 0.038903 
03:   0.409634 0.620235 0.235888 0.035361 0.000000 0.034552 
04:   0.408654 0.620182 0.236281 0.035379 0.000000 0.035140 
05:   0.402200 0.620212 0.236688 0.035393 0.000000 0.034892 
06:   0.409827 0.620217 0.236049 0.035364 0.000000 0.034835 
07:   0.408625 0.620173 0.236510 0.035372 0.000000 0.034921 
08:   0.445064 0.610930 0.199163 0.035373 0.000000 0.039105 
09:   0.404116 0.611057 0.197372 0.035370 0.000000 0.036095 
10:   0.408242 0.610933 0.195535 0.035381 0.000000 0.036983 
11:   0.414688 0.610966 0.197434 0.035393 0.000000 0.035527 
12:   0.409362 0.610967 0.196855 0.035376 0.000000 0.036054 
13:   0.409299 0.610895 0.197748 0.035369 0.000000 0.035854 
14:   0.393357 0.611827 0.201744 0.035427 0.000000 0.035422 
15:   0.417203 0.611893 0.200375 0.035364 0.000000 0.035904 
iteration  3
00:   0.325529 0.559492 0.163580 0.029494 0.000000 0.015199 
01:   0.310498 0.559437 0.161912 0.029546 0.000000 0.013753 
02:   0.331424 0.559488 0.165061 0.029478 0.000000 0.015559 
03:   0.313549 0.559469 0.161500 0.029509 0.000000 0.013682 
04:   0.312283 0.559440 0.161697 0.029519 0.000000 0.013947 
05:   0.308321 0.559451 0.161818 0.029541 0.000000 0.013856 
06:   0.313420 0.559451 0.161830 0.029520 0.000000 0.013746 
07:   0.312710 0.559470 0.161967 0.029530 0.000000 0.013806 
08:   0.336171 0.557041 0.104779 0.029488 0.000000 0.014714 
09:   0.307010 0.557064 0.104886 0.029541 0.000000 0.013962 
10:   0.310288 0.557022 0.104048 0.029530 0.000000 0.014129 
11:   0.313035 0.557026 0.103892 0.029513 0.000000 0.013756 
12:   0.310082 0.557037 0.103957 0.029516 0.000000 0.013926 
13:   0.308484 0.557032 0.103452 0.029480 0.000000 0.013806 
14:   0.297159 0.557297 0.104606 0.029509 0.000000 0.013716 
15:   0.316124 0.557401 0.104072 0.029506 0.000000 0.013965 
iteration  4
00:   0.223560 0.545653 0.148327 0.024571 0.000000 0.008978 
01:   0.213150 0.545641 0.147837 0.024571 0.000000 0.008399 
02:   0.228246 0.545663 0.148530 0.024581 0.000000 0.009068 
03:   0.215349 0.545645 0.147482 0.024569 0.000000 0.008321 
04:   0.213962 0.545670 0.147478 0.024570 0.000000 0.008388 
05:   0.211613 0.545679 0.147440 0.024545 0.000000 0.008335 
06:   0.215359 0.545664 0.147216 0.024570 0.000000 0.008459 
07:   0.214429 0.545668 0.147423 0.024610 0.000000 0.008469 
08:   0.234150 0.545045 0.078895 0.024556 0.000000 0.006994 
09:   0.212007 0.545043 0.078935 0.024546 0.000000 0.006897 
10:   0.213235 0.545042 0.078656 0.024555 0.000000 0.006879 
11:   0.215517 0.545060 0.078231 0.024544 0.000000 0.006798 
12:   0.212970 0.545051 0.078378 0.024559 0.000000 0.006837 
13:   0.210989 0.545050 0.077992 0.024576 0.000000 0.006805 
14:   0.202521 0.545179 0.076488 0.024586 0.000000 0.006855 
15:   0.218273 0.545179 0.076008 0.024574 0.000000 0.006916 
iteration  5
00:   0.147434 0.543525 0.145084 0.022588 0.000000 0.007842 
01:   0.140087 0.543512 0.144780 0.022573 0.000000 0.007626 
02:   0.150557 0.543533 0.144989 0.022589 0.000000 0.007775 
03:   0.141452 0.543518 0.144594 0.022583 0.000000 0.007542 
04:   0.141694 0.543529 0.144547 0.022591 0.000000 0.007590 
05:   0.139963 0.543519 0.144243 0.022572 0.000000 0.007586 
06:   0.142082 0.543534 0.143967 0.022590 0.000000 0.007611 
07:   0.141582 0.543530 0.144181 0.022590 0.000000 0.007613 
08:   0.157134 0.543361 0.072274 0.022622 0.000000 0.004803 
09:   0.139759 0.543367 0.072297 0.022605 0.000000 0.004883 
10:   0.140053 0.543367 0.072019 0.022606 0.000000 0.004812 
11:   0.142548 0.543362 0.071738 0.022590 0.000000 0.004783 
12:   0.141298 0.543366 0.071662 0.022605 0.000000 0.004670 
13:   0.138885 0.543360 0.071661 0.022625 0.000000 0.004804 
14:   0.132078 0.543406 0.069103 0.022608 0.000000 0.004771 
15:   0.144990 0.543408 0.069358 0.022628 0.000000 0.004878 
iteration  6
00:   0.096707 0.543862 0.144346 0.021729 0.000000 0.007547 
01:   0.092581 0.543857 0.144132 0.021725 0.000000 0.007461 
02:   0.098217 0.543857 0.144050 0.021733 0.000000 0.007505 
03:   0.094400 0.543858 0.143824 0.021734 0.000000 0.007400 
04:   0.093671 0.543856 0.143611 0.021730 0.000000 0.007331 
05:   0.093293 0.543863 0.143734 0.021706 0.000000 0.007407 
06:   0.094904 0.543860 0.143860 0.021754 0.000000 0.007403 
07:   0.094132 0.543866 0.143762 0.021718 0.000000 0.007432 
08:   0.104623 0.543833 0.070870 0.021754 0.000000 0.004174 
09:   0.092154 0.543833 0.071051 0.021739 0.000000 0.004214 
10:   0.092173 0.543830 0.070703 0.021718 0.000000 0.004155 
11:   0.093602 0.543829 0.070597 0.021798 0.000000 0.004113 
12:   0.091769 0.543825 0.070470 0.021791 0.000000 0.004106 
13:   0.091210 0.543826 0.070270 0.021786 0.000000 0.004090 
14:   0.085428 0.543836 0.067453 0.021767 0.000000 0.004178 
15:   0.095603 0.543839 0.067565 0.021731 0.000000 0.004190 
iteration  7
00:   0.065106 0.542887 0.142861 0.021192 0.000000 0.007460 
01:   0.063868 0.542884 0.142805 0.021194 0.000000 0.007455 
02:   0.064246 0.542886 0.142580 0.021191 0.000000 0.007433 
03:   0.064345 0.542886 0.142573 0.021196 0.000000 0.007355 
04:   0.062723 0.542886 0.142435 0.021194 0.000000 0.007355 
05:   0.064701 0.542887 0.142426 0.021176 0.000000 0.007302 
06:   0.065415 0.542888 0.142293 0.021197 0.000000 0.007417 
07:   0.063669 0.542886 0.142254 0.021197 0.000000 0.007402 
08:   0.072390 0.542877 0.070443 0.021181 0.000000 0.004010 
09:   0.061838 0.542878 0.070699 0.021184 0.000000 0.003988 
10:   0.063020 0.542877 0.070353 0.021214 0.000000 0.004043 
11:   0.063359 0.542877 0.070341 0.021185 0.000000 0.003901 
12:   0.062557 0.542877 0.070377 0.021186 0.000000 0.003911 
13:   0.060491 0.542877 0.070086 0.021198 0.000000 0.004052 
14:   0.059144 0.542881 0.067108 0.021191 0.000000 0.004003 
15:   0.063915 0.542881 0.067032 0.021176 0.000000 0.004026 
iteration  8
00:   0.045376 0.543554 0.143126 0.021050 0.000000 0.007374 
01:   0.048037 0.543554 0.143177 0.021051 0.000000 0.007365 
02:   0.042936 0.543555 0.142858 0.021049 0.000000 0.007353 
03:   0.047640 0.543553 0.142587 0.021049 0.000000 0.007324 
04:   0.044617 0.543554 0.142804 0.021049 0.000000 0.007288 
05:   0.045431 0.543554 0.142525 0.021039 0.000000 0.007268 
06:   0.047544 0.543554 0.142592 0.021012 0.000000 0.007342 
07:   0.048513 0.543556 0.142562 0.021038 0.000000 0.007334 
08:   0.051286 0.543552 0.070694 0.021055 0.000000 0.004033 
09:   0.047546 0.543552 0.070702 0.021019 0.000000 0.004002 
10:   0.046938 0.543552 0.070464 0.021057 0.000000 0.003999 
11:   0.045115 0.543552 0.070150 0.021045 0.000000 0.003941 
12:   0.044258 0.543551 0.069989 0.021040 0.000000 0.003843 
13:   0.047765 0.543554 0.070033 0.021056 0.000000 0.003941 
14:   0.044422 0.543553 0.066870 0.021021 0.000000 0.003960 
15:   0.045636 0.543553 0.066888 0.021047 0.000000 0.004028 
iteration  9
00:   0.034991 0.544763 0.143632 0.020842 0.000000 0.007423 
01:   0.030061 0.544762 0.143607 0.020857 0.000000 0.007434 
02:   0.036302 0.544762 0.143398 0.020830 0.000000 0.007426 
03:   0.038839 0.544764 0.143252 0.020877 0.000000 0.007365 
04:   0.031385 0.544762 0.143304 0.020861 0.000000 0.007340 
05:   0.034230 0.544763 0.143207 0.020844 0.000000 0.007322 
06:   0.034672 0.544762 0.143125 0.020897 0.000000 0.007387 
07:   0.039499 0.544764 0.143298 0.020822 0.000000 0.007428 
08:   0.042560 0.544762 0.070334 0.020885 0.000000 0.003965 
09:   0.038662 0.544762 0.070246 0.020865 0.000000 0.003968 
10:   0.036435 0.544762 0.070213 0.020833 0.000000 0.003909 
11:   0.039481 0.544763 0.069966 0.020834 0.000000 0.003849 
12:   0.029691 0.544761 0.069740 0.020915 0.000000 0.003845 
13:   0.041183 0.544762 0.069771 0.020832 0.000000 0.003970 
14:   0.031905 0.544762 0.066913 0.020846 0.000000 0.003896 
15:   0.039435 0.544763 0.067021 0.020857 0.000000 0.003902 
iteration 10
00:   0.027498 0.543400 0.142615 0.020657 0.000000 0.007401 
01:   0.021510 0.543400 0.142583 0.020702 0.000000 0.007349 
02:   0.029576 0.543400 0.142411 0.020647 0.000000 0.007378 
03:   0.017629 0.543400 0.142511 0.020688 0.000000 0.007335 
04:   0.027879 0.543400 0.142262 0.020628 0.000000 0.007333 
05:   0.031939 0.543401 0.142191 0.020645 0.000000 0.007363 
06:   0.027772 0.543400 0.142229 0.020668 0.000000 0.007320 
07:   0.040471 0.543401 0.142169 0.020677 0.000000 0.007352 
08:   0.028130 0.543400 0.070660 0.020668 0.000000 0.003956 
09:   0.038278 0.543401 0.070704 0.020658 0.000000 0.004017 
10:   0.034146 0.543400 0.070535 0.020699 0.000000 0.003968 
11:   0.024511 0.543399 0.070207 0.020657 0.000000 0.003894 
12:   0.031985 0.543400 0.070258 0.020692 0.000000 0.003854 
13:   0.036287 0.543401 0.069928 0.020631 0.000000 0.003932 
14:   0.029364 0.543399 0.069001 0.020693 0.000000 0.003970 
15:   0.030672 0.543399 0.066404 0.020660 0.000000 0.003987 
iteration 11
00:   0.025491 0.543262 0.142998 0.019954 0.000000 0.007490 
01:   0.023343 0.543261 0.142840 0.019905 0.000000 0.007482 
02:   0.014874 0.543261 0.142743 0.019972 0.000000 0.007477 
03:   0.016688 0.543261 0.142522 0.019935 0.000000 0.007448 
04:   0.025948 0.543262 0.142524 0.019907 0.000000 0.007430 
05:   0.029105 0.543262 0.142520 0.019921 0.000000 0.007433 
06:   0.020480 0.543261 0.142280 0.019939 0.000000 0.007459 
07:   0.032261 0.543262 0.142490 0.019903 0.000000 0.007465 
08:   0.027073 0.543261 0.070327 0.019955 0.000000 0.003956 
09:   0.032835 0.543262 0.070254 0.019926 0.000000 0.003981 
10:   0.029416 0.543261 0.070294 0.019919 0.000000 0.003947 
11:   0.026992 0.543261 0.069897 0.019889 0.000000 0.003887 
12:   0.026967 0.543261 0.069708 0.019931 0.000000 0.003881 
13:   0.032748 0.543261 0.069669 0.019958 0.000000 0.003892 
14:   0.032473 0.543262 0.066732 0.019951 0.000000 0.003937 
15:   0.029272 0.543261 0.066731 0.019951 0.000000 0.003981 
iteration 12
00:   0.023580 0.543351 0.142531 0.020600 0.000000 0.007395 
01:   0.014936 0.543350 0.142418 0.020596 0.000000 0.007380 
02:   0.014707 0.543350 0.142384 0.020620 0.000000 0.007347 
03:   0.014847 0.543350 0.142378 0.020606 0.000000 0.007318 
04:   0.022255 0.543350 0.142246 0.020622 0.000000 0.007308 
05:   0.029262 0.543351 0.142202 0.020596 0.000000 0.007294 
06:   0.014614 0.543350 0.142061 0.020613 0.000000 0.007338 
07:   0.033896 0.543351 0.142029 0.020612 0.000000 0.007310 
08:   0.029808 0.543351 0.070706 0.020620 0.000000 0.003941 
09:   0.029805 0.543350 0.070651 0.020610 0.000000 0.003972 
10:   0.029812 0.543350 0.070506 0.020660 0.000000 0.003967 
11:   0.029794 0.543351 0.070174 0.020595 0.000000 0.003887 
12:   0.029702 0.543351 0.070122 0.020671 0.000000 0.003824 
13:   0.029741 0.543350 0.069956 0.020676 0.000000 0.003901 
14:   0.035067 0.543351 0.066784 0.020653 0.000000 0.003965 
15:   0.029228 0.543350 0.066530 0.020641 0.000000 0.003931 
iteration 13
00:   0.016370 0.547434 0.142447 0.007219 0.000000 0.007394 
01:   0.016348 0.547433 0.142391 0.007227 0.000000 0.007423 
02:   0.016209 0.547434 0.142276 0.007236 0.000000 0.007407 
03:   0.016235 0.547434 0.142190 0.007232 0.000000 0.007366 
04:   0.016236 0.547434 0.142137 0.007226 0.000000 0.007332 
05:   0.016174 0.547433 0.142008 0.007254 0.000000 0.007358 
06:   0.016033 0.547433 0.141978 0.007263 0.000000 0.007382 
07:   0.038131 0.547434 0.141918 0.007219 0.000000 0.007391 
08:   0.030003 0.547434 0.070341 0.007228 0.000000 0.003925 
09:   0.029952 0.547434 0.070180 0.007247 0.000000 0.003967 
10:   0.029945 0.547434 0.070214 0.007237 0.000000 0.003908 
11:   0.029928 0.547434 0.070179 0.007243 0.000000 0.003843 
12:   0.029886 0.547434 0.069941 0.007219 0.000000 0.003801 
13:   0.029899 0.547434 0.069796 0.007223 0.000000 0.003863 
14:   0.029727 0.547434 0.066553 0.007256 0.000000 0.003902 
15:   0.029394 0.547434 0.067097 0.007219 0.000000 0.003909 
/nethome/kalgin/z/mst/run.xeon.sh: line 46: 155564 Killed                  ./turbobust_stub.out $i 16
/nethome/kalgin/z/mst/run.xeon.sh: line 46: 155582 Segmentation fault      (core dumped) ./turbobust_stub.out $i 16
/nethome/kalgin/z/mst/run.xeon.sh: line 61: kill: (155582) - No such process
ls: cannot access /tmp/data.bin: No such file or directory
ls: cannot access /tmp/data.bin: No such file or directory
