threadsCount = 16
loopsCount = 2164
7.571
3.765
threadsCount = 1
loopsCount = 2164
Done
iterationNumber = 0
iterationNumber = 1
iterationNumber = 2
iterationNumber = 3
iterationNumber = 4
iterationNumber = 5
iterationNumber = 6
5.936
8.849
iteration  0
00:   0.208710 0.613151 1.414967 0.015414 0.000000 0.224680 
iteration  1
00:   0.814004 0.159303 0.207704 0.030776 0.000000 0.034105 
iteration  2
00:   0.782277 0.076582 0.050278 0.021169 0.000000 0.009210 
iteration  3
00:   0.748441 0.068309 0.035124 0.016270 0.000000 0.006646 
iteration  4
00:   0.745067 0.067649 0.033858 0.015876 0.000000 0.006482 
iteration  5
00:   0.782132 0.067745 0.033814 0.014124 0.000000 0.006515 
iteration  6
00:   1.408824 0.067722 0.033836 0.005575 0.000000 0.006487 
threadsCount = 2
loopsCount = 2164
Done
iterationNumber = 0
iterationNumber = 1
iterationNumber = 2
iterationNumber = 3
iterationNumber = 4
iterationNumber = 5
iterationNumber = 6
3.260
5.826
iteration  0
00:   0.108282 0.330451 0.971197 0.007883 0.000000 0.114228 
01:   0.109774 0.319879 0.996412 0.007899 0.000000 0.113442 
iteration  1
00:   0.414949 0.085851 0.135416 0.016738 0.000000 0.018126 
01:   0.412006 0.085910 0.133535 0.016732 0.000000 0.017518 
iteration  2
00:   0.406154 0.043595 0.028339 0.010871 0.000000 0.004676 
01:   0.385047 0.043571 0.028610 0.010920 0.000000 0.004766 
iteration  3
00:   0.375737 0.039406 0.018861 0.008215 0.000000 0.003391 
01:   0.379800 0.039404 0.018781 0.008224 0.000000 0.003456 
iteration  4
00:   0.390417 0.038815 0.018129 0.007914 0.000000 0.003312 
01:   0.362406 0.038815 0.018065 0.007972 0.000000 0.003376 
iteration  5
00:   0.651985 0.038675 0.018332 0.007058 0.000000 0.003299 
01:   0.133658 0.038643 0.018333 0.007139 0.000000 0.003379 
iteration  6
00:   1.394382 0.039191 0.017875 0.002796 0.000000 0.003269 
01:   0.004976 0.039181 0.018014 0.002813 0.000000 0.003350 
/nethome/kalgin/z/mst/run.xeon.sh: line 45: 153736 Killed                  ./turbobust_stub.out $i 16
threadsCount = 4
loopsCount = 2164
Done
iterationNumber = 0
iterationNumber = 1
iterationNumber = 2
iterationNumber = 3
iterationNumber = 4
iterationNumber = 5
iterationNumber = 6
2.117
4.276
iteration  0
00:   0.060369 0.189142 0.708164 0.004067 0.000000 0.063416 
01:   0.058013 0.187781 0.692849 0.004064 0.000000 0.063272 
02:   0.057318 0.185491 0.694326 0.004093 0.000000 0.063525 
03:   0.057942 0.180861 0.693519 0.004080 0.000000 0.061283 
iteration  1
00:   0.219594 0.057390 0.093786 0.008692 0.000000 0.009931 
01:   0.214732 0.057406 0.092101 0.008702 0.000000 0.010008 
02:   0.211764 0.057438 0.089869 0.008749 0.000000 0.009692 
03:   0.207076 0.057438 0.089828 0.008741 0.000000 0.009531 
iteration  2
00:   0.207055 0.035998 0.017221 0.005634 0.000000 0.002431 
01:   0.210006 0.036005 0.017607 0.005659 0.000000 0.002546 
02:   0.199402 0.035999 0.017043 0.005666 0.000000 0.002489 
03:   0.198549 0.035993 0.017471 0.005697 0.000000 0.002575 
iteration  3
00:   0.174487 0.033817 0.010824 0.004174 0.000000 0.001821 
01:   0.209469 0.033817 0.010793 0.004187 0.000000 0.001810 
02:   0.184031 0.033817 0.010765 0.004138 0.000000 0.001841 
03:   0.207989 0.033819 0.010748 0.004200 0.000000 0.001869 
iteration  4
00:   0.235807 0.033682 0.010179 0.004011 0.000000 0.001749 
01:   0.161809 0.033681 0.010151 0.003989 0.000000 0.001765 
02:   0.227975 0.033683 0.010102 0.003996 0.000000 0.001761 
03:   0.144655 0.033681 0.010095 0.004035 0.000000 0.001813 
iteration  5
00:   0.136223 0.033843 0.010155 0.003566 0.000000 0.001751 
01:   0.518450 0.033843 0.010147 0.003567 0.000000 0.001768 
02:   0.134160 0.033813 0.010088 0.003667 0.000000 0.001780 
03:   0.002759 0.033839 0.010020 0.003668 0.000000 0.001821 
iteration  6
00:   1.412308 0.033731 0.010376 0.001448 0.000000 0.001765 
01:   0.003287 0.033700 0.010337 0.001453 0.000000 0.001776 
02:   0.003273 0.033709 0.010325 0.001430 0.000000 0.001772 
03:   0.003268 0.033711 0.010289 0.001464 0.000000 0.001806 
/nethome/kalgin/z/mst/run.xeon.sh: line 45: 153754 Killed                  ./turbobust_stub.out $i 16
threadsCount = 8
loopsCount = 2164
Done
iterationNumber = 0
iterationNumber = 1
iterationNumber = 2
iterationNumber = 3
iterationNumber = 4
iterationNumber = 5
iterationNumber = 6
1.290
3.501
iteration  0
00:   0.033858 0.136218 0.512733 0.002109 0.000000 0.037068 
01:   0.033695 0.136184 0.514257 0.002110 0.000000 0.036941 
02:   0.034297 0.136145 0.515863 0.002112 0.000000 0.037349 
03:   0.033726 0.134970 0.516023 0.002108 0.000000 0.037353 
04:   0.033595 0.134707 0.516339 0.002112 0.000000 0.035406 
05:   0.033420 0.134143 0.514946 0.002110 0.000000 0.036370 
06:   0.033269 0.132746 0.517638 0.002110 0.000000 0.036361 
07:   0.034202 0.131146 0.517411 0.002117 0.000000 0.035811 
iteration  1
00:   0.117646 0.049436 0.067827 0.004481 0.000000 0.005983 
01:   0.116620 0.049426 0.066318 0.004484 0.000000 0.005683 
02:   0.118774 0.049415 0.066664 0.004486 0.000000 0.005758 
03:   0.117749 0.049416 0.068104 0.004488 0.000000 0.005994 
04:   0.116641 0.049403 0.066457 0.004488 0.000000 0.005632 
05:   0.115638 0.049453 0.066126 0.004485 0.000000 0.005676 
06:   0.115167 0.049169 0.066834 0.004482 0.000000 0.005661 
07:   0.111481 0.049424 0.066659 0.004480 0.000000 0.005661 
iteration  2
00:   0.116098 0.035218 0.011767 0.002893 0.000000 0.001424 
01:   0.105984 0.035206 0.011938 0.002891 0.000000 0.001401 
02:   0.109002 0.035208 0.012044 0.002892 0.000000 0.001431 
03:   0.115416 0.035226 0.012375 0.002896 0.000000 0.001480 
04:   0.107063 0.035218 0.011858 0.002897 0.000000 0.001411 
05:   0.107685 0.035211 0.011993 0.002878 0.000000 0.001444 
06:   0.107685 0.035209 0.012259 0.002889 0.000000 0.001499 
07:   0.107429 0.035216 0.012055 0.002894 0.000000 0.001463 
iteration  3
00:   0.089211 0.034011 0.007958 0.002136 0.000000 0.001029 
01:   0.098874 0.034009 0.007923 0.002145 0.000000 0.000988 
02:   0.100016 0.034009 0.007901 0.002141 0.000000 0.000989 
03:   0.122999 0.034011 0.007830 0.002141 0.000000 0.000980 
04:   0.093837 0.034010 0.007841 0.002135 0.000000 0.001006 
05:   0.104191 0.034010 0.007900 0.002144 0.000000 0.001008 
06:   0.120453 0.034011 0.007880 0.002141 0.000000 0.001022 
07:   0.103725 0.034009 0.007777 0.002142 0.000000 0.001019 
iteration  4
00:   0.144013 0.034422 0.007650 0.002115 0.000000 0.000988 
01:   0.106128 0.034421 0.007637 0.002110 0.000000 0.000968 
02:   0.103984 0.034421 0.007680 0.002115 0.000000 0.000982 
03:   0.068188 0.034421 0.007501 0.002117 0.000000 0.000975 
04:   0.090903 0.034421 0.007598 0.002117 0.000000 0.000992 
05:   0.150519 0.034422 0.007638 0.002110 0.000000 0.000968 
06:   0.101692 0.034421 0.007538 0.002114 0.000000 0.001005 
07:   0.053975 0.034421 0.007621 0.002096 0.000000 0.001014 
iteration  5
00:   0.138095 0.033757 0.007742 0.001807 0.000000 0.000998 
01:   0.001938 0.033726 0.007686 0.001807 0.000000 0.000954 
02:   0.516466 0.033760 0.007733 0.001804 0.000000 0.000980 
03:   0.009660 0.033754 0.007605 0.001804 0.000000 0.000971 
04:   0.045443 0.033748 0.007600 0.001807 0.000000 0.001003 
05:   0.093895 0.033742 0.007629 0.001808 0.000000 0.000977 
06:   0.002016 0.033744 0.007598 0.001808 0.000000 0.001011 
07:   0.001984 0.033747 0.007604 0.001807 0.000000 0.001019 
iteration  6
00:   1.374652 0.033883 0.007656 0.000752 0.000000 0.000981 
01:   0.002791 0.033802 0.007726 0.000750 0.000000 0.000948 
02:   0.002868 0.033802 0.007602 0.000755 0.000000 0.000955 
03:   0.002788 0.033802 0.007644 0.000750 0.000000 0.000953 
04:   0.002766 0.033793 0.007563 0.000748 0.000000 0.000979 
05:   0.002860 0.033742 0.007592 0.000753 0.000000 0.000950 
06:   0.002787 0.033741 0.007517 0.000753 0.000000 0.000991 
07:   0.002736 0.033741 0.007674 0.000754 0.000000 0.001010 
/nethome/kalgin/z/mst/run.xeon.sh: line 45: 153772 Killed                  ./turbobust_stub.out $i 16
threadsCount = 16
loopsCount = 2164
Done
iterationNumber = 0
iterationNumber = 1
iterationNumber = 2
iterationNumber = 3
iterationNumber = 4
iterationNumber = 5
iterationNumber = 6
0.847
3.868
iteration  0
00:   0.020610 0.112897 0.489192 0.001727 0.000000 0.021079 
01:   0.020287 0.113250 0.488791 0.001737 0.000000 0.021518 
02:   0.018744 0.113278 0.486818 0.001753 0.000000 0.020056 
03:   0.018723 0.112972 0.440213 0.001785 0.000000 0.020696 
04:   0.019022 0.113265 0.439355 0.001758 0.000000 0.020602 
05:   0.018758 0.113065 0.491383 0.001750 0.000000 0.020780 
06:   0.018582 0.112106 0.490319 0.001758 0.000000 0.021210 
07:   0.018561 0.112073 0.440994 0.001723 0.000000 0.020779 
08:   0.017401 0.104156 0.414128 0.001746 0.000000 0.021425 
09:   0.017136 0.103703 0.383467 0.001792 0.000000 0.021011 
10:   0.017210 0.103960 0.415998 0.001759 0.000000 0.021534 
11:   0.017222 0.103666 0.385138 0.001743 0.000000 0.021723 
12:   0.017372 0.103613 0.414623 0.001753 0.000000 0.021583 
13:   0.017253 0.103013 0.412423 0.001735 0.000000 0.020544 
14:   0.017124 0.102577 0.413426 0.001721 0.000000 0.020582 
15:   0.018020 0.102147 0.414278 0.001731 0.000000 0.020876 
iteration  1
00:   0.071930 0.045513 0.064981 0.004715 0.000000 0.003440 
01:   0.074052 0.045515 0.064086 0.004644 0.000000 0.003390 
02:   0.068228 0.045521 0.062244 0.004639 0.000000 0.003078 
03:   0.069918 0.045522 0.056604 0.004655 0.000000 0.003269 
04:   0.070739 0.045496 0.056661 0.004653 0.000000 0.003231 
05:   0.071647 0.045505 0.064059 0.004637 0.000000 0.003323 
06:   0.067886 0.045332 0.063659 0.004614 0.000000 0.003357 
07:   0.068761 0.045473 0.058049 0.004636 0.000000 0.003413 
08:   0.067636 0.045002 0.052099 0.004667 0.000000 0.003181 
09:   0.067059 0.044976 0.049537 0.004650 0.000000 0.003255 
10:   0.068372 0.045036 0.052875 0.004608 0.000000 0.003257 
11:   0.068228 0.044997 0.049063 0.004683 0.000000 0.003185 
12:   0.070817 0.044968 0.052816 0.004640 0.000000 0.003266 
13:   0.067703 0.044988 0.052414 0.004666 0.000000 0.003141 
14:   0.066560 0.044827 0.052785 0.004643 0.000000 0.003206 
15:   0.066643 0.044993 0.052640 0.004676 0.000000 0.003206 
iteration  2
00:   0.071464 0.037634 0.012461 0.002178 0.000000 0.000809 
01:   0.069461 0.037635 0.012401 0.002180 0.000000 0.000815 
02:   0.061319 0.037631 0.012393 0.002185 0.000000 0.000808 
03:   0.066804 0.037633 0.011543 0.002186 0.000000 0.000822 
04:   0.065093 0.037632 0.011281 0.002136 0.000000 0.000815 
05:   0.068295 0.037635 0.012611 0.002170 0.000000 0.000852 
06:   0.068060 0.037636 0.012725 0.002182 0.000000 0.000889 
07:   0.072827 0.037638 0.011701 0.002173 0.000000 0.000834 
08:   0.063127 0.037618 0.008053 0.002143 0.000000 0.000722 
09:   0.065517 0.037617 0.007927 0.002143 0.000000 0.000687 
10:   0.065397 0.037619 0.008163 0.002141 0.000000 0.000741 
11:   0.064036 0.037617 0.007921 0.002138 0.000000 0.000719 
12:   0.067117 0.037621 0.008257 0.002137 0.000000 0.000784 
13:   0.063152 0.037614 0.008143 0.002142 0.000000 0.000743 
14:   0.064778 0.037618 0.008008 0.002132 0.000000 0.000714 
15:   0.064316 0.037618 0.008099 0.002137 0.000000 0.000766 
iteration  3
00:   0.053835 0.037328 0.009742 0.001181 0.000000 0.000614 
01:   0.053317 0.037328 0.009758 0.001190 0.000000 0.000609 
02:   0.056337 0.037328 0.009688 0.001212 0.000000 0.000601 
03:   0.063051 0.037328 0.009676 0.001215 0.000000 0.000591 
04:   0.048763 0.037328 0.009640 0.001211 0.000000 0.000617 
05:   0.073287 0.037328 0.009727 0.001163 0.000000 0.000596 
06:   0.087030 0.037329 0.009686 0.001190 0.000000 0.000594 
07:   0.064531 0.037327 0.009632 0.001227 0.000000 0.000591 
08:   0.060266 0.037328 0.005167 0.001245 0.000000 0.000477 
09:   0.054027 0.037327 0.005113 0.001181 0.000000 0.000471 
10:   0.068807 0.037328 0.005236 0.001180 0.000000 0.000477 
11:   0.057937 0.037328 0.005208 0.001173 0.000000 0.000479 
12:   0.078901 0.037328 0.005169 0.001199 0.000000 0.000479 
13:   0.069825 0.037328 0.005115 0.001267 0.000000 0.000469 
14:   0.058744 0.037327 0.005092 0.001224 0.000000 0.000474 
15:   0.067577 0.037328 0.005096 0.001199 0.000000 0.000484 
iteration  4
00:   0.090493 0.037151 0.009661 0.001095 0.000000 0.000596 
01:   0.086900 0.037151 0.009654 0.001111 0.000000 0.000581 
02:   0.062679 0.037150 0.009646 0.001107 0.000000 0.000579 
03:   0.066901 0.037151 0.009621 0.001097 0.000000 0.000577 
04:   0.058991 0.037150 0.009648 0.001108 0.000000 0.000603 
05:   0.068551 0.037150 0.009614 0.001107 0.000000 0.000578 
06:   0.016995 0.037149 0.009561 0.001091 0.000000 0.000596 
07:   0.065682 0.037150 0.009581 0.001110 0.000000 0.000574 
08:   0.054822 0.037151 0.004973 0.001079 0.000000 0.000465 
09:   0.055951 0.037150 0.004994 0.001071 0.000000 0.000459 
10:   0.092901 0.037151 0.005027 0.001070 0.000000 0.000455 
11:   0.095229 0.037151 0.005017 0.001076 0.000000 0.000450 
12:   0.067994 0.037150 0.004953 0.001078 0.000000 0.000465 
13:   0.056770 0.037150 0.004983 0.001072 0.000000 0.000472 
14:   0.043224 0.037148 0.004935 0.001070 0.000000 0.000462 
15:   0.021807 0.037150 0.004910 0.001072 0.000000 0.000478 
iteration  5
00:   0.095959 0.037537 0.009753 0.000965 0.000000 0.000599 
01:   0.081028 0.037524 0.009725 0.000963 0.000000 0.000582 
02:   0.000755 0.037531 0.009647 0.000978 0.000000 0.000574 
03:   0.000731 0.037505 0.009734 0.000974 0.000000 0.000576 
04:   0.453749 0.037539 0.009747 0.000950 0.000000 0.000604 
05:   0.235653 0.037538 0.009693 0.000958 0.000000 0.000578 
06:   0.010618 0.037529 0.009714 0.000952 0.000000 0.000592 
07:   0.000866 0.037532 0.009730 0.001013 0.000000 0.000577 
08:   0.001062 0.037522 0.004953 0.000968 0.000000 0.000469 
09:   0.057013 0.037515 0.004974 0.000934 0.000000 0.000459 
10:   0.079080 0.037519 0.004957 0.000933 0.000000 0.000454 
11:   0.042173 0.037523 0.004963 0.000944 0.000000 0.000459 
12:   0.000953 0.037521 0.004927 0.000968 0.000000 0.000464 
13:   0.000953 0.037514 0.004925 0.000973 0.000000 0.000463 
14:   0.000964 0.037517 0.004930 0.000954 0.000000 0.000477 
15:   0.000980 0.037523 0.004919 0.000938 0.000000 0.000484 
iteration  6
00:   0.001572 0.038586 0.009831 0.000491 0.000000 0.000619 
01:   2.052401 0.038586 0.009819 0.000512 0.000000 0.000615 
02:   0.000873 0.038537 0.009815 0.000509 0.000000 0.000605 
03:   0.000827 0.038536 0.009732 0.000510 0.000000 0.000605 
04:   0.001559 0.038523 0.009806 0.000495 0.000000 0.000632 
05:   0.001532 0.038468 0.009802 0.000493 0.000000 0.000604 
06:   0.000875 0.038467 0.009754 0.000513 0.000000 0.000621 
07:   0.001150 0.038460 0.009819 0.000511 0.000000 0.000610 
08:   0.001492 0.038515 0.005071 0.000440 0.000000 0.000509 
09:   0.001449 0.038461 0.005087 0.000443 0.000000 0.000500 
10:   0.001478 0.038461 0.005054 0.000443 0.000000 0.000495 
11:   0.001440 0.038459 0.005014 0.000444 0.000000 0.000499 
12:   0.001176 0.038521 0.005057 0.000446 0.000000 0.000507 
13:   0.001151 0.038459 0.005036 0.000438 0.000000 0.000509 
14:   0.001197 0.038457 0.005006 0.000442 0.000000 0.000514 
15:   0.001204 0.038483 0.005049 0.000443 0.000000 0.000523 
/nethome/kalgin/z/mst/run.xeon.sh: line 45: 153790 Killed                  ./turbobust_stub.out $i 16
/nethome/kalgin/z/mst/run.xeon.sh: line 45: 153809 Segmentation fault      (core dumped) ./turbobust_stub.out $i 16
/nethome/kalgin/z/mst/run.xeon.sh: line 60: kill: (153809) - No such process
