threadsCount = 16
loopsCount = 0
7.688
1.491
threadsCount = 1
loopsCount = 0
Done
iterationNumber = 0
iterationNumber = 1
iterationNumber = 2
iterationNumber = 3
iterationNumber = 4
iterationNumber = 5
iterationNumber = 6
iterationNumber = 7
5.034
6.635
iteration  0
00:   0.223348 0.000000 2.063906 0.017752 0.805962 
iteration  1
00:   0.321776 0.000000 0.736388 0.041658 0.289970 
iteration  2
00:   0.409992 0.000000 0.263651 0.039672 0.096980 
iteration  3
00:   0.472492 0.000000 0.152152 0.039966 0.019975 
iteration  4
00:   0.053911 0.000000 0.113774 0.037305 0.008460 
iteration  5
00:   0.013266 0.000000 0.103304 0.025041 0.005789 
iteration  6
00:   0.008374 0.000000 0.101659 0.019699 0.005352 
iteration  7
00:   0.007714 0.000000 0.101536 0.010685 0.005414 
threadsCount = 2
loopsCount = 0
Done
iterationNumber = 0
iterationNumber = 1
iterationNumber = 2
iterationNumber = 3
iterationNumber = 4
iterationNumber = 5
iterationNumber = 6
iterationNumber = 7
2.878
4.211
iteration  0
00:   0.123582 0.000000 1.426639 0.008981 0.510161 
01:   0.116262 0.000000 1.416138 0.008976 0.462953 
iteration  1
00:   0.175078 0.000000 0.480095 0.023202 0.218152 
01:   0.157143 0.000000 0.479919 0.022676 0.222266 
iteration  2
00:   0.222380 0.000000 0.164178 0.021685 0.079834 
01:   0.210431 0.000000 0.159284 0.021122 0.081426 
iteration  3
00:   0.256339 0.000000 0.092208 0.020980 0.011072 
01:   0.246744 0.000001 0.089534 0.020623 0.010937 
iteration  4
00:   0.029758 0.000000 0.066807 0.019465 0.005577 
01:   0.027854 0.000000 0.066184 0.018939 0.004322 
iteration  5
00:   0.007096 0.000000 0.058941 0.012914 0.003085 
01:   0.006943 0.000000 0.058430 0.012737 0.002932 
iteration  6
00:   0.004537 0.000000 0.058743 0.010091 0.002765 
01:   0.004425 0.000000 0.058349 0.009975 0.002695 
iteration  7
00:   0.004202 0.000000 0.058374 0.005717 0.002823 
01:   0.004042 0.000000 0.057893 0.005573 0.002762 
/nethome/kalgin/z/mst/run.xeon.sh: line 45: 62704 Killed                  ./turbobust_stub.out $i 16
threadsCount = 4
loopsCount = 0
Done
iterationNumber = 0
iterationNumber = 1
iterationNumber = 2
iterationNumber = 3
iterationNumber = 4
iterationNumber = 5
iterationNumber = 6
iterationNumber = 7
2.004
2.674
iteration  0
00:   0.065985 0.000000 0.938143 0.004915 0.299566 
01:   0.062147 0.000000 0.909004 0.004641 0.278595 
02:   0.061877 0.000000 0.913887 0.004642 0.270443 
03:   0.062311 0.000000 0.912439 0.004643 0.267047 
iteration  1
00:   0.096699 0.000000 0.309275 0.011995 0.149802 
01:   0.088205 0.000000 0.299706 0.011716 0.147737 
02:   0.085860 0.000000 0.302594 0.011720 0.147733 
03:   0.085334 0.000001 0.300765 0.011751 0.146432 
iteration  2
00:   0.124186 0.000000 0.106240 0.011345 0.060575 
01:   0.114612 0.000000 0.103487 0.010860 0.061537 
02:   0.114637 0.000000 0.103673 0.010858 0.061135 
03:   0.113863 0.000000 0.103720 0.010901 0.061497 
iteration  3
00:   0.145831 0.000000 0.063210 0.010901 0.006041 
01:   0.139491 0.000000 0.062529 0.010520 0.005994 
02:   0.137725 0.000000 0.062282 0.010529 0.005985 
03:   0.139216 0.000000 0.062398 0.010583 0.006006 
iteration  4
00:   0.017864 0.000000 0.049148 0.010058 0.002247 
01:   0.015779 0.000000 0.048470 0.009676 0.002217 
02:   0.015328 0.000000 0.048588 0.009690 0.002213 
03:   0.015484 0.000000 0.048572 0.009730 0.002236 
iteration  5
00:   0.004314 0.000000 0.047399 0.007033 0.001566 
01:   0.003958 0.000000 0.045942 0.006597 0.001556 
02:   0.003946 0.000000 0.045999 0.006598 0.001554 
03:   0.004003 0.000000 0.045932 0.006613 0.001530 
iteration  6
00:   0.002887 0.000000 0.045848 0.006539 0.001946 
01:   0.002712 0.000000 0.045408 0.005341 0.001432 
02:   0.002749 0.000000 0.045321 0.005293 0.001424 
03:   0.002759 0.000000 0.045337 0.005298 0.001428 
iteration  7
00:   0.002720 0.000000 0.045531 0.003031 0.001469 
01:   0.002366 0.000000 0.044843 0.003029 0.001455 
02:   0.002385 0.000000 0.044784 0.002998 0.001431 
03:   0.002364 0.000000 0.044680 0.002934 0.001445 
/nethome/kalgin/z/mst/run.xeon.sh: line 45: 62723 Killed                  ./turbobust_stub.out $i 16
threadsCount = 8
loopsCount = 0
Done
iterationNumber = 0
iterationNumber = 1
iterationNumber = 2
iterationNumber = 3
iterationNumber = 4
iterationNumber = 5
iterationNumber = 6
iterationNumber = 7
1.074
2.063
iteration  0
00:   0.037600 0.000000 0.576956 0.002395 0.171860 
01:   0.037468 0.000000 0.584280 0.002394 0.184355 
02:   0.037254 0.000000 0.587311 0.002395 0.180447 
03:   0.036930 0.000000 0.588456 0.002394 0.178759 
04:   0.037141 0.000000 0.589637 0.002396 0.177743 
05:   0.037245 0.000000 0.590018 0.002397 0.177370 
06:   0.037052 0.000000 0.590799 0.002397 0.177227 
07:   0.037702 0.000000 0.589436 0.002397 0.175717 
iteration  1
00:   0.054346 0.000000 0.195709 0.005979 0.279523 
01:   0.053263 0.000000 0.197041 0.005979 0.310350 
02:   0.052834 0.000000 0.196935 0.005979 0.309071 
03:   0.052501 0.000000 0.198269 0.005980 0.310602 
04:   0.051428 0.000000 0.198187 0.005975 0.310454 
05:   0.051014 0.000001 0.198898 0.005976 0.311306 
06:   0.050903 0.000001 0.197809 0.005979 0.310296 
07:   0.050656 0.000001 0.198125 0.005988 0.309617 
iteration  2
00:   0.073937 0.000000 0.076132 0.006314 0.123153 
01:   0.072947 0.000000 0.075820 0.006317 0.139452 
02:   0.072732 0.000000 0.076079 0.006316 0.140755 
03:   0.072318 0.000000 0.076380 0.006315 0.141165 
04:   0.072069 0.000000 0.076201 0.006320 0.140457 
05:   0.072225 0.000000 0.076462 0.006293 0.141203 
06:   0.070855 0.000001 0.076227 0.006321 0.141147 
07:   0.071588 0.000001 0.075981 0.006314 0.140186 
iteration  3
00:   0.087885 0.000000 0.052066 0.006074 0.003634 
01:   0.086750 0.000000 0.052293 0.006079 0.003801 
02:   0.087905 0.000000 0.052374 0.006070 0.003801 
03:   0.087679 0.000000 0.052408 0.006068 0.003815 
04:   0.086030 0.000000 0.052277 0.006083 0.003736 
05:   0.088006 0.000000 0.052434 0.006069 0.003899 
06:   0.087935 0.000000 0.052269 0.006085 0.003811 
07:   0.086383 0.000000 0.052203 0.006073 0.003873 
iteration  4
00:   0.010317 0.000000 0.044179 0.005533 0.001257 
01:   0.010301 0.000000 0.044327 0.005537 0.001297 
02:   0.010132 0.000000 0.044297 0.005527 0.001271 
03:   0.010434 0.000000 0.044316 0.005530 0.001252 
04:   0.010008 0.000000 0.044327 0.005534 0.001283 
05:   0.010108 0.000000 0.044295 0.005527 0.001241 
06:   0.009980 0.000000 0.044329 0.005530 0.001284 
07:   0.010035 0.000000 0.044204 0.005528 0.001286 
iteration  5
00:   0.003160 0.000000 0.042501 0.003792 0.000878 
01:   0.003223 0.000000 0.042471 0.003793 0.000895 
02:   0.003110 0.000000 0.042551 0.003789 0.000888 
03:   0.003123 0.000000 0.042406 0.003791 0.000881 
04:   0.003183 0.000000 0.042506 0.003790 0.000890 
05:   0.003055 0.000000 0.042520 0.003787 0.000884 
06:   0.003149 0.000000 0.042384 0.003791 0.000883 
07:   0.003128 0.000000 0.042424 0.003785 0.000895 
iteration  6
00:   0.002379 0.000000 0.042790 0.003088 0.000811 
01:   0.002443 0.000000 0.042798 0.003080 0.000831 
02:   0.002405 0.000000 0.042849 0.003079 0.000839 
03:   0.002419 0.000000 0.042771 0.003081 0.000816 
04:   0.002424 0.000000 0.042855 0.003087 0.000824 
05:   0.002397 0.000000 0.042839 0.003078 0.000834 
06:   0.002346 0.000000 0.042745 0.003080 0.000836 
07:   0.002423 0.000000 0.042741 0.003080 0.000835 
iteration  7
00:   0.002105 0.000000 0.042725 0.001732 0.000766 
01:   0.002106 0.000000 0.042664 0.001734 0.000776 
02:   0.002131 0.000000 0.042700 0.001739 0.000781 
03:   0.002091 0.000000 0.042609 0.001742 0.000764 
04:   0.002127 0.000000 0.042632 0.001737 0.000770 
05:   0.002112 0.000000 0.042635 0.001741 0.000774 
06:   0.002039 0.000000 0.042529 0.001738 0.000773 
07:   0.002126 0.000000 0.042558 0.001737 0.000780 
/nethome/kalgin/z/mst/run.xeon.sh: line 45: 62742 Killed                  ./turbobust_stub.out $i 16
threadsCount = 16
loopsCount = 0
Done
iterationNumber = 0
iterationNumber = 1
iterationNumber = 2
iterationNumber = 3
iterationNumber = 4
iterationNumber = 5
iterationNumber = 6
iterationNumber = 7
0.946
2.391
iteration  0
00:   0.022017 0.000000 0.465463 0.001960 0.378464 
01:   0.021695 0.000000 0.443474 0.001943 0.503309 
02:   0.021749 0.000000 0.472422 0.001948 0.514708 
03:   0.021706 0.000000 0.473402 0.001950 0.514337 
04:   0.021480 0.000000 0.445735 0.001961 0.516804 
05:   0.021768 0.000000 0.475175 0.001969 0.522079 
06:   0.021520 0.000000 0.473955 0.001946 0.523859 
07:   0.021859 0.000000 0.476949 0.001941 0.529498 
08:   0.019522 0.000000 0.413606 0.001963 0.542570 
09:   0.019236 0.000000 0.384673 0.002001 0.542231 
10:   0.019255 0.000000 0.413252 0.001964 0.543869 
11:   0.019012 0.000000 0.413189 0.001969 0.546109 
12:   0.019244 0.000000 0.413836 0.001953 0.546348 
13:   0.019221 0.000000 0.412880 0.001964 0.546590 
14:   0.019236 0.000000 0.411622 0.001970 0.545437 
15:   0.019868 0.000000 0.410949 0.001970 0.546255 
iteration  1
00:   0.034912 0.000000 0.161663 0.006433 0.370804 
01:   0.034089 0.000000 0.152338 0.006454 0.429718 
02:   0.034914 0.000000 0.161827 0.006430 0.435679 
03:   0.034510 0.000000 0.161365 0.006427 0.439366 
04:   0.033537 0.000000 0.152951 0.006410 0.438009 
05:   0.034607 0.000000 0.163688 0.006410 0.442319 
06:   0.033838 0.000000 0.162664 0.006408 0.441397 
07:   0.033754 0.000000 0.163088 0.006388 0.444910 
08:   0.029410 0.000000 0.146691 0.006396 0.451234 
09:   0.028947 0.000001 0.138422 0.006399 0.450645 
10:   0.028974 0.000001 0.146160 0.006400 0.450821 
11:   0.028937 0.000000 0.146347 0.006402 0.452363 
12:   0.028865 0.000001 0.146108 0.006420 0.450163 
13:   0.028653 0.000000 0.146056 0.006397 0.451234 
14:   0.028567 0.000000 0.145417 0.006413 0.451661 
15:   0.028640 0.000000 0.145730 0.006399 0.452061 
iteration  2
00:   0.045944 0.000000 0.067005 0.005360 0.172257 
01:   0.045007 0.000000 0.064744 0.005315 0.209038 
02:   0.045010 0.000000 0.066782 0.005282 0.205912 
03:   0.044323 0.000000 0.066582 0.005334 0.210275 
04:   0.044354 0.000000 0.064707 0.005323 0.207659 
05:   0.044781 0.000000 0.066857 0.005289 0.211534 
06:   0.043831 0.000000 0.066686 0.005314 0.210715 
07:   0.044275 0.000000 0.067094 0.005295 0.213912 
08:   0.040200 0.000001 0.062277 0.005332 0.212182 
09:   0.039978 0.000001 0.060624 0.005322 0.207896 
10:   0.040212 0.000000 0.062156 0.005298 0.213441 
11:   0.040053 0.000000 0.062222 0.005301 0.214325 
12:   0.039033 0.000001 0.062163 0.005289 0.214327 
13:   0.039584 0.000000 0.062139 0.005284 0.214765 
14:   0.039687 0.000000 0.061797 0.005285 0.212311 
15:   0.039401 0.000000 0.061850 0.005340 0.214075 
iteration  3
00:   0.055817 0.000000 0.051972 0.004277 0.003095 
01:   0.055615 0.000000 0.051206 0.004289 0.004010 
02:   0.055228 0.000000 0.052118 0.004293 0.004142 
03:   0.054582 0.000000 0.051963 0.004280 0.003933 
04:   0.055036 0.000000 0.051259 0.004332 0.003553 
05:   0.055968 0.000000 0.052088 0.004275 0.003986 
06:   0.055579 0.000000 0.052165 0.004301 0.003991 
07:   0.055316 0.000000 0.052222 0.004262 0.004064 
08:   0.051724 0.000000 0.048030 0.004275 0.003817 
09:   0.049634 0.000000 0.047401 0.004260 0.003623 
10:   0.051374 0.000000 0.047903 0.004316 0.003578 
11:   0.051490 0.000000 0.047848 0.004269 0.003610 
12:   0.051900 0.000000 0.047928 0.004287 0.003922 
13:   0.051481 0.000000 0.047872 0.004267 0.003862 
14:   0.050944 0.000000 0.047830 0.004305 0.003950 
15:   0.050124 0.000000 0.047770 0.004258 0.003736 
iteration  4
00:   0.006631 0.000000 0.048086 0.003472 0.000741 
01:   0.007125 0.000000 0.047920 0.003453 0.000758 
02:   0.007093 0.000000 0.048192 0.003446 0.000807 
03:   0.006711 0.000001 0.048154 0.003439 0.000780 
04:   0.006847 0.000000 0.047913 0.003438 0.000776 
05:   0.006706 0.000000 0.048105 0.003502 0.000757 
06:   0.006952 0.000000 0.048063 0.003463 0.000768 
07:   0.007026 0.000000 0.048135 0.003442 0.000780 
08:   0.005530 0.000001 0.043594 0.003474 0.000654 
09:   0.005565 0.000000 0.043603 0.003481 0.000635 
10:   0.005634 0.000000 0.043468 0.003489 0.000631 
11:   0.005449 0.000000 0.043491 0.003491 0.000615 
12:   0.005624 0.000000 0.043572 0.003468 0.000650 
13:   0.005442 0.000000 0.043515 0.003485 0.000646 
14:   0.005679 0.000001 0.043555 0.003470 0.000645 
15:   0.005411 0.000000 0.043515 0.003487 0.000633 
iteration  5
00:   0.001762 0.000000 0.047869 0.002453 0.000552 
01:   0.001773 0.000000 0.047833 0.002441 0.000540 
02:   0.001861 0.000000 0.047860 0.002454 0.000553 
03:   0.001797 0.000000 0.047860 0.002436 0.000551 
04:   0.001772 0.000000 0.047752 0.002450 0.000549 
05:   0.001727 0.000000 0.047828 0.002509 0.000548 
06:   0.001741 0.000000 0.047814 0.002436 0.000536 
07:   0.001829 0.000000 0.047855 0.002471 0.000548 
08:   0.001665 0.000000 0.043111 0.002476 0.000454 
09:   0.001650 0.000000 0.043117 0.002467 0.000427 
10:   0.001591 0.000000 0.043096 0.002463 0.000431 
11:   0.001542 0.000000 0.043101 0.002490 0.000431 
12:   0.001643 0.000000 0.043066 0.002445 0.000423 
13:   0.001636 0.000000 0.043111 0.002502 0.000429 
14:   0.001646 0.000000 0.043119 0.002444 0.000444 
15:   0.001588 0.000000 0.043069 0.002499 0.000438 
iteration  6
00:   0.001151 0.000000 0.048257 0.001858 0.000512 
01:   0.001137 0.000000 0.048237 0.001918 0.000506 
02:   0.001188 0.000000 0.048253 0.001891 0.000515 
03:   0.001177 0.000000 0.048233 0.001859 0.000514 
04:   0.001162 0.000000 0.048224 0.001891 0.000519 
05:   0.001160 0.000000 0.048186 0.001890 0.000518 
06:   0.001154 0.000000 0.048228 0.001877 0.000512 
07:   0.001240 0.000000 0.048190 0.001852 0.000506 
08:   0.001146 0.000000 0.043357 0.001869 0.000399 
09:   0.001097 0.000000 0.043356 0.001892 0.000398 
10:   0.001150 0.000000 0.043326 0.001880 0.000400 
11:   0.001116 0.000000 0.043321 0.001903 0.000401 
12:   0.001125 0.000000 0.043297 0.001896 0.000395 
13:   0.001126 0.000000 0.043325 0.001869 0.000406 
14:   0.001149 0.000000 0.043317 0.001850 0.000401 
15:   0.001101 0.000000 0.043302 0.001873 0.000404 
iteration  7
00:   0.000953 0.000000 0.047504 0.001118 0.000461 
01:   0.000956 0.000000 0.047495 0.001128 0.000467 
02:   0.000968 0.000000 0.047499 0.001120 0.000466 
03:   0.000967 0.000000 0.047488 0.001120 0.000470 
04:   0.000967 0.000000 0.047409 0.001128 0.000470 
05:   0.000953 0.000000 0.047440 0.001116 0.000473 
06:   0.000955 0.000000 0.047495 0.001120 0.000463 
07:   0.001009 0.000000 0.047425 0.001121 0.000461 
08:   0.000932 0.000000 0.042792 0.001062 0.000368 
09:   0.000858 0.000000 0.042840 0.001067 0.000368 
10:   0.000937 0.000000 0.042830 0.001066 0.000362 
11:   0.000903 0.000000 0.042779 0.001066 0.000364 
12:   0.000916 0.000000 0.042774 0.001060 0.000360 
13:   0.000907 0.000000 0.042776 0.001064 0.000371 
14:   0.000929 0.000000 0.042738 0.001067 0.000364 
15:   0.000864 0.000000 0.042778 0.001069 0.000368 
/nethome/kalgin/z/mst/run.xeon.sh: line 45: 62761 Killed                  ./turbobust_stub.out $i 16
/nethome/kalgin/z/mst/run.xeon.sh: line 45: 62779 Segmentation fault      (core dumped) ./turbobust_stub.out $i 16
/nethome/kalgin/z/mst/run.xeon.sh: line 60: kill: (62779) - No such process
