threadsCount = 16
loopsCount = 0
7.685
1.496
threadsCount = 1
loopsCount = 0
Done
iterationNumber = 0
iterationNumber = 1
iterationNumber = 2
iterationNumber = 3
iterationNumber = 4
iterationNumber = 5
iterationNumber = 6
iterationNumber = 7
5.032
6.625
iteration  0
00:   0.223095 0.000000 2.056533 0.017730 0.806966 
iteration  1
00:   0.321436 0.000000 0.734190 0.041568 0.291073 
iteration  2
00:   0.409428 0.000000 0.263346 0.039662 0.097390 
iteration  3
00:   0.471952 0.000000 0.152005 0.039971 0.019957 
iteration  4
00:   0.053799 0.000000 0.113567 0.037328 0.008466 
iteration  5
00:   0.013175 0.000000 0.103241 0.024991 0.005799 
iteration  6
00:   0.008325 0.000000 0.101546 0.019697 0.005333 
iteration  7
00:   0.007637 0.000000 0.101466 0.010624 0.005405 
threadsCount = 2
loopsCount = 0
Done
iterationNumber = 0
iterationNumber = 1
iterationNumber = 2
iterationNumber = 3
iterationNumber = 4
iterationNumber = 5
iterationNumber = 6
iterationNumber = 7
3.614
4.257
iteration  0
00:   0.121564 0.000000 1.432132 0.009127 0.508754 
01:   0.116445 0.000000 1.414463 0.009031 0.462155 
iteration  1
00:   0.181750 0.000000 0.485939 0.023425 0.218892 
01:   0.157755 0.000000 0.479499 0.022903 0.222461 
iteration  2
00:   0.228995 0.000000 0.166804 0.022609 0.080848 
01:   0.210545 0.000000 0.160695 0.021377 0.081671 
iteration  3
00:   0.262603 0.000000 0.095743 0.021621 0.011390 
01:   0.246534 0.000000 0.089813 0.020881 0.010719 
iteration  4
00:   0.032187 0.000000 0.070136 0.020123 0.004630 
01:   0.027817 0.000000 0.066401 0.019138 0.004313 
iteration  5
00:   0.007485 0.000000 0.057754 0.013228 0.003088 
01:   0.006913 0.000000 0.057734 0.012939 0.002934 
iteration  6
00:   0.004618 0.000000 0.060076 0.010431 0.002847 
01:   0.004427 0.000000 0.059357 0.010067 0.002696 
iteration  7
00:   0.004363 0.000000 0.059220 0.007592 0.003088 
01:   0.004038 0.000000 0.058269 0.005571 0.002759 
/nethome/kalgin/z/mst/run.xeon.sh: line 45: 62160 Killed                  ./turbobust_stub.out $i 16
threadsCount = 4
loopsCount = 0
Done
iterationNumber = 0
iterationNumber = 1
iterationNumber = 2
iterationNumber = 3
iterationNumber = 4
iterationNumber = 5
iterationNumber = 6
iterationNumber = 7
2.003
2.619
iteration  0
00:   0.067159 0.000000 0.928189 0.004733 0.296974 
01:   0.062219 0.000000 0.904026 0.004717 0.279690 
02:   0.062156 0.000000 0.908865 0.004727 0.272320 
03:   0.062493 0.000000 0.912456 0.005101 0.271292 
iteration  1
00:   0.095643 0.000000 0.301486 0.012007 0.143887 
01:   0.089238 0.000000 0.299281 0.011786 0.146763 
02:   0.085947 0.000000 0.301704 0.011695 0.146784 
03:   0.084655 0.000000 0.299226 0.011734 0.145103 
iteration  2
00:   0.117208 0.000000 0.101398 0.010794 0.055130 
01:   0.115070 0.000000 0.101755 0.010813 0.060284 
02:   0.115119 0.000000 0.102024 0.010819 0.060451 
03:   0.113324 0.000000 0.101776 0.010830 0.060483 
iteration  3
00:   0.138422 0.000000 0.061646 0.010508 0.005884 
01:   0.139443 0.000000 0.061969 0.010528 0.006015 
02:   0.137767 0.000000 0.061863 0.010564 0.005884 
03:   0.138150 0.000000 0.061887 0.010571 0.006002 
iteration  4
00:   0.015953 0.000000 0.048164 0.009616 0.002226 
01:   0.015896 0.000000 0.047899 0.009625 0.002205 
02:   0.015470 0.000000 0.048036 0.009653 0.002191 
03:   0.015433 0.000000 0.048107 0.009670 0.002221 
iteration  5
00:   0.004084 0.000000 0.044349 0.006543 0.001544 
01:   0.003997 0.000000 0.044369 0.006591 0.001538 
02:   0.003994 0.000000 0.044345 0.006619 0.001538 
03:   0.004031 0.000000 0.044257 0.006612 0.001541 
iteration  6
00:   0.002800 0.000000 0.043890 0.005208 0.001423 
01:   0.002767 0.000000 0.043909 0.005287 0.001430 
02:   0.002773 0.000000 0.044006 0.005300 0.001425 
03:   0.002762 0.000000 0.043955 0.005213 0.001432 
iteration  7
00:   0.002426 0.000000 0.044415 0.003028 0.001448 
01:   0.002467 0.000000 0.044488 0.003060 0.001448 
02:   0.002478 0.000000 0.044397 0.003063 0.001454 
03:   0.002483 0.000000 0.044355 0.003004 0.001456 
/nethome/kalgin/z/mst/run.xeon.sh: line 45: 62177 Killed                  ./turbobust_stub.out $i 16
threadsCount = 8
loopsCount = 0
Done
iterationNumber = 0
iterationNumber = 1
iterationNumber = 2
iterationNumber = 3
iterationNumber = 4
iterationNumber = 5
iterationNumber = 6
iterationNumber = 7
0.983
2.060
iteration  0
00:   0.037653 0.000000 0.578351 0.002416 0.170900 
01:   0.037489 0.000000 0.583455 0.002418 0.184369 
02:   0.037125 0.000000 0.585427 0.002422 0.180637 
03:   0.037171 0.000000 0.587901 0.002422 0.178634 
04:   0.037230 0.000000 0.589524 0.002424 0.178284 
05:   0.037303 0.000000 0.589080 0.002421 0.177542 
06:   0.037063 0.000000 0.590224 0.002424 0.176449 
07:   0.037795 0.000000 0.588901 0.002424 0.175657 
iteration  1
00:   0.054354 0.000000 0.196099 0.006008 0.285345 
01:   0.053240 0.000000 0.197266 0.006000 0.312871 
02:   0.052761 0.000000 0.196976 0.006002 0.310935 
03:   0.051995 0.000000 0.198201 0.006003 0.313193 
04:   0.051561 0.000000 0.198642 0.005999 0.313814 
05:   0.051037 0.000000 0.198860 0.006004 0.314057 
06:   0.050818 0.000000 0.198308 0.006003 0.310821 
07:   0.051280 0.000000 0.198953 0.006005 0.313515 
iteration  2
00:   0.073894 0.000000 0.076014 0.006301 0.119581 
01:   0.073000 0.000000 0.075768 0.006303 0.135089 
02:   0.072698 0.000000 0.075940 0.006304 0.136880 
03:   0.071710 0.000000 0.076085 0.006300 0.136931 
04:   0.072068 0.000000 0.076109 0.006309 0.136419 
05:   0.072297 0.000000 0.076346 0.006302 0.137525 
06:   0.070963 0.000000 0.076131 0.006301 0.137534 
07:   0.072420 0.000000 0.076204 0.006303 0.136534 
iteration  3
00:   0.087865 0.000000 0.051751 0.006077 0.003686 
01:   0.086858 0.000000 0.051893 0.006082 0.003916 
02:   0.087990 0.000000 0.051977 0.006079 0.003920 
03:   0.087788 0.000000 0.052072 0.006081 0.003920 
04:   0.086109 0.000000 0.051856 0.006078 0.003856 
05:   0.087415 0.000000 0.051927 0.006079 0.003937 
06:   0.088006 0.000000 0.051838 0.006082 0.003890 
07:   0.087167 0.000000 0.052027 0.006074 0.003954 
iteration  4
00:   0.010343 0.000000 0.044107 0.005552 0.001257 
01:   0.010300 0.000000 0.044115 0.005552 0.001300 
02:   0.010113 0.000000 0.043969 0.005550 0.001268 
03:   0.010434 0.000000 0.044008 0.005552 0.001265 
04:   0.010001 0.000000 0.044127 0.005551 0.001284 
05:   0.010040 0.000000 0.043879 0.005558 0.001238 
06:   0.010006 0.000000 0.044049 0.005560 0.001284 
07:   0.010134 0.000000 0.044012 0.005552 0.001299 
iteration  5
00:   0.003123 0.000000 0.042463 0.003782 0.000866 
01:   0.003191 0.000000 0.042610 0.003787 0.000893 
02:   0.003093 0.000000 0.042469 0.003786 0.000881 
03:   0.003094 0.000000 0.042474 0.003783 0.000871 
04:   0.003155 0.000000 0.042487 0.003782 0.000885 
05:   0.003025 0.000000 0.042393 0.003785 0.000882 
06:   0.003123 0.000000 0.042435 0.003781 0.000863 
07:   0.003116 0.000000 0.042551 0.003795 0.000902 
iteration  6
00:   0.002389 0.000000 0.042616 0.003015 0.000831 
01:   0.002455 0.000000 0.042632 0.003014 0.000840 
02:   0.002413 0.000000 0.042649 0.003018 0.000843 
03:   0.002408 0.000000 0.042652 0.003015 0.000826 
04:   0.002426 0.000000 0.042620 0.003016 0.000835 
05:   0.002422 0.000000 0.042598 0.003014 0.000833 
06:   0.002367 0.000000 0.042479 0.003015 0.000834 
07:   0.002440 0.000000 0.042626 0.003018 0.000853 
iteration  7
00:   0.002061 0.000000 0.042685 0.001556 0.000773 
01:   0.002127 0.000000 0.042784 0.001553 0.000782 
02:   0.002118 0.000000 0.042633 0.001553 0.000785 
03:   0.002044 0.000000 0.042611 0.001553 0.000781 
04:   0.002126 0.000000 0.042650 0.001553 0.000773 
05:   0.002121 0.000000 0.042578 0.001551 0.000768 
06:   0.002083 0.000000 0.042554 0.001554 0.000778 
07:   0.002103 0.000000 0.042674 0.001557 0.000783 
/nethome/kalgin/z/mst/run.xeon.sh: line 45: 62196 Killed                  ./turbobust_stub.out $i 16
threadsCount = 16
loopsCount = 0
Done
iterationNumber = 0
iterationNumber = 1
iterationNumber = 2
iterationNumber = 3
iterationNumber = 4
iterationNumber = 5
iterationNumber = 6
iterationNumber = 7
0.882
2.373
iteration  0
00:   0.021743 0.000000 0.453943 0.001965 0.386484 
01:   0.021607 0.000000 0.459922 0.001952 0.512994 
02:   0.021881 0.000000 0.461676 0.001950 0.521816 
03:   0.021828 0.000000 0.462280 0.001956 0.523363 
04:   0.021785 0.000000 0.463084 0.001951 0.525904 
05:   0.021568 0.000000 0.432569 0.001950 0.526712 
06:   0.021693 0.000000 0.462239 0.001966 0.531036 
07:   0.021727 0.000000 0.464838 0.001952 0.535283 
08:   0.020537 0.000000 0.407495 0.001973 0.545480 
09:   0.020656 0.000000 0.407320 0.001969 0.544961 
10:   0.020515 0.000000 0.407903 0.001970 0.545566 
11:   0.020389 0.000000 0.382568 0.001952 0.547064 
12:   0.020451 0.000000 0.383765 0.001983 0.547622 
13:   0.020340 0.000000 0.406674 0.001981 0.548015 
14:   0.020223 0.000000 0.382387 0.001964 0.547002 
15:   0.020968 0.000000 0.382058 0.001982 0.547853 
iteration  1
00:   0.035848 0.000000 0.161358 0.006407 0.372410 
01:   0.036122 0.000000 0.160840 0.006406 0.431771 
02:   0.036017 0.000000 0.162376 0.006407 0.440222 
03:   0.035292 0.000000 0.161586 0.006424 0.440191 
04:   0.035215 0.000000 0.161662 0.006413 0.438168 
05:   0.034159 0.000000 0.154062 0.006438 0.443435 
06:   0.034675 0.000000 0.162542 0.006403 0.444575 
07:   0.034482 0.000000 0.162960 0.006414 0.443897 
08:   0.031548 0.000000 0.146778 0.006386 0.449724 
09:   0.031290 0.000000 0.145861 0.006407 0.451469 
10:   0.031110 0.000000 0.145965 0.006378 0.452851 
11:   0.030894 0.000000 0.139324 0.006385 0.454305 
12:   0.030855 0.000000 0.138756 0.006375 0.451043 
13:   0.030833 0.000000 0.146060 0.006387 0.453272 
14:   0.030660 0.000000 0.138507 0.006377 0.452135 
15:   0.030696 0.000000 0.138825 0.006389 0.453042 
iteration  2
00:   0.046283 0.000000 0.067536 0.005292 0.169587 
01:   0.045170 0.000000 0.067325 0.005281 0.198895 
02:   0.045147 0.000001 0.067307 0.005300 0.201008 
03:   0.044431 0.000000 0.067087 0.005294 0.194953 
04:   0.044467 0.000000 0.067305 0.005324 0.201474 
05:   0.045117 0.000000 0.065322 0.005295 0.202936 
06:   0.043889 0.000000 0.067233 0.005297 0.202260 
07:   0.044272 0.000000 0.067538 0.005327 0.204555 
08:   0.040705 0.000000 0.062799 0.005304 0.204665 
09:   0.040429 0.000001 0.062316 0.005332 0.200408 
10:   0.040778 0.000001 0.062644 0.005280 0.202984 
11:   0.040464 0.000000 0.061391 0.005275 0.203968 
12:   0.039492 0.000000 0.061338 0.005305 0.204701 
13:   0.040084 0.000000 0.062571 0.005317 0.204863 
14:   0.040160 0.000000 0.061005 0.005302 0.199268 
15:   0.039891 0.000000 0.061134 0.005281 0.204475 
iteration  3
00:   0.055247 0.000000 0.052115 0.004218 0.002664 
01:   0.055048 0.000000 0.052228 0.004246 0.004041 
02:   0.054724 0.000000 0.052260 0.004248 0.003947 
03:   0.054244 0.000000 0.052136 0.004251 0.003642 
04:   0.054599 0.000000 0.052328 0.004247 0.003753 
05:   0.055518 0.000000 0.051302 0.004229 0.003822 
06:   0.055114 0.000000 0.052334 0.004229 0.004101 
07:   0.054853 0.000000 0.052322 0.004244 0.004054 
08:   0.050799 0.000000 0.048149 0.004249 0.003700 
09:   0.048865 0.000000 0.047843 0.004266 0.003730 
10:   0.050565 0.000000 0.048040 0.004299 0.003705 
11:   0.050529 0.000000 0.047643 0.004272 0.003841 
12:   0.050946 0.000000 0.047742 0.004281 0.003926 
13:   0.050462 0.000000 0.047977 0.004242 0.003896 
14:   0.050362 0.000000 0.047756 0.004301 0.003889 
15:   0.049176 0.000000 0.047606 0.004232 0.003590 
iteration  4
00:   0.006649 0.000000 0.048317 0.003417 0.000750 
01:   0.007107 0.000000 0.048365 0.003436 0.000778 
02:   0.007101 0.000000 0.048437 0.003439 0.000807 
03:   0.006736 0.000000 0.048328 0.003439 0.000791 
04:   0.006845 0.000000 0.048359 0.003431 0.000787 
05:   0.006711 0.000000 0.048032 0.003476 0.000752 
06:   0.006948 0.000000 0.048310 0.003440 0.000770 
07:   0.007016 0.000000 0.048354 0.003465 0.000769 
08:   0.005590 0.000000 0.043760 0.003465 0.000653 
09:   0.005610 0.000000 0.043775 0.003464 0.000650 
10:   0.005679 0.000000 0.043707 0.003418 0.000635 
11:   0.005505 0.000000 0.043623 0.003425 0.000609 
12:   0.005658 0.000000 0.043612 0.003436 0.000637 
13:   0.005470 0.000000 0.043684 0.003439 0.000642 
14:   0.005764 0.000000 0.043731 0.003419 0.000637 
15:   0.005463 0.000000 0.043657 0.003449 0.000628 
iteration  5
00:   0.001775 0.000000 0.047816 0.002483 0.000535 
01:   0.001777 0.000000 0.047819 0.002459 0.000524 
02:   0.001874 0.000000 0.047864 0.002467 0.000544 
03:   0.001808 0.000000 0.047837 0.002464 0.000546 
04:   0.001793 0.000000 0.047815 0.002465 0.000541 
05:   0.001746 0.000000 0.047705 0.002458 0.000532 
06:   0.001765 0.000000 0.047734 0.002460 0.000531 
07:   0.001865 0.000000 0.047821 0.002471 0.000540 
08:   0.001656 0.000000 0.043079 0.002519 0.000438 
09:   0.001657 0.000000 0.043093 0.002519 0.000419 
10:   0.001611 0.000000 0.043029 0.002467 0.000426 
11:   0.001548 0.000000 0.043035 0.002514 0.000419 
12:   0.001641 0.000000 0.042991 0.002495 0.000411 
13:   0.001609 0.000000 0.042994 0.002485 0.000421 
14:   0.001633 0.000000 0.043125 0.002467 0.000433 
15:   0.001606 0.000000 0.042967 0.002470 0.000425 
iteration  6
00:   0.001145 0.000000 0.048119 0.001894 0.000515 
01:   0.001115 0.000000 0.048097 0.001902 0.000509 
02:   0.001161 0.000000 0.048109 0.001903 0.000514 
03:   0.001159 0.000000 0.048079 0.001891 0.000523 
04:   0.001123 0.000000 0.048096 0.001874 0.000524 
05:   0.001140 0.000000 0.048085 0.001883 0.000520 
06:   0.001140 0.000000 0.048075 0.001903 0.000511 
07:   0.001205 0.000000 0.048056 0.001915 0.000506 
08:   0.001124 0.000000 0.043175 0.001873 0.000410 
09:   0.001098 0.000000 0.043207 0.001902 0.000404 
10:   0.001093 0.000000 0.043203 0.001941 0.000408 
11:   0.001090 0.000000 0.043148 0.001960 0.000405 
12:   0.001057 0.000000 0.043077 0.001952 0.000406 
13:   0.001093 0.000000 0.043141 0.001885 0.000411 
14:   0.001128 0.000000 0.043153 0.001906 0.000413 
15:   0.001087 0.000000 0.043048 0.001888 0.000404 
iteration  7
00:   0.000946 0.000000 0.047798 0.001147 0.000477 
01:   0.000955 0.000000 0.047802 0.001147 0.000479 
02:   0.000963 0.000000 0.047791 0.001143 0.000494 
03:   0.000975 0.000000 0.047803 0.001149 0.000493 
04:   0.000959 0.000000 0.047799 0.001135 0.000493 
05:   0.000961 0.000000 0.047742 0.001133 0.000488 
06:   0.000955 0.000000 0.047746 0.001132 0.000488 
07:   0.001007 0.000000 0.047801 0.001149 0.000475 
08:   0.000926 0.000000 0.042913 0.001075 0.000415 
09:   0.000923 0.000000 0.042963 0.001077 0.000405 
10:   0.000914 0.000000 0.042923 0.001070 0.000411 
11:   0.000915 0.000000 0.042969 0.001077 0.000406 
12:   0.000921 0.000000 0.042951 0.001075 0.000411 
13:   0.000926 0.000000 0.042926 0.001076 0.000414 
14:   0.000922 0.000000 0.042985 0.001079 0.000409 
15:   0.000928 0.000000 0.042954 0.001079 0.000406 
/nethome/kalgin/z/mst/run.xeon.sh: line 45: 62214 Killed                  ./turbobust_stub.out $i 16
/nethome/kalgin/z/mst/run.xeon.sh: line 45: 62232 Segmentation fault      (core dumped) ./turbobust_stub.out $i 16
/nethome/kalgin/z/mst/run.xeon.sh: line 60: kill: (62232) - No such process
