threadsCount = 16
loopsCount = 2164
7.572
3.777
threadsCount = 1
loopsCount = 2164
Done
iterationNumber = 0
iterationNumber = 1
iterationNumber = 2
iterationNumber = 3
iterationNumber = 4
iterationNumber = 5
iterationNumber = 6
5.934
8.840
iteration  0
00:   0.208651 0.612977 1.411898 0.015419 0.000000 0.218741 
iteration  1
00:   0.813871 0.159401 0.207749 0.030818 0.000000 0.033140 
iteration  2
00:   0.782890 0.076615 0.050333 0.021173 0.000000 0.009091 
iteration  3
00:   0.748635 0.068356 0.035127 0.016293 0.000000 0.006638 
iteration  4
00:   0.745363 0.067703 0.033882 0.015983 0.000000 0.006502 
iteration  5
00:   0.781857 0.067791 0.033758 0.014127 0.000000 0.006539 
iteration  6
00:   1.408594 0.067805 0.034124 0.005588 0.000000 0.006495 
threadsCount = 2
loopsCount = 2164
Done
iterationNumber = 0
iterationNumber = 1
iterationNumber = 2
iterationNumber = 3
iterationNumber = 4
iterationNumber = 5
iterationNumber = 6
3.258
5.865
iteration  0
00:   0.108238 0.331193 0.973478 0.007847 0.000000 0.114378 
01:   0.109471 0.320232 0.995497 0.007889 0.000000 0.113441 
iteration  1
00:   0.414897 0.085789 0.135638 0.016755 0.000000 0.018135 
01:   0.416754 0.085845 0.133589 0.016786 0.000000 0.017537 
iteration  2
00:   0.409411 0.043832 0.028330 0.010912 0.000000 0.004691 
01:   0.390169 0.043822 0.028501 0.010928 0.000000 0.004771 
iteration  3
00:   0.379842 0.039209 0.018566 0.008211 0.000000 0.003411 
01:   0.385784 0.039206 0.018520 0.008224 0.000000 0.003464 
iteration  4
00:   0.394777 0.038947 0.017563 0.007992 0.000000 0.003342 
01:   0.368155 0.038947 0.017521 0.007988 0.000000 0.003403 
iteration  5
00:   0.658076 0.038920 0.017544 0.007052 0.000000 0.003300 
01:   0.136001 0.038889 0.017515 0.007202 0.000000 0.003381 
iteration  6
00:   1.413825 0.038986 0.017920 0.002792 0.000000 0.003282 
01:   0.004971 0.038952 0.017906 0.002814 0.000000 0.003351 
/nethome/kalgin/z/mst/run.xeon.sh: line 45: 150898 Killed                  ./turbobust_stub.out $i 16
threadsCount = 4
loopsCount = 2164
Done
iterationNumber = 0
iterationNumber = 1
iterationNumber = 2
iterationNumber = 3
iterationNumber = 4
iterationNumber = 5
iterationNumber = 6
2.199
4.318
iteration  0
00:   0.062409 0.189908 0.688667 0.004012 0.000000 0.062243 
01:   0.059450 0.188608 0.695272 0.004015 0.000000 0.062869 
02:   0.057654 0.186237 0.695998 0.004024 0.000000 0.062484 
03:   0.058108 0.181528 0.695068 0.004023 0.000000 0.060668 
iteration  1
00:   0.229929 0.057421 0.091586 0.008680 0.000000 0.009803 
01:   0.225460 0.057416 0.092482 0.008686 0.000000 0.009924 
02:   0.219779 0.057435 0.090383 0.008671 0.000000 0.009578 
03:   0.215408 0.057432 0.090248 0.008702 0.000000 0.009457 
iteration  2
00:   0.216833 0.035983 0.017072 0.005532 0.000000 0.002443 
01:   0.217654 0.035995 0.017658 0.005623 0.000000 0.002537 
02:   0.206491 0.035987 0.017180 0.005641 0.000000 0.002479 
03:   0.205839 0.035986 0.017551 0.005645 0.000000 0.002558 
iteration  3
00:   0.185325 0.033943 0.010926 0.004140 0.000000 0.001821 
01:   0.220048 0.033944 0.010720 0.004137 0.000000 0.001781 
02:   0.193219 0.033942 0.010740 0.004093 0.000000 0.001826 
03:   0.218327 0.033943 0.010666 0.004249 0.000000 0.001845 
iteration  4
00:   0.250488 0.033998 0.010132 0.003954 0.000000 0.001765 
01:   0.170215 0.033998 0.010148 0.003994 0.000000 0.001750 
02:   0.239675 0.033998 0.010099 0.003998 0.000000 0.001778 
03:   0.151840 0.033997 0.010071 0.003961 0.000000 0.001798 
iteration  5
00:   0.144215 0.033976 0.010116 0.003513 0.000000 0.001765 
01:   0.538222 0.033977 0.010145 0.003527 0.000000 0.001755 
02:   0.140524 0.033970 0.010058 0.003504 0.000000 0.001777 
03:   0.002623 0.033972 0.010020 0.003540 0.000000 0.001809 
iteration  6
00:   1.402456 0.033941 0.010254 0.001403 0.000000 0.001753 
01:   0.003039 0.033900 0.010388 0.001415 0.000000 0.001747 
02:   0.003034 0.033900 0.010321 0.001424 0.000000 0.001764 
03:   0.003067 0.033900 0.010318 0.001431 0.000000 0.001790 
/nethome/kalgin/z/mst/run.xeon.sh: line 45: 150915 Killed                  ./turbobust_stub.out $i 16
threadsCount = 8
loopsCount = 2164
Done
iterationNumber = 0
iterationNumber = 1
iterationNumber = 2
iterationNumber = 3
iterationNumber = 4
iterationNumber = 5
iterationNumber = 6
1.294
3.560
iteration  0
00:   0.036994 0.137053 0.513373 0.002113 0.000000 0.037625 
01:   0.033554 0.136977 0.515935 0.002110 0.000000 0.036186 
02:   0.033987 0.136899 0.516924 0.002119 0.000000 0.035795 
03:   0.034554 0.135838 0.516404 0.002120 0.000000 0.036549 
04:   0.035274 0.135519 0.516184 0.002122 0.000000 0.036195 
05:   0.034979 0.134908 0.518440 0.002120 0.000000 0.036826 
06:   0.033404 0.133616 0.518441 0.002119 0.000000 0.036496 
07:   0.034128 0.131938 0.518663 0.002119 0.000000 0.035999 
iteration  1
00:   0.123560 0.049334 0.067733 0.004469 0.000000 0.006029 
01:   0.117911 0.049348 0.066141 0.004470 0.000000 0.005646 
02:   0.119771 0.049357 0.067036 0.004463 0.000000 0.005681 
03:   0.121106 0.049336 0.067849 0.004470 0.000000 0.005922 
04:   0.122387 0.049319 0.066409 0.004464 0.000000 0.005647 
05:   0.123740 0.049384 0.066435 0.004445 0.000000 0.005670 
06:   0.118654 0.049074 0.066928 0.004466 0.000000 0.005691 
07:   0.114962 0.049337 0.066925 0.004469 0.000000 0.005684 
iteration  2
00:   0.119661 0.035341 0.011770 0.002874 0.000000 0.001409 
01:   0.108742 0.035328 0.011933 0.002879 0.000000 0.001396 
02:   0.111799 0.035330 0.011943 0.002879 0.000000 0.001411 
03:   0.118512 0.035349 0.012331 0.002877 0.000000 0.001475 
04:   0.109944 0.035334 0.011815 0.002879 0.000000 0.001414 
05:   0.110838 0.035333 0.012009 0.002876 0.000000 0.001444 
06:   0.110589 0.035328 0.012192 0.002877 0.000000 0.001493 
07:   0.110327 0.035334 0.012023 0.002873 0.000000 0.001471 
iteration  3
00:   0.092797 0.034327 0.007964 0.002144 0.000000 0.001028 
01:   0.102641 0.034326 0.007907 0.002136 0.000000 0.000966 
02:   0.103904 0.034326 0.007850 0.002140 0.000000 0.001014 
03:   0.127835 0.034328 0.007854 0.002149 0.000000 0.000967 
04:   0.097615 0.034326 0.007745 0.002145 0.000000 0.001025 
05:   0.108211 0.034326 0.007931 0.002145 0.000000 0.001008 
06:   0.125272 0.034328 0.007864 0.002136 0.000000 0.001034 
07:   0.107735 0.034325 0.007761 0.002143 0.000000 0.001036 
iteration  4
00:   0.150237 0.034587 0.007911 0.002036 0.000000 0.000989 
01:   0.110410 0.034587 0.007756 0.002038 0.000000 0.000947 
02:   0.108292 0.034586 0.007905 0.002028 0.000000 0.000987 
03:   0.071036 0.034587 0.007794 0.002041 0.000000 0.000951 
04:   0.094665 0.034587 0.007742 0.002041 0.000000 0.000985 
05:   0.156715 0.034588 0.007778 0.002041 0.000000 0.000967 
06:   0.105856 0.034586 0.007623 0.002038 0.000000 0.001001 
07:   0.056111 0.034587 0.007757 0.002043 0.000000 0.001017 
iteration  5
00:   0.143771 0.033899 0.007866 0.001876 0.000000 0.000978 
01:   0.001964 0.033875 0.007824 0.001879 0.000000 0.000957 
02:   0.529544 0.033913 0.007856 0.001881 0.000000 0.000985 
03:   0.009966 0.033895 0.007859 0.001889 0.000000 0.000939 
04:   0.047212 0.033872 0.007857 0.001884 0.000000 0.001001 
05:   0.097480 0.033864 0.007728 0.001887 0.000000 0.000980 
06:   0.001943 0.033867 0.007738 0.001886 0.000000 0.000990 
07:   0.001956 0.033847 0.007825 0.001875 0.000000 0.001029 
iteration  6
00:   1.394234 0.034031 0.008068 0.000747 0.000000 0.000987 
01:   0.002734 0.033950 0.008069 0.000750 0.000000 0.000971 
02:   0.002831 0.033950 0.008053 0.000748 0.000000 0.000955 
03:   0.002802 0.033950 0.007938 0.000748 0.000000 0.000967 
04:   0.002849 0.033942 0.007881 0.000749 0.000000 0.000984 
05:   0.002781 0.033889 0.007899 0.000746 0.000000 0.000975 
06:   0.002828 0.033888 0.007758 0.000748 0.000000 0.000995 
07:   0.002685 0.033888 0.007974 0.000747 0.000000 0.001011 
/nethome/kalgin/z/mst/run.xeon.sh: line 45: 150933 Killed                  ./turbobust_stub.out $i 16
threadsCount = 16
loopsCount = 2164
Done
iterationNumber = 0
iterationNumber = 1
iterationNumber = 2
iterationNumber = 3
iterationNumber = 4
iterationNumber = 5
iterationNumber = 6
0.848
3.782
iteration  0
00:   0.018495 0.112132 0.487578 0.001732 0.000000 0.020315 
01:   0.018994 0.112404 0.436450 0.001704 0.000000 0.020807 
02:   0.018823 0.112514 0.484663 0.001736 0.000000 0.019766 
03:   0.018370 0.112338 0.437860 0.001721 0.000000 0.020292 
04:   0.018911 0.112439 0.437611 0.001744 0.000000 0.019905 
05:   0.018418 0.112313 0.439129 0.001765 0.000000 0.020196 
06:   0.018771 0.111452 0.485830 0.001730 0.000000 0.020591 
07:   0.019084 0.111448 0.488141 0.001742 0.000000 0.020220 
08:   0.017128 0.103357 0.414533 0.001712 0.000000 0.023912 
09:   0.017152 0.102992 0.381191 0.001753 0.000000 0.023568 
10:   0.017142 0.103201 0.418791 0.001718 0.000000 0.023978 
11:   0.017316 0.102846 0.415834 0.001753 0.000000 0.024145 
12:   0.016650 0.102755 0.415848 0.001733 0.000000 0.024082 
13:   0.016842 0.102286 0.381177 0.001716 0.000000 0.022876 
14:   0.017362 0.101895 0.412575 0.001726 0.000000 0.023303 
15:   0.017814 0.101468 0.415969 0.001745 0.000000 0.023752 
iteration  1
00:   0.067662 0.045445 0.064437 0.004611 0.000000 0.003387 
01:   0.069500 0.045442 0.056675 0.004701 0.000000 0.003345 
02:   0.065730 0.045440 0.061327 0.004620 0.000000 0.003066 
03:   0.066731 0.045445 0.056023 0.004633 0.000000 0.003251 
04:   0.066002 0.045428 0.056363 0.004602 0.000000 0.003159 
05:   0.066968 0.045437 0.057044 0.004637 0.000000 0.003267 
06:   0.067484 0.045265 0.062910 0.004605 0.000000 0.003320 
07:   0.067064 0.045431 0.064302 0.004669 0.000000 0.003415 
08:   0.073755 0.044937 0.052579 0.004670 0.000000 0.003309 
09:   0.072764 0.044906 0.049188 0.004605 0.000000 0.003401 
10:   0.074598 0.044960 0.052257 0.004609 0.000000 0.003391 
11:   0.073802 0.044923 0.052204 0.004636 0.000000 0.003337 
12:   0.072977 0.044885 0.053016 0.004642 0.000000 0.003370 
13:   0.071734 0.044925 0.048439 0.004613 0.000000 0.003217 
14:   0.072494 0.044756 0.052702 0.004643 0.000000 0.003319 
15:   0.069821 0.044927 0.052890 0.004599 0.000000 0.003310 
iteration  2
00:   0.069904 0.037583 0.012351 0.002116 0.000000 0.000812 
01:   0.067748 0.037582 0.011481 0.002150 0.000000 0.000811 
02:   0.060000 0.037578 0.012253 0.002146 0.000000 0.000805 
03:   0.065329 0.037579 0.011554 0.002150 0.000000 0.000822 
04:   0.063241 0.037575 0.011267 0.002093 0.000000 0.000810 
05:   0.066278 0.037578 0.011727 0.002115 0.000000 0.000850 
06:   0.067013 0.037580 0.012624 0.002103 0.000000 0.000885 
07:   0.071458 0.037583 0.012489 0.002146 0.000000 0.000822 
08:   0.066659 0.037564 0.008079 0.002110 0.000000 0.000724 
09:   0.069259 0.037564 0.007883 0.002080 0.000000 0.000687 
10:   0.069063 0.037565 0.008249 0.002098 0.000000 0.000731 
11:   0.067732 0.037564 0.008142 0.002103 0.000000 0.000717 
12:   0.069786 0.037568 0.008357 0.002111 0.000000 0.000782 
13:   0.066068 0.037564 0.007956 0.002079 0.000000 0.000730 
14:   0.068355 0.037565 0.007966 0.002092 0.000000 0.000701 
15:   0.067482 0.037566 0.008066 0.002098 0.000000 0.000751 
iteration  3
00:   0.052851 0.037102 0.009863 0.001195 0.000000 0.000612 
01:   0.052285 0.037102 0.009817 0.001195 0.000000 0.000599 
02:   0.055421 0.037102 0.009770 0.001202 0.000000 0.000598 
03:   0.061818 0.037102 0.009784 0.001221 0.000000 0.000595 
04:   0.047574 0.037102 0.009715 0.001184 0.000000 0.000607 
05:   0.071813 0.037102 0.009683 0.001192 0.000000 0.000594 
06:   0.085777 0.037102 0.009737 0.001203 0.000000 0.000597 
07:   0.063541 0.037101 0.009793 0.001240 0.000000 0.000592 
08:   0.063965 0.037101 0.005124 0.001178 0.000000 0.000478 
09:   0.057260 0.037101 0.005125 0.001200 0.000000 0.000469 
10:   0.072983 0.037101 0.005134 0.001198 0.000000 0.000480 
11:   0.061690 0.037101 0.005185 0.001195 0.000000 0.000482 
12:   0.083075 0.037102 0.005117 0.001215 0.000000 0.000491 
13:   0.073570 0.037101 0.005115 0.001218 0.000000 0.000478 
14:   0.062090 0.037101 0.005006 0.001207 0.000000 0.000478 
15:   0.071291 0.037101 0.005061 0.001205 0.000000 0.000485 
iteration  4
00:   0.088616 0.037144 0.009649 0.001051 0.000000 0.000586 
01:   0.085118 0.037144 0.009673 0.001056 0.000000 0.000575 
02:   0.061405 0.037143 0.009610 0.001079 0.000000 0.000573 
03:   0.065601 0.037144 0.009637 0.001055 0.000000 0.000574 
04:   0.057687 0.037143 0.009630 0.001098 0.000000 0.000597 
05:   0.067067 0.037143 0.009643 0.001073 0.000000 0.000579 
06:   0.016847 0.037142 0.009556 0.001084 0.000000 0.000585 
07:   0.064616 0.037144 0.009624 0.001087 0.000000 0.000576 
08:   0.058159 0.037143 0.005012 0.001112 0.000000 0.000450 
09:   0.059353 0.037143 0.005042 0.001082 0.000000 0.000452 
10:   0.098339 0.037144 0.005027 0.001124 0.000000 0.000450 
11:   0.100759 0.037144 0.005035 0.001079 0.000000 0.000453 
12:   0.071447 0.037143 0.004984 0.001111 0.000000 0.000458 
13:   0.059756 0.037143 0.004964 0.001116 0.000000 0.000462 
14:   0.045633 0.037143 0.004995 0.001075 0.000000 0.000460 
15:   0.023031 0.037143 0.004946 0.001075 0.000000 0.000481 
iteration  5
00:   0.093671 0.037177 0.009761 0.000929 0.000000 0.000593 
01:   0.079227 0.037165 0.009766 0.000945 0.000000 0.000594 
02:   0.000741 0.037123 0.009755 0.000933 0.000000 0.000581 
03:   0.000714 0.037149 0.009768 0.000978 0.000000 0.000574 
04:   0.437787 0.037179 0.009747 0.000975 0.000000 0.000587 
05:   0.228587 0.037179 0.009730 0.000954 0.000000 0.000588 
06:   0.010511 0.037170 0.009725 0.000946 0.000000 0.000589 
07:   0.001198 0.037175 0.009690 0.001014 0.000000 0.000585 
08:   0.000966 0.037161 0.005035 0.000985 0.000000 0.000464 
09:   0.060226 0.037154 0.005050 0.000966 0.000000 0.000461 
10:   0.083483 0.037158 0.005034 0.000984 0.000000 0.000450 
11:   0.044728 0.037162 0.005013 0.000981 0.000000 0.000461 
12:   0.001032 0.037162 0.004978 0.000950 0.000000 0.000460 
13:   0.001005 0.037155 0.004958 0.000959 0.000000 0.000470 
14:   0.000955 0.037160 0.004981 0.000981 0.000000 0.000468 
15:   0.000971 0.037162 0.004972 0.000937 0.000000 0.000483 
iteration  6
00:   0.001516 0.038443 0.009796 0.000492 0.000000 0.000629 
01:   1.982351 0.038444 0.009778 0.000505 0.000000 0.000609 
02:   0.000932 0.038394 0.009803 0.000504 0.000000 0.000599 
03:   0.000877 0.038393 0.009749 0.000488 0.000000 0.000601 
04:   0.000924 0.038392 0.009796 0.000510 0.000000 0.000626 
05:   0.000857 0.038323 0.009807 0.000505 0.000000 0.000597 
06:   0.001526 0.038318 0.009718 0.000490 0.000000 0.000620 
07:   0.001553 0.038323 0.009801 0.000507 0.000000 0.000602 
08:   0.001251 0.038375 0.005111 0.000433 0.000000 0.000509 
09:   0.001232 0.038327 0.005073 0.000435 0.000000 0.000500 
10:   0.001206 0.038326 0.005100 0.000434 0.000000 0.000503 
11:   0.001213 0.038324 0.005050 0.000432 0.000000 0.000492 
12:   0.001415 0.038375 0.005012 0.000435 0.000000 0.000515 
13:   0.001368 0.038323 0.005039 0.000433 0.000000 0.000512 
14:   0.001189 0.038322 0.005021 0.000436 0.000000 0.000515 
15:   0.001238 0.038321 0.005160 0.000431 0.000000 0.000528 
/nethome/kalgin/z/mst/run.xeon.sh: line 45: 150951 Killed                  ./turbobust_stub.out $i 16
/nethome/kalgin/z/mst/run.xeon.sh: line 45: 150970 Segmentation fault      (core dumped) ./turbobust_stub.out $i 16
/nethome/kalgin/z/mst/run.xeon.sh: line 60: kill: (150970) - No such process
