threadsCount = 16
loopsCount = 2164
7.586
3.794
threadsCount = 1
loopsCount = 2164
Done
iterationNumber = 0
iterationNumber = 1
iterationNumber = 2
iterationNumber = 3
iterationNumber = 4
iterationNumber = 5
iterationNumber = 6
6.127
3.466
iteration  0
00:   0.311365 0.000000 0.077226 0.072260 0.423988 
iteration  1
00:   0.278671 0.000000 0.033674 0.070351 0.148665 
iteration  2
00:   0.175160 0.000000 0.013253 0.052702 0.077953 
iteration  3
00:   0.143981 0.000000 0.007507 0.044943 0.071978 
iteration  4
00:   0.110037 0.024503 0.007074 0.041900 0.064004 
iteration  5
00:   0.020414 0.120996 0.007042 0.035400 0.067771 
iteration  6
00:   0.010198 0.906694 0.006902 0.006003 0.010203 
threadsCount = 2
loopsCount = 2164
Done
iterationNumber = 0
iterationNumber = 1
iterationNumber = 2
iterationNumber = 3
iterationNumber = 4
iterationNumber = 5
iterationNumber = 6
3.335
1.993
iteration  0
00:   0.165257 0.000000 0.041836 0.040247 0.228607 
01:   0.168726 0.000000 0.041784 0.040058 0.220842 
iteration  1
00:   0.147457 0.000000 0.017636 0.038444 0.104324 
01:   0.140078 0.000000 0.017452 0.038474 0.103046 
iteration  2
00:   0.094475 0.000000 0.007252 0.026943 0.062113 
01:   0.087150 0.000000 0.007066 0.026953 0.060147 
iteration  3
00:   0.077816 0.000000 0.003943 0.022607 0.059375 
01:   0.071654 0.000000 0.003922 0.022631 0.058294 
iteration  4
00:   0.060833 0.013354 0.003643 0.021714 0.057690 
01:   0.053807 0.013354 0.003669 0.021744 0.043872 
iteration  5
00:   0.012853 0.063622 0.003688 0.018113 0.067457 
01:   0.008788 0.063660 0.003678 0.018116 0.005234 
iteration  6
00:   0.005640 0.479914 0.003629 0.003031 0.010271 
01:   0.005683 0.482376 0.003640 0.003035 0.005248 
/nethome/kalgin/z/mst/run.xeon.sh: line 45: 59845 Killed                  ./turbobust_stub.out $i 16
threadsCount = 4
loopsCount = 2164
Done
iterationNumber = 0
iterationNumber = 1
iterationNumber = 2
iterationNumber = 3
iterationNumber = 4
iterationNumber = 5
iterationNumber = 6
1.881
1.248
iteration  0
00:   0.097731 0.000000 0.024508 0.020488 0.134569 
01:   0.099221 0.000000 0.024462 0.020513 0.144305 
02:   0.098764 0.000000 0.024342 0.020495 0.142506 
03:   0.100055 0.000000 0.024210 0.020494 0.136226 
iteration  1
00:   0.080504 0.000000 0.009728 0.019612 0.071483 
01:   0.079779 0.000000 0.009566 0.019731 0.080788 
02:   0.077809 0.000000 0.009736 0.019735 0.080783 
03:   0.074286 0.000000 0.009545 0.019733 0.071376 
iteration  2
00:   0.051585 0.000000 0.004058 0.015219 0.038202 
01:   0.050602 0.000000 0.004043 0.015229 0.049310 
02:   0.048610 0.000000 0.004027 0.015258 0.049778 
03:   0.045650 0.000000 0.003894 0.015282 0.037882 
iteration  3
00:   0.040714 0.000000 0.002247 0.011299 0.038592 
01:   0.044253 0.000000 0.002240 0.011291 0.046504 
02:   0.041624 0.000000 0.002208 0.011302 0.049433 
03:   0.036608 0.000000 0.002205 0.011320 0.038529 
iteration  4
00:   0.031795 0.008409 0.002055 0.010781 0.055584 
01:   0.034331 0.008621 0.002059 0.010772 0.037064 
02:   0.036410 0.008393 0.002033 0.010795 0.029742 
03:   0.021695 0.008526 0.002049 0.010823 0.040069 
iteration  5
00:   0.008811 0.035289 0.002075 0.008983 0.067407 
01:   0.005317 0.035252 0.002076 0.008959 0.005207 
02:   0.006751 0.035163 0.002065 0.008945 0.005207 
03:   0.003346 0.034847 0.002067 0.008989 0.005207 
iteration  6
00:   0.003332 0.261229 0.001977 0.001571 0.010277 
01:   0.003220 0.263009 0.001970 0.001568 0.005191 
02:   0.003380 0.263490 0.001976 0.001574 0.005191 
03:   0.003374 0.262467 0.001972 0.001547 0.005192 
/nethome/kalgin/z/mst/run.xeon.sh: line 45: 59862 Killed                  ./turbobust_stub.out $i 16
threadsCount = 8
loopsCount = 2164
Done
iterationNumber = 0
iterationNumber = 1
iterationNumber = 2
iterationNumber = 3
iterationNumber = 4
iterationNumber = 5
iterationNumber = 6
1.768
1.057
iteration  0
00:   0.075322 0.000000 0.018706 0.011923 0.171068 
01:   0.080097 0.000000 0.018679 0.011925 0.209085 
02:   0.079940 0.000000 0.018740 0.011930 0.211400 
03:   0.079703 0.000000 0.018697 0.011925 0.209093 
04:   0.079499 0.000000 0.018737 0.011917 0.209085 
05:   0.079115 0.000000 0.018632 0.011926 0.208440 
06:   0.079355 0.000000 0.018634 0.011918 0.201812 
07:   0.080895 0.000000 0.018432 0.011925 0.200547 
iteration  1
00:   0.049577 0.000000 0.006889 0.011431 0.069226 
01:   0.049473 0.000000 0.006683 0.011429 0.071092 
02:   0.049755 0.000000 0.006935 0.011438 0.076691 
03:   0.048328 0.000000 0.006836 0.011426 0.080184 
04:   0.048275 0.000000 0.006917 0.011425 0.080177 
05:   0.047882 0.000000 0.006730 0.011437 0.076689 
06:   0.046605 0.000000 0.006731 0.011432 0.070735 
07:   0.045719 0.000000 0.006530 0.011441 0.070751 
iteration  2
00:   0.031294 0.000000 0.002751 0.007864 0.032798 
01:   0.031587 0.000000 0.002781 0.007853 0.033608 
02:   0.031131 0.000000 0.002840 0.007862 0.043595 
03:   0.030890 0.000000 0.002856 0.007871 0.046189 
04:   0.029883 0.000000 0.002806 0.007853 0.048008 
05:   0.029596 0.000000 0.002752 0.007862 0.039713 
06:   0.028095 0.000000 0.002676 0.007863 0.033156 
07:   0.028197 0.000000 0.002672 0.007868 0.032800 
iteration  3
00:   0.024968 0.000000 0.001859 0.006564 0.032928 
01:   0.025167 0.000000 0.001848 0.006562 0.039193 
02:   0.027522 0.000000 0.001849 0.006574 0.039371 
03:   0.027077 0.000000 0.001837 0.006560 0.042066 
04:   0.028468 0.000000 0.001847 0.006564 0.041322 
05:   0.022373 0.000000 0.001836 0.006565 0.045016 
06:   0.020837 0.000000 0.001816 0.006565 0.037179 
07:   0.024650 0.000000 0.001821 0.006568 0.034337 
iteration  4
00:   0.021853 0.008855 0.001711 0.006409 0.018458 
01:   0.017064 0.008874 0.001802 0.006413 0.060230 
02:   0.019699 0.008809 0.001723 0.006420 0.031478 
03:   0.022489 0.008911 0.001718 0.006415 0.039368 
04:   0.021357 0.008731 0.001766 0.006414 0.022275 
05:   0.023076 0.008749 0.001768 0.006426 0.032636 
06:   0.017470 0.008792 0.001737 0.006417 0.040096 
07:   0.009415 0.008723 0.001734 0.006425 0.029215 
iteration  5
00:   0.008030 0.023347 0.001677 0.005240 0.006872 
01:   0.003522 0.023399 0.001705 0.005248 0.074602 
02:   0.002659 0.023391 0.001705 0.005253 0.005902 
03:   0.005069 0.023626 0.001723 0.005245 0.005899 
04:   0.002702 0.023395 0.001720 0.005244 0.005902 
05:   0.006411 0.023416 0.001726 0.005250 0.005904 
06:   0.002691 0.023309 0.001696 0.005251 0.005903 
07:   0.002614 0.023093 0.001719 0.005243 0.005902 
iteration  6
00:   0.002776 0.156310 0.001596 0.000805 0.006049 
01:   0.002721 0.155899 0.001599 0.000805 0.010287 
02:   0.002827 0.156061 0.001595 0.000805 0.005192 
03:   0.002832 0.158926 0.001595 0.000807 0.005190 
04:   0.002842 0.157337 0.001601 0.000804 0.005188 
05:   0.002809 0.156576 0.001580 0.000805 0.005190 
06:   0.002801 0.156357 0.001595 0.000796 0.005192 
07:   0.002704 0.156608 0.001596 0.000807 0.005193 
/nethome/kalgin/z/mst/run.xeon.sh: line 45: 59881 Killed                  ./turbobust_stub.out $i 16
threadsCount = 16
loopsCount = 2164
Done
iterationNumber = 0
iterationNumber = 1
iterationNumber = 2
iterationNumber = 3
iterationNumber = 4
iterationNumber = 5
iterationNumber = 6
4.499
1.122
iteration  0
00:   0.041058 0.000000 0.010032 0.010815 0.236125 
01:   0.041842 0.000000 0.010056 0.010814 0.338781 
02:   0.041465 0.000000 0.010005 0.010802 0.339116 
03:   0.041616 0.000000 0.009990 0.010803 0.340174 
04:   0.041867 0.000000 0.010084 0.010812 0.341164 
05:   0.041515 0.000000 0.009985 0.010797 0.343016 
06:   0.041510 0.000000 0.010181 0.010881 0.339371 
07:   0.041567 0.000000 0.010494 0.010801 0.338291 
08:   0.041601 0.000000 0.011269 0.010887 0.346002 
09:   0.041196 0.000000 0.011251 0.010765 0.345029 
10:   0.041488 0.000000 0.011235 0.010793 0.345841 
11:   0.040947 0.000000 0.011166 0.010829 0.342342 
12:   0.041153 0.000000 0.011219 0.010820 0.342199 
13:   0.041205 0.000000 0.011204 0.010831 0.331929 
14:   0.041488 0.000000 0.011175 0.010843 0.330326 
15:   0.041885 0.000000 0.011156 0.010843 0.327253 
iteration  1
00:   0.028592 0.000000 0.003721 0.009570 0.148586 
01:   0.028437 0.000000 0.003690 0.009647 0.167088 
02:   0.028198 0.000000 0.003698 0.009560 0.172607 
03:   0.028259 0.000000 0.003643 0.009581 0.174393 
04:   0.028568 0.000000 0.003690 0.009594 0.178701 
05:   0.028616 0.000000 0.003645 0.009569 0.180443 
06:   0.028074 0.000000 0.004006 0.009642 0.181325 
07:   0.027192 0.000000 0.004298 0.009577 0.181599 
08:   0.025794 0.000000 0.004059 0.009566 0.192316 
09:   0.025224 0.000000 0.004023 0.009593 0.192662 
10:   0.025751 0.000000 0.004035 0.009585 0.189409 
11:   0.024759 0.000000 0.003950 0.009593 0.188052 
12:   0.024858 0.000000 0.004037 0.009544 0.186338 
13:   0.024341 0.000001 0.003999 0.009523 0.183499 
14:   0.024169 0.000001 0.003988 0.009546 0.184202 
15:   0.023907 0.000001 0.003985 0.009667 0.178902 
iteration  2
00:   0.018305 0.000000 0.001223 0.005228 0.027231 
01:   0.019266 0.000000 0.001266 0.005244 0.034815 
02:   0.018961 0.000000 0.001261 0.005233 0.034311 
03:   0.018970 0.000000 0.001259 0.005241 0.035632 
04:   0.018840 0.000000 0.001236 0.005254 0.035650 
05:   0.018643 0.000000 0.001228 0.005210 0.042159 
06:   0.018901 0.000000 0.001377 0.005258 0.041712 
07:   0.018063 0.000000 0.001515 0.005280 0.043526 
08:   0.015650 0.000000 0.001504 0.005288 0.046417 
09:   0.016463 0.000000 0.001494 0.005279 0.045927 
10:   0.016136 0.000000 0.001456 0.005292 0.035935 
11:   0.015589 0.000000 0.001477 0.005270 0.034305 
12:   0.014649 0.000000 0.001483 0.005319 0.034256 
13:   0.015383 0.000000 0.001471 0.005246 0.034455 
14:   0.015326 0.000000 0.001465 0.005223 0.034327 
15:   0.014755 0.000000 0.001457 0.005276 0.034107 
iteration  3
00:   0.011748 0.000000 0.000679 0.003535 0.027566 
01:   0.018123 0.000000 0.000666 0.003498 0.027574 
02:   0.014215 0.000000 0.000679 0.003497 0.031119 
03:   0.015996 0.000000 0.000663 0.003541 0.033311 
04:   0.015038 0.000000 0.000690 0.003531 0.025698 
05:   0.018456 0.000000 0.000670 0.003497 0.041091 
06:   0.014791 0.000000 0.000679 0.003474 0.035386 
07:   0.017697 0.000000 0.000745 0.003472 0.040318 
08:   0.015075 0.000000 0.000819 0.003470 0.040474 
09:   0.015779 0.000000 0.000813 0.003438 0.038180 
10:   0.012210 0.000000 0.000815 0.003469 0.038369 
11:   0.011839 0.000000 0.000802 0.003451 0.039625 
12:   0.008993 0.000000 0.000800 0.003553 0.026596 
13:   0.013166 0.000000 0.000805 0.003458 0.038927 
14:   0.013911 0.000000 0.000806 0.003434 0.030736 
15:   0.012355 0.000000 0.000804 0.003494 0.031409 
iteration  4
00:   0.013501 0.007129 0.000856 0.003144 0.007330 
01:   0.012731 0.007069 0.000842 0.003177 0.018214 
02:   0.008887 0.007057 0.000870 0.003189 0.053302 
03:   0.011244 0.006967 0.000871 0.003117 0.036189 
04:   0.006576 0.006494 0.000879 0.003158 0.027256 
05:   0.016746 0.006575 0.000864 0.003120 0.031900 
06:   0.011681 0.006593 0.000848 0.003153 0.032623 
07:   0.015157 0.006877 0.000904 0.003093 0.031502 
08:   0.012706 0.006621 0.001135 0.003170 0.022004 
09:   0.010076 0.006535 0.001138 0.003120 0.022051 
10:   0.012506 0.006612 0.001084 0.003115 0.022355 
11:   0.012272 0.006494 0.001109 0.003161 0.032307 
12:   0.005162 0.006323 0.001094 0.003112 0.040889 
13:   0.013061 0.006493 0.001123 0.003178 0.011001 
14:   0.005048 0.006583 0.001097 0.003157 0.032183 
15:   0.005059 0.006399 0.001091 0.003181 0.006009 
iteration  5
00:   0.001017 0.016681 0.000605 0.002665 0.006935 
01:   0.008107 0.016657 0.000586 0.002660 0.006905 
02:   0.002057 0.016697 0.000576 0.002663 0.075715 
03:   0.000984 0.016653 0.000583 0.002664 0.006245 
04:   0.001019 0.016642 0.000583 0.002664 0.006232 
05:   0.001001 0.016652 0.000591 0.002661 0.006240 
06:   0.001256 0.015782 0.000588 0.002658 0.006241 
07:   0.004207 0.015777 0.000767 0.002662 0.006240 
08:   0.001273 0.014561 0.000835 0.002724 0.005843 
09:   0.001234 0.014578 0.000821 0.002712 0.005840 
10:   0.001586 0.014591 0.000816 0.002714 0.005847 
11:   0.005284 0.014582 0.000825 0.002702 0.006057 
12:   0.001273 0.014560 0.000808 0.002703 0.005844 
13:   0.001224 0.014290 0.000820 0.002723 0.005845 
14:   0.001195 0.014454 0.000836 0.002688 0.005826 
15:   0.001118 0.014157 0.000801 0.002695 0.005842 
iteration  6
00:   0.001109 0.112126 0.000598 0.000522 0.006894 
01:   0.001078 0.111994 0.000600 0.000484 0.006885 
02:   0.001081 0.111752 0.000593 0.000504 0.011828 
03:   0.001064 0.111792 0.000583 0.000512 0.005984 
04:   0.001103 0.111744 0.000605 0.000482 0.005990 
05:   0.001080 0.111691 0.000606 0.000531 0.006006 
06:   0.001268 0.112768 0.000613 0.000484 0.006042 
07:   0.001267 0.112313 0.000656 0.000488 0.005992 
08:   0.001307 0.087653 0.000652 0.000500 0.006049 
09:   0.001271 0.087328 0.000661 0.000515 0.006036 
10:   0.001301 0.087333 0.000654 0.000501 0.006028 
11:   0.001239 0.086618 0.000651 0.000481 0.006037 
12:   0.001315 0.086758 0.000661 0.000491 0.006037 
13:   0.001294 0.086379 0.000664 0.000482 0.006044 
14:   0.001289 0.086707 0.000654 0.000505 0.006040 
15:   0.001162 0.086414 0.000660 0.000482 0.006038 
/nethome/kalgin/z/mst/run.xeon.sh: line 45: 59899 Killed                  ./turbobust_stub.out $i 16
/nethome/kalgin/z/mst/run.xeon.sh: line 45: 59917 Segmentation fault      (core dumped) ./turbobust_stub.out $i 16
/nethome/kalgin/z/mst/run.xeon.sh: line 60: kill: (59917) - No such process
