threadsCount = 16
loopsCount = 0
7.685
1.498
threadsCount = 1
loopsCount = 0
Done
iterationNumber = 0
iterationNumber = 1
iterationNumber = 2
iterationNumber = 3
iterationNumber = 4
iterationNumber = 5
iterationNumber = 6
iterationNumber = 7
5.027
3.090
iteration  0
00:   0.343535 0.000000 0.088713 0.081782 0.349191 
iteration  1
00:   0.356537 0.000000 0.054418 0.066083 0.244478 
iteration  2
00:   0.421443 0.000000 0.029636 0.061837 0.095367 
iteration  3
00:   0.474705 0.000000 0.018661 0.062196 0.023656 
iteration  4
00:   0.055291 0.000001 0.010387 0.056606 0.012702 
iteration  5
00:   0.014954 0.000001 0.007559 0.033227 0.010506 
iteration  6
00:   0.009815 0.000001 0.007192 0.027799 0.010015 
iteration  7
00:   0.009062 0.000001 0.007157 0.010313 0.010020 
threadsCount = 2
loopsCount = 0
Done
iterationNumber = 0
iterationNumber = 1
iterationNumber = 2
iterationNumber = 3
iterationNumber = 4
iterationNumber = 5
iterationNumber = 6
iterationNumber = 7
2.734
1.814
iteration  0
00:   0.179975 0.000000 0.047156 0.044250 0.158275 
01:   0.183896 0.000000 0.047277 0.044247 0.159225 
iteration  1
00:   0.183290 0.000000 0.027759 0.036712 0.181104 
01:   0.182864 0.000000 0.027812 0.036754 0.196902 
iteration  2
00:   0.217280 0.000000 0.015267 0.033064 0.087521 
01:   0.218622 0.000000 0.015286 0.033154 0.091189 
iteration  3
00:   0.249710 0.000000 0.009564 0.032050 0.030503 
01:   0.248649 0.000000 0.009555 0.032190 0.030471 
iteration  4
00:   0.028746 0.000000 0.005435 0.028618 0.025740 
01:   0.029442 0.000000 0.005398 0.028745 0.025539 
iteration  5
00:   0.007794 0.000000 0.003949 0.016731 0.024816 
01:   0.007864 0.000000 0.003920 0.016835 0.024601 
iteration  6
00:   0.005176 0.000000 0.003768 0.013961 0.024700 
01:   0.005192 0.000000 0.003748 0.014068 0.024500 
iteration  7
00:   0.004790 0.000000 0.003758 0.005430 0.024682 
01:   0.004808 0.000000 0.003720 0.005441 0.024510 
/nethome/kalgin/z/mst/run.xeon.sh: line 45: 61608 Killed                  ./turbobust_stub.out $i 16
threadsCount = 4
loopsCount = 0
Done
iterationNumber = 0
iterationNumber = 1
iterationNumber = 2
iterationNumber = 3
iterationNumber = 4
iterationNumber = 5
iterationNumber = 6
iterationNumber = 7
1.580
1.202
iteration  0
00:   0.115489 0.000000 0.027385 0.023309 0.093323 
01:   0.107147 0.000000 0.026712 0.022633 0.093422 
02:   0.106704 0.000000 0.026704 0.022711 0.093627 
03:   0.106878 0.000000 0.026408 0.022727 0.093461 
iteration  1
00:   0.103576 0.000000 0.015369 0.019519 0.143576 
01:   0.099891 0.000000 0.014795 0.019042 0.147375 
02:   0.100210 0.000000 0.014855 0.019075 0.151571 
03:   0.099528 0.000000 0.014735 0.019082 0.141978 
iteration  2
00:   0.124387 0.000000 0.008536 0.017806 0.067703 
01:   0.116819 0.000000 0.008155 0.017121 0.075259 
02:   0.119479 0.000000 0.008208 0.017119 0.078531 
03:   0.117470 0.000000 0.008199 0.017149 0.068077 
iteration  3
00:   0.147021 0.000000 0.005609 0.016725 0.021957 
01:   0.139236 0.000000 0.005205 0.016534 0.028969 
02:   0.139872 0.000000 0.005295 0.016568 0.033592 
03:   0.138194 0.000000 0.005311 0.016569 0.021955 
iteration  4
00:   0.016340 0.000000 0.003221 0.015132 0.021041 
01:   0.015853 0.000000 0.003013 0.014710 0.025897 
02:   0.016365 0.000000 0.003053 0.014789 0.030909 
03:   0.016187 0.000000 0.003032 0.014784 0.018943 
iteration  5
00:   0.004620 0.000000 0.002528 0.009167 0.018361 
01:   0.004270 0.000000 0.002269 0.008731 0.025119 
02:   0.004470 0.000000 0.002343 0.008758 0.030411 
03:   0.004419 0.000000 0.002350 0.008768 0.018238 
iteration  6
00:   0.003076 0.000000 0.002262 0.007329 0.020206 
01:   0.002966 0.000000 0.002255 0.007467 0.025135 
02:   0.003036 0.000000 0.002275 0.007412 0.030429 
03:   0.003075 0.000000 0.002234 0.007383 0.018385 
iteration  7
00:   0.002938 0.000000 0.002378 0.002770 0.018202 
01:   0.002845 0.000000 0.002248 0.002905 0.025026 
02:   0.002889 0.000000 0.002250 0.002900 0.030396 
03:   0.002927 0.000000 0.002278 0.002845 0.018202 
/nethome/kalgin/z/mst/run.xeon.sh: line 45: 61625 Killed                  ./turbobust_stub.out $i 16
threadsCount = 8
loopsCount = 0
Done
iterationNumber = 0
iterationNumber = 1
iterationNumber = 2
iterationNumber = 3
iterationNumber = 4
iterationNumber = 5
iterationNumber = 6
iterationNumber = 7
1.928
1.052
iteration  0
00:   0.082736 0.000000 0.020283 0.013097 0.071849 
01:   0.083869 0.000000 0.019034 0.014066 0.071822 
02:   0.083768 0.000000 0.019021 0.014053 0.071835 
03:   0.083279 0.000000 0.018904 0.014069 0.071943 
04:   0.083200 0.000000 0.018901 0.014066 0.072013 
05:   0.083271 0.000000 0.018800 0.014067 0.071872 
06:   0.083019 0.000000 0.018717 0.014072 0.071818 
07:   0.085268 0.000000 0.018722 0.014058 0.071783 
iteration  1
00:   0.065018 0.000000 0.009995 0.011359 0.204932 
01:   0.062566 0.000000 0.009620 0.011651 0.213633 
02:   0.062654 0.000000 0.009647 0.011650 0.217023 
03:   0.066177 0.000000 0.009610 0.011652 0.222103 
04:   0.062554 0.000000 0.009650 0.011657 0.222512 
05:   0.062463 0.000000 0.009603 0.011653 0.221732 
06:   0.062675 0.000000 0.009573 0.011649 0.216099 
07:   0.062675 0.000000 0.009572 0.011667 0.212697 
iteration  2
00:   0.077132 0.000000 0.006052 0.011849 0.093573 
01:   0.074203 0.000000 0.005679 0.011845 0.099750 
02:   0.074209 0.000000 0.005687 0.011856 0.103160 
03:   0.072187 0.000000 0.005627 0.011412 0.106442 
04:   0.074732 0.000000 0.005683 0.011842 0.108622 
05:   0.074535 0.000000 0.005708 0.011850 0.105942 
06:   0.073142 0.000000 0.005682 0.011811 0.103020 
07:   0.074360 0.000000 0.005655 0.011846 0.098022 
iteration  3
00:   0.092491 0.000000 0.003815 0.009887 0.021731 
01:   0.087431 0.000000 0.003581 0.010040 0.021858 
02:   0.087507 0.000000 0.003565 0.010023 0.028154 
03:   0.090233 0.000000 0.003527 0.010016 0.030854 
04:   0.088332 0.000000 0.003569 0.010033 0.034236 
05:   0.086688 0.000000 0.003455 0.010035 0.030712 
06:   0.086410 0.000000 0.003508 0.010037 0.025472 
07:   0.087174 0.000000 0.003516 0.010030 0.021727 
iteration  4
00:   0.010558 0.000000 0.002392 0.009890 0.019332 
01:   0.010443 0.000000 0.002160 0.010288 0.019625 
02:   0.010217 0.000000 0.002174 0.010286 0.025711 
03:   0.010154 0.000000 0.002193 0.009609 0.028685 
04:   0.010598 0.000000 0.002193 0.010286 0.032240 
05:   0.010384 0.000000 0.002169 0.010292 0.028642 
06:   0.010399 0.000000 0.002197 0.010292 0.023364 
07:   0.010364 0.000000 0.002195 0.010284 0.019592 
iteration  5
00:   0.003183 0.000000 0.002232 0.005416 0.019124 
01:   0.003191 0.000000 0.001930 0.005420 0.019126 
02:   0.002960 0.000000 0.001940 0.005421 0.023357 
03:   0.003119 0.000000 0.001928 0.005421 0.028557 
04:   0.003168 0.000000 0.001935 0.005420 0.031844 
05:   0.003124 0.000000 0.001912 0.005417 0.028259 
06:   0.003075 0.000000 0.001908 0.005404 0.022989 
07:   0.003054 0.000000 0.001941 0.005411 0.019122 
iteration  6
00:   0.002329 0.000000 0.001966 0.004404 0.019047 
01:   0.002303 0.000000 0.001824 0.004561 0.019054 
02:   0.002304 0.000000 0.001841 0.004553 0.023300 
03:   0.002491 0.000000 0.001998 0.004556 0.028315 
04:   0.002333 0.000000 0.001862 0.004555 0.031782 
05:   0.002312 0.000000 0.001838 0.004558 0.028315 
06:   0.002253 0.000000 0.001860 0.004549 0.023297 
07:   0.002210 0.000000 0.001855 0.004553 0.019048 
iteration  7
00:   0.002380 0.000000 0.001962 0.001455 0.019029 
01:   0.002339 0.000000 0.001959 0.001768 0.019029 
02:   0.002345 0.000000 0.001944 0.001769 0.023325 
03:   0.002351 0.000000 0.001945 0.001772 0.028282 
04:   0.002349 0.000000 0.001925 0.001764 0.031786 
05:   0.002337 0.000000 0.001952 0.001765 0.028282 
06:   0.002294 0.000000 0.001940 0.001770 0.023325 
07:   0.002181 0.000000 0.001943 0.001770 0.019024 
/nethome/kalgin/z/mst/run.xeon.sh: line 45: 61644 Killed                  ./turbobust_stub.out $i 16
threadsCount = 16
loopsCount = 0
Done
iterationNumber = 0
iterationNumber = 1
iterationNumber = 2
iterationNumber = 3
iterationNumber = 4
iterationNumber = 5
iterationNumber = 6
iterationNumber = 7
4.696
1.180
iteration  0
00:   0.043449 0.000000 0.010508 0.010785 0.051222 
01:   0.044437 0.000000 0.010490 0.010866 0.051917 
02:   0.044613 0.000000 0.010536 0.010821 0.051925 
03:   0.044511 0.000000 0.010527 0.010845 0.052039 
04:   0.044362 0.000000 0.010595 0.010901 0.052058 
05:   0.043977 0.000000 0.010549 0.010830 0.052235 
06:   0.044093 0.000000 0.010532 0.010809 0.052418 
07:   0.044000 0.000000 0.010749 0.010786 0.052462 
08:   0.045895 0.000000 0.011265 0.010802 0.057199 
09:   0.046613 0.000000 0.011319 0.010792 0.056752 
10:   0.046278 0.000000 0.011270 0.010801 0.056166 
11:   0.046214 0.000000 0.011261 0.010769 0.055913 
12:   0.046128 0.000000 0.011165 0.010835 0.055374 
13:   0.045732 0.000000 0.011111 0.010755 0.055084 
14:   0.046512 0.000000 0.011139 0.010776 0.055055 
15:   0.046807 0.000000 0.011104 0.010835 0.054986 
iteration  1
00:   0.034840 0.000000 0.005591 0.010611 0.330144 
01:   0.034715 0.000000 0.005514 0.010606 0.397051 
02:   0.034635 0.000000 0.005533 0.010591 0.405702 
03:   0.034745 0.000000 0.005555 0.010564 0.409379 
04:   0.034907 0.000000 0.005578 0.010577 0.424326 
05:   0.034600 0.000000 0.005569 0.010577 0.423339 
06:   0.034766 0.000000 0.005559 0.010593 0.423224 
07:   0.034625 0.000000 0.005791 0.010616 0.426640 
08:   0.033329 0.000000 0.005586 0.010560 0.447688 
09:   0.033108 0.000000 0.005513 0.010597 0.447179 
10:   0.033051 0.000000 0.005593 0.010544 0.445386 
11:   0.032996 0.000000 0.005519 0.010554 0.446472 
12:   0.033017 0.000000 0.005567 0.010532 0.437913 
13:   0.032717 0.000000 0.005463 0.010568 0.440495 
14:   0.032945 0.000000 0.005530 0.010564 0.438805 
15:   0.033057 0.000000 0.005447 0.010550 0.436971 
iteration  2
00:   0.045004 0.000000 0.002872 0.008269 0.154542 
01:   0.043830 0.000000 0.002838 0.008253 0.190972 
02:   0.043950 0.000000 0.002826 0.008289 0.193500 
03:   0.044163 0.000000 0.002840 0.008292 0.197309 
04:   0.044608 0.000000 0.002858 0.008324 0.199897 
05:   0.043394 0.000000 0.002825 0.008305 0.204332 
06:   0.043039 0.000000 0.002812 0.008305 0.208773 
07:   0.042881 0.000000 0.003111 0.008312 0.212723 
08:   0.041977 0.000000 0.003209 0.008305 0.223886 
09:   0.041344 0.000000 0.003225 0.008238 0.221439 
10:   0.040854 0.000000 0.003218 0.008255 0.217745 
11:   0.041899 0.000000 0.003210 0.008329 0.218592 
12:   0.040171 0.000000 0.003196 0.008259 0.216938 
13:   0.040608 0.000000 0.003160 0.008241 0.216737 
14:   0.041364 0.000000 0.003199 0.008259 0.216347 
15:   0.040754 0.000000 0.003151 0.008260 0.215089 
iteration  3
00:   0.055580 0.000000 0.001656 0.006750 0.020859 
01:   0.055648 0.000000 0.001655 0.006756 0.020835 
02:   0.055278 0.000000 0.001634 0.006785 0.020841 
03:   0.054911 0.000000 0.001680 0.006724 0.021647 
04:   0.055557 0.000000 0.001670 0.006732 0.025156 
05:   0.054456 0.000000 0.001661 0.006752 0.027001 
06:   0.054891 0.000000 0.001645 0.006732 0.029416 
07:   0.054626 0.000000 0.001817 0.006787 0.030500 
08:   0.053268 0.000000 0.001958 0.006763 0.032998 
09:   0.051642 0.000000 0.001944 0.006726 0.031934 
10:   0.050472 0.000000 0.001939 0.006771 0.030056 
11:   0.052206 0.000000 0.001946 0.006782 0.028479 
12:   0.050874 0.000000 0.001981 0.006768 0.025500 
13:   0.051277 0.000000 0.001939 0.006725 0.022185 
14:   0.051956 0.000000 0.001950 0.006712 0.021765 
15:   0.050882 0.000000 0.001901 0.006780 0.021755 
iteration  4
00:   0.006263 0.000000 0.000873 0.005295 0.019484 
01:   0.006314 0.000000 0.000894 0.005333 0.019470 
02:   0.006598 0.000000 0.000902 0.005406 0.019516 
03:   0.006429 0.000000 0.000889 0.005318 0.019551 
04:   0.006445 0.000000 0.000884 0.005330 0.022542 
05:   0.006323 0.000000 0.000882 0.005325 0.025355 
06:   0.006426 0.000000 0.000894 0.005363 0.027911 
07:   0.006305 0.000000 0.000990 0.005297 0.029050 
08:   0.005931 0.000000 0.001085 0.005364 0.030583 
09:   0.005748 0.000000 0.001016 0.005359 0.029497 
10:   0.005617 0.000000 0.001037 0.005258 0.028807 
11:   0.005790 0.000000 0.001037 0.005304 0.026706 
12:   0.005733 0.000000 0.001030 0.005286 0.021044 
13:   0.005666 0.000000 0.001027 0.005343 0.019500 
14:   0.005770 0.000000 0.001052 0.005314 0.019493 
15:   0.005521 0.000000 0.001024 0.005300 0.019501 
iteration  5
00:   0.001598 0.000000 0.000656 0.003200 0.019423 
01:   0.001675 0.000000 0.000676 0.003181 0.019400 
02:   0.001657 0.000000 0.000659 0.003192 0.019405 
03:   0.001628 0.000000 0.000669 0.003199 0.019402 
04:   0.001494 0.000000 0.000682 0.003222 0.021181 
05:   0.001480 0.000000 0.000668 0.003204 0.024974 
06:   0.001629 0.000000 0.000678 0.003202 0.027445 
07:   0.001627 0.000000 0.000748 0.003192 0.028637 
08:   0.001652 0.000000 0.000781 0.003158 0.030026 
09:   0.001659 0.000000 0.000767 0.003144 0.029541 
10:   0.001658 0.000000 0.000780 0.003177 0.028553 
11:   0.001628 0.000000 0.000767 0.003181 0.026359 
12:   0.001620 0.000000 0.000774 0.003151 0.020472 
13:   0.001593 0.000000 0.000774 0.003174 0.019508 
14:   0.001548 0.000000 0.000797 0.003141 0.019493 
15:   0.001492 0.000000 0.000785 0.003161 0.019460 
iteration  6
00:   0.000955 0.000000 0.000612 0.002550 0.019369 
01:   0.000969 0.000000 0.000620 0.002529 0.019387 
02:   0.000949 0.000000 0.000612 0.002553 0.019391 
03:   0.000981 0.000000 0.000613 0.002544 0.019393 
04:   0.000927 0.000000 0.000631 0.002531 0.021278 
05:   0.000953 0.000000 0.000620 0.002555 0.025063 
06:   0.000965 0.000000 0.000616 0.002547 0.027442 
07:   0.001025 0.000000 0.000649 0.002541 0.028576 
08:   0.001134 0.000000 0.000664 0.002495 0.029857 
09:   0.001134 0.000000 0.000654 0.002500 0.029502 
10:   0.001131 0.000000 0.000662 0.002554 0.028439 
11:   0.001128 0.000000 0.000661 0.002527 0.026529 
12:   0.001083 0.000000 0.000662 0.002512 0.020405 
13:   0.001107 0.000000 0.000674 0.002496 0.019440 
14:   0.001062 0.000000 0.000656 0.002501 0.019499 
15:   0.000940 0.000000 0.000670 0.002499 0.019502 
iteration  7
00:   0.000892 0.000000 0.000593 0.001194 0.019386 
01:   0.000901 0.000000 0.000589 0.001169 0.019385 
02:   0.000873 0.000000 0.000605 0.001180 0.019385 
03:   0.000905 0.000000 0.000625 0.001147 0.019373 
04:   0.000883 0.000000 0.000631 0.001164 0.021348 
05:   0.000902 0.000000 0.000645 0.001208 0.025110 
06:   0.000888 0.000000 0.000631 0.001174 0.027474 
07:   0.000972 0.000000 0.000655 0.001147 0.028606 
08:   0.001101 0.000000 0.000676 0.001148 0.029774 
09:   0.001103 0.000000 0.000637 0.001164 0.029426 
10:   0.001076 0.000000 0.000684 0.001147 0.028469 
11:   0.001097 0.000000 0.000626 0.001150 0.026630 
12:   0.001056 0.000000 0.000664 0.001156 0.020407 
13:   0.001067 0.000000 0.000656 0.001170 0.019442 
14:   0.000998 0.000000 0.000673 0.001153 0.019427 
15:   0.000919 0.000000 0.000667 0.001161 0.019437 
/nethome/kalgin/z/mst/run.xeon.sh: line 45: 61662 Killed                  ./turbobust_stub.out $i 16
/nethome/kalgin/z/mst/run.xeon.sh: line 45: 61680 Segmentation fault      (core dumped) ./turbobust_stub.out $i 16
/nethome/kalgin/z/mst/run.xeon.sh: line 60: kill: (61680) - No such process
