threadsCount = 16
loopsCount = 2164
7.571
3.779
threadsCount = 1
loopsCount = 2164
Done
iterationNumber = 0
iterationNumber = 1
iterationNumber = 2
iterationNumber = 3
iterationNumber = 4
iterationNumber = 5
iterationNumber = 6
5.930
8.823
iteration  0
00:   0.207273 0.614219 1.408291 0.015404 0.000000 0.214301 
iteration  1
00:   0.811481 0.159142 0.207652 0.030783 0.000000 0.032375 
iteration  2
00:   0.781211 0.076519 0.050259 0.021184 0.000000 0.009048 
iteration  3
00:   0.746473 0.068218 0.035078 0.016269 0.000000 0.006617 
iteration  4
00:   0.743689 0.067660 0.033846 0.015917 0.000000 0.006489 
iteration  5
00:   0.779978 0.067685 0.033717 0.014045 0.000000 0.006497 
iteration  6
00:   1.410955 0.067844 0.033760 0.005581 0.000000 0.006472 
threadsCount = 2
loopsCount = 2164
Done
iterationNumber = 0
iterationNumber = 1
iterationNumber = 2
iterationNumber = 3
iterationNumber = 4
iterationNumber = 5
iterationNumber = 6
3.264
5.946
iteration  0
00:   0.110229 0.330803 0.973938 0.007981 0.000000 0.114405 
01:   0.111854 0.320107 0.996461 0.008004 0.000000 0.113813 
iteration  1
00:   0.426775 0.085659 0.135880 0.016952 0.000000 0.018105 
01:   0.431065 0.085700 0.133614 0.016991 0.000000 0.017535 
iteration  2
00:   0.419045 0.043760 0.028344 0.011020 0.000000 0.004679 
01:   0.401669 0.043752 0.028694 0.011089 0.000000 0.004797 
iteration  3
00:   0.391942 0.039440 0.018766 0.008155 0.000000 0.003393 
01:   0.401896 0.039440 0.018826 0.008247 0.000000 0.003486 
iteration  4
00:   0.407528 0.039148 0.018138 0.007950 0.000000 0.003330 
01:   0.383509 0.039148 0.018056 0.007879 0.000000 0.003392 
iteration  5
00:   0.675800 0.038938 0.018278 0.006983 0.000000 0.003306 
01:   0.140752 0.038907 0.018273 0.007138 0.000000 0.003397 
iteration  6
00:   1.418071 0.038894 0.018279 0.002798 0.000000 0.003283 
01:   0.004987 0.038862 0.018283 0.002821 0.000000 0.003368 
/nethome/kalgin/z/mst/run.xeon.sh: line 45: 152319 Killed                  ./turbobust_stub.out $i 16
threadsCount = 4
loopsCount = 2164
Done
iterationNumber = 0
iterationNumber = 1
iterationNumber = 2
iterationNumber = 3
iterationNumber = 4
iterationNumber = 5
iterationNumber = 6
2.179
4.243
iteration  0
00:   0.058157 0.189640 0.684903 0.003991 0.000000 0.063044 
01:   0.058706 0.188311 0.694204 0.003990 0.000000 0.063548 
02:   0.057505 0.185984 0.695241 0.004023 0.000000 0.061064 
03:   0.057887 0.181305 0.694668 0.004019 0.000000 0.060914 
iteration  1
00:   0.215467 0.057539 0.091195 0.008633 0.000000 0.009884 
01:   0.218959 0.057535 0.092331 0.008668 0.000000 0.009972 
02:   0.213539 0.057559 0.090218 0.008670 0.000000 0.009492 
03:   0.207162 0.057575 0.090107 0.008692 0.000000 0.009484 
iteration  2
00:   0.207173 0.035976 0.016967 0.005548 0.000000 0.002486 
01:   0.210712 0.035984 0.017592 0.005622 0.000000 0.002545 
02:   0.199988 0.035975 0.017132 0.005625 0.000000 0.002496 
03:   0.198842 0.035971 0.017502 0.005635 0.000000 0.002565 
iteration  3
00:   0.174835 0.034126 0.010656 0.004138 0.000000 0.001827 
01:   0.210153 0.034126 0.010647 0.004167 0.000000 0.001797 
02:   0.184589 0.034125 0.010664 0.004146 0.000000 0.001826 
03:   0.208504 0.034126 0.010553 0.004164 0.000000 0.001839 
iteration  4
00:   0.236336 0.033819 0.010160 0.004000 0.000000 0.001758 
01:   0.162389 0.033818 0.010275 0.004024 0.000000 0.001776 
02:   0.228778 0.033819 0.010246 0.004010 0.000000 0.001781 
03:   0.145004 0.033818 0.010143 0.004032 0.000000 0.001812 
iteration  5
00:   0.136342 0.033892 0.010069 0.003510 0.000000 0.001792 
01:   0.519415 0.033893 0.009964 0.003520 0.000000 0.001752 
02:   0.134477 0.033865 0.010037 0.003518 0.000000 0.001785 
03:   0.002631 0.033863 0.009929 0.003559 0.000000 0.001814 
iteration  6
00:   1.392619 0.033702 0.010170 0.001456 0.000000 0.001766 
01:   0.003008 0.033672 0.010212 0.001464 0.000000 0.001780 
02:   0.003045 0.033683 0.010200 0.001469 0.000000 0.001784 
03:   0.003104 0.033683 0.010178 0.001457 0.000000 0.001812 
/nethome/kalgin/z/mst/run.xeon.sh: line 45: 152336 Killed                  ./turbobust_stub.out $i 16
threadsCount = 8
loopsCount = 2164
Done
iterationNumber = 0
iterationNumber = 1
iterationNumber = 2
iterationNumber = 3
iterationNumber = 4
iterationNumber = 5
iterationNumber = 6
1.123
3.531
iteration  0
00:   0.036434 0.137550 0.515949 0.002106 0.000000 0.037695 
01:   0.034221 0.137556 0.514326 0.002112 0.000000 0.036252 
02:   0.034157 0.137437 0.516251 0.002108 0.000000 0.036643 
03:   0.034516 0.136396 0.516123 0.002106 0.000000 0.037133 
04:   0.033605 0.136003 0.514804 0.002107 0.000000 0.036526 
05:   0.033579 0.135447 0.518993 0.002109 0.000000 0.037195 
06:   0.033576 0.134036 0.518205 0.002113 0.000000 0.036086 
07:   0.034434 0.132396 0.516594 0.002108 0.000000 0.035610 
iteration  1
00:   0.122029 0.049269 0.067875 0.004512 0.000000 0.006001 
01:   0.118265 0.049265 0.066314 0.004503 0.000000 0.005610 
02:   0.118350 0.049259 0.066876 0.004505 0.000000 0.005714 
03:   0.117535 0.049267 0.068098 0.004503 0.000000 0.005986 
04:   0.115410 0.049248 0.066220 0.004501 0.000000 0.005685 
05:   0.117158 0.049300 0.066409 0.004503 0.000000 0.005686 
06:   0.115768 0.048996 0.066755 0.004509 0.000000 0.005651 
07:   0.112513 0.049259 0.066797 0.004498 0.000000 0.005643 
iteration  2
00:   0.117272 0.035558 0.011818 0.002915 0.000000 0.001393 
01:   0.107400 0.035547 0.011908 0.002915 0.000000 0.001392 
02:   0.110263 0.035551 0.011947 0.002915 0.000000 0.001421 
03:   0.116919 0.035566 0.012389 0.002905 0.000000 0.001471 
04:   0.108299 0.035553 0.011835 0.002912 0.000000 0.001412 
05:   0.108973 0.035551 0.012002 0.002902 0.000000 0.001444 
06:   0.108974 0.035549 0.012213 0.002908 0.000000 0.001485 
07:   0.108759 0.035555 0.012003 0.002913 0.000000 0.001481 
iteration  3
00:   0.090068 0.034432 0.007834 0.002151 0.000000 0.001024 
01:   0.100328 0.034430 0.007747 0.002139 0.000000 0.000962 
02:   0.101473 0.034430 0.007782 0.002149 0.000000 0.001000 
03:   0.125283 0.034432 0.007705 0.002151 0.000000 0.000982 
04:   0.095561 0.034431 0.007762 0.002140 0.000000 0.001009 
05:   0.105815 0.034431 0.007812 0.002143 0.000000 0.001012 
06:   0.122367 0.034431 0.007689 0.002148 0.000000 0.001025 
07:   0.105423 0.034429 0.007628 0.002150 0.000000 0.001022 
iteration  4
00:   0.145636 0.034095 0.007742 0.002031 0.000000 0.000988 
01:   0.107844 0.034094 0.007746 0.002042 0.000000 0.000946 
02:   0.105748 0.034094 0.007790 0.002030 0.000000 0.000978 
03:   0.069505 0.034094 0.007710 0.002030 0.000000 0.000963 
04:   0.092607 0.034094 0.007753 0.002038 0.000000 0.000999 
05:   0.152981 0.034095 0.007664 0.002030 0.000000 0.000976 
06:   0.103438 0.034094 0.007626 0.002037 0.000000 0.001003 
07:   0.054857 0.034094 0.007563 0.002031 0.000000 0.001008 
iteration  5
00:   0.139423 0.033953 0.007672 0.001887 0.000000 0.001006 
01:   0.002092 0.033921 0.007676 0.001868 0.000000 0.000952 
02:   0.517594 0.033956 0.007632 0.001884 0.000000 0.000965 
03:   0.009834 0.033920 0.007599 0.001885 0.000000 0.000973 
04:   0.046285 0.033931 0.007599 0.001884 0.000000 0.001007 
05:   0.095376 0.033856 0.007578 0.001885 0.000000 0.000997 
06:   0.002089 0.033856 0.007506 0.001889 0.000000 0.001009 
07:   0.001971 0.033855 0.007610 0.001885 0.000000 0.001030 
iteration  6
00:   1.388521 0.033989 0.007800 0.000761 0.000000 0.000971 
01:   0.003202 0.033909 0.007799 0.000755 0.000000 0.000955 
02:   0.003196 0.033909 0.007731 0.000759 0.000000 0.000970 
03:   0.003189 0.033909 0.007735 0.000758 0.000000 0.000954 
04:   0.003208 0.033901 0.007692 0.000758 0.000000 0.000986 
05:   0.003203 0.033847 0.007657 0.000756 0.000000 0.000937 
06:   0.003199 0.033846 0.007623 0.000755 0.000000 0.000988 
07:   0.002627 0.033846 0.007648 0.000754 0.000000 0.001000 
/nethome/kalgin/z/mst/run.xeon.sh: line 45: 152354 Killed                  ./turbobust_stub.out $i 16
threadsCount = 16
loopsCount = 2164
Done
iterationNumber = 0
iterationNumber = 1
iterationNumber = 2
iterationNumber = 3
iterationNumber = 4
iterationNumber = 5
iterationNumber = 6
0.810
3.830
iteration  0
00:   0.019746 0.111125 0.492516 0.001756 0.000000 0.020960 
01:   0.019723 0.111499 0.488646 0.001742 0.000000 0.021487 
02:   0.019733 0.111549 0.437892 0.001757 0.000000 0.020397 
03:   0.019701 0.111397 0.441127 0.001751 0.000000 0.021107 
04:   0.019772 0.111475 0.490668 0.001746 0.000000 0.020918 
05:   0.019772 0.111527 0.440399 0.001743 0.000000 0.021015 
06:   0.018976 0.110445 0.491257 0.001784 0.000000 0.021254 
07:   0.019058 0.110415 0.491756 0.001752 0.000000 0.020882 
08:   0.017397 0.102436 0.415482 0.001766 0.000000 0.021958 
09:   0.017388 0.101974 0.384883 0.001742 0.000000 0.021543 
10:   0.017271 0.102186 0.416561 0.001740 0.000000 0.022130 
11:   0.017156 0.101935 0.413304 0.001754 0.000000 0.022323 
12:   0.017229 0.101834 0.387604 0.001784 0.000000 0.022751 
13:   0.017370 0.101348 0.413065 0.001745 0.000000 0.021764 
14:   0.017045 0.100875 0.412064 0.001742 0.000000 0.021721 
15:   0.017723 0.100438 0.414739 0.001740 0.000000 0.021986 
iteration  1
00:   0.070631 0.045486 0.064944 0.004630 0.000000 0.003454 
01:   0.071902 0.045476 0.064173 0.004611 0.000000 0.003420 
02:   0.070505 0.045487 0.055691 0.004636 0.000000 0.003112 
03:   0.073444 0.045499 0.056455 0.004669 0.000000 0.003323 
04:   0.071237 0.045468 0.063300 0.004640 0.000000 0.003232 
05:   0.073857 0.045496 0.057271 0.004654 0.000000 0.003358 
06:   0.069900 0.045312 0.063781 0.004617 0.000000 0.003399 
07:   0.070302 0.045453 0.064769 0.004629 0.000000 0.003473 
08:   0.072276 0.044979 0.052627 0.004619 0.000000 0.003219 
09:   0.072379 0.044917 0.049596 0.004598 0.000000 0.003297 
10:   0.073726 0.044988 0.053150 0.004598 0.000000 0.003303 
11:   0.073185 0.044952 0.052232 0.004608 0.000000 0.003239 
12:   0.074154 0.044921 0.049427 0.004604 0.000000 0.003353 
13:   0.071805 0.044954 0.052318 0.004641 0.000000 0.003212 
14:   0.071236 0.044781 0.052762 0.004595 0.000000 0.003261 
15:   0.069997 0.044952 0.052239 0.004598 0.000000 0.003267 
iteration  2
00:   0.071666 0.037683 0.012546 0.002119 0.000000 0.000826 
01:   0.069493 0.037685 0.012465 0.002136 0.000000 0.000824 
02:   0.061703 0.037679 0.011435 0.002137 0.000000 0.000812 
03:   0.067456 0.037682 0.011601 0.002103 0.000000 0.000842 
04:   0.065145 0.037678 0.012307 0.002106 0.000000 0.000817 
05:   0.068847 0.037681 0.011838 0.002126 0.000000 0.000862 
06:   0.068339 0.037683 0.012825 0.002114 0.000000 0.000909 
07:   0.073148 0.037685 0.012626 0.002163 0.000000 0.000843 
08:   0.066799 0.037666 0.008061 0.002118 0.000000 0.000723 
09:   0.069578 0.037667 0.007811 0.002114 0.000000 0.000700 
10:   0.069640 0.037668 0.008136 0.002128 0.000000 0.000742 
11:   0.068174 0.037666 0.008078 0.002100 0.000000 0.000727 
12:   0.070784 0.037669 0.008209 0.002107 0.000000 0.000795 
13:   0.066981 0.037664 0.008153 0.002099 0.000000 0.000755 
14:   0.068715 0.037665 0.008050 0.002146 0.000000 0.000708 
15:   0.068038 0.037666 0.008073 0.002109 0.000000 0.000766 
iteration  3
00:   0.054487 0.037380 0.009772 0.001206 0.000000 0.000617 
01:   0.053929 0.037379 0.009761 0.001194 0.000000 0.000609 
02:   0.057346 0.037378 0.009652 0.001179 0.000000 0.000598 
03:   0.064111 0.037379 0.009649 0.001175 0.000000 0.000594 
04:   0.049268 0.037378 0.009708 0.001188 0.000000 0.000615 
05:   0.074789 0.037379 0.009726 0.001184 0.000000 0.000598 
06:   0.088299 0.037379 0.009690 0.001201 0.000000 0.000594 
07:   0.065357 0.037378 0.009718 0.001205 0.000000 0.000596 
08:   0.064510 0.037378 0.005254 0.001192 0.000000 0.000476 
09:   0.057869 0.037378 0.005176 0.001185 0.000000 0.000466 
10:   0.074024 0.037379 0.005354 0.001219 0.000000 0.000475 
11:   0.062432 0.037378 0.005293 0.001201 0.000000 0.000472 
12:   0.084554 0.037379 0.005249 0.001241 0.000000 0.000479 
13:   0.074866 0.037378 0.005184 0.001215 0.000000 0.000476 
14:   0.062891 0.037378 0.005215 0.001186 0.000000 0.000479 
15:   0.072220 0.037379 0.005107 0.001231 0.000000 0.000479 
iteration  4
00:   0.091497 0.037149 0.009917 0.001102 0.000000 0.000588 
01:   0.087974 0.037148 0.009886 0.001085 0.000000 0.000580 
02:   0.063547 0.037147 0.009906 0.001111 0.000000 0.000573 
03:   0.067884 0.037148 0.009875 0.001173 0.000000 0.000570 
04:   0.059774 0.037148 0.009914 0.001052 0.000000 0.000594 
05:   0.069851 0.037147 0.009867 0.001129 0.000000 0.000575 
06:   0.017223 0.037146 0.009896 0.001088 0.000000 0.000577 
07:   0.066540 0.037148 0.009863 0.001132 0.000000 0.000575 
08:   0.058771 0.037148 0.005021 0.001101 0.000000 0.000468 
09:   0.060044 0.037147 0.005028 0.001084 0.000000 0.000452 
10:   0.100025 0.037148 0.005022 0.001086 0.000000 0.000453 
11:   0.102522 0.037148 0.005070 0.001071 0.000000 0.000448 
12:   0.072869 0.037148 0.005005 0.001089 0.000000 0.000468 
13:   0.060782 0.037147 0.004980 0.001108 0.000000 0.000471 
14:   0.046312 0.037148 0.004993 0.001057 0.000000 0.000473 
15:   0.023324 0.037148 0.004961 0.001071 0.000000 0.000480 
iteration  5
00:   0.096857 0.037087 0.009706 0.000945 0.000000 0.000593 
01:   0.081942 0.037086 0.009693 0.000940 0.000000 0.000576 
02:   0.001231 0.037075 0.009676 0.000940 0.000000 0.000580 
03:   0.001194 0.037075 0.009678 0.000924 0.000000 0.000572 
04:   0.450126 0.037085 0.009608 0.000940 0.000000 0.000603 
05:   0.238090 0.037083 0.009662 0.000942 0.000000 0.000577 
06:   0.010730 0.037068 0.009674 0.000933 0.000000 0.000584 
07:   0.000854 0.037075 0.009683 0.000953 0.000000 0.000572 
08:   0.001079 0.037086 0.004951 0.000931 0.000000 0.000470 
09:   0.061237 0.037080 0.004970 0.000955 0.000000 0.000451 
10:   0.084832 0.037087 0.004988 0.000953 0.000000 0.000450 
11:   0.045544 0.037082 0.004965 0.000953 0.000000 0.000447 
12:   0.000953 0.037056 0.004936 0.000933 0.000000 0.000460 
13:   0.000957 0.037052 0.004885 0.000931 0.000000 0.000461 
14:   0.000942 0.037054 0.004924 0.000934 0.000000 0.000464 
15:   0.000973 0.037055 0.004928 0.000932 0.000000 0.000479 
iteration  6
00:   0.001634 0.038331 0.009864 0.000502 0.000000 0.000620 
01:   2.009370 0.038332 0.009855 0.000499 0.000000 0.000601 
02:   0.001601 0.038283 0.009859 0.000499 0.000000 0.000599 
03:   0.001607 0.038283 0.009850 0.000500 0.000000 0.000597 
04:   0.001650 0.038270 0.009806 0.000499 0.000000 0.000623 
05:   0.001621 0.038210 0.009774 0.000499 0.000000 0.000599 
06:   0.000840 0.038214 0.009838 0.000505 0.000000 0.000617 
07:   0.001275 0.038211 0.009844 0.000494 0.000000 0.000594 
08:   0.001498 0.038261 0.005032 0.000421 0.000000 0.000518 
09:   0.001458 0.038207 0.005094 0.000422 0.000000 0.000506 
10:   0.001220 0.038206 0.005119 0.000432 0.000000 0.000496 
11:   0.001185 0.038206 0.005079 0.000429 0.000000 0.000500 
12:   0.001244 0.038270 0.005081 0.000428 0.000000 0.000513 
13:   0.001255 0.038204 0.004967 0.000428 0.000000 0.000523 
14:   0.001260 0.038203 0.005008 0.000428 0.000000 0.000527 
15:   0.001249 0.038230 0.005068 0.000428 0.000000 0.000523 
/nethome/kalgin/z/mst/run.xeon.sh: line 45: 152372 Killed                  ./turbobust_stub.out $i 16
/nethome/kalgin/z/mst/run.xeon.sh: line 45: 152390 Segmentation fault      (core dumped) ./turbobust_stub.out $i 16
/nethome/kalgin/z/mst/run.xeon.sh: line 60: kill: (152390) - No such process
