threadsCount = 16
loopsCount = 2164
7.577
3.794
threadsCount = 1
loopsCount = 2164
Done
iterationNumber = 0
iterationNumber = 1
iterationNumber = 2
iterationNumber = 3
iterationNumber = 4
iterationNumber = 5
iterationNumber = 6
6.148
6.182
iteration  0
00:   0.212332 0.000000 2.071787 0.015487 0.675582 
iteration  1
00:   0.256394 0.000000 0.373680 0.030695 0.141959 
iteration  2
00:   0.172798 0.000000 0.127349 0.021089 0.065993 
iteration  3
00:   0.142259 0.000000 0.103379 0.016024 0.060512 
iteration  4
00:   0.139931 0.000000 0.101620 0.015546 0.062218 
iteration  5
00:   0.169052 0.000000 0.101514 0.013550 0.052371 
iteration  6
00:   0.908689 0.000000 0.101560 0.005583 0.006522 
threadsCount = 2
loopsCount = 2164
Done
iterationNumber = 0
iterationNumber = 1
iterationNumber = 2
iterationNumber = 3
iterationNumber = 4
iterationNumber = 5
iterationNumber = 6
3.405
4.247
iteration  0
00:   0.112555 0.000000 1.324478 0.007970 0.420214 
01:   0.112022 0.000000 1.338445 0.007994 0.418365 
iteration  1
00:   0.139852 0.000000 0.230162 0.016859 0.095056 
01:   0.129321 0.000000 0.225654 0.016915 0.092446 
iteration  2
00:   0.132856 0.000000 0.072726 0.011093 0.036486 
01:   0.086895 0.000000 0.072664 0.011008 0.040104 
iteration  3
00:   0.074061 0.000000 0.058393 0.008116 0.034574 
01:   0.074620 0.000000 0.058216 0.008095 0.037684 
iteration  4
00:   0.075510 0.000000 0.057496 0.007814 0.054853 
01:   0.070402 0.000000 0.057163 0.007801 0.013360 
iteration  5
00:   0.144861 0.000000 0.057054 0.006906 0.049315 
01:   0.028981 0.000000 0.056785 0.006831 0.003582 
iteration  6
00:   0.905533 0.000000 0.057147 0.002825 0.003304 
01:   0.004666 0.000000 0.056890 0.002831 0.003360 
/nethome/kalgin/z/mst/run.xeon.sh: line 45: 173365 Killed                  ./turbobust_stub.out $i 16
threadsCount = 4
loopsCount = 2164
Done
iterationNumber = 0
iterationNumber = 1
iterationNumber = 2
iterationNumber = 3
iterationNumber = 4
iterationNumber = 5
iterationNumber = 6
2.406
3.074
iteration  0
00:   0.060384 0.000000 0.889783 0.003979 0.247182 
01:   0.060133 0.000000 0.892842 0.004001 0.249803 
02:   0.059907 0.000000 0.891340 0.004013 0.247933 
03:   0.060269 0.000000 0.885774 0.004013 0.246702 
iteration  1
00:   0.072692 0.000000 0.152300 0.008605 0.061011 
01:   0.070697 0.000000 0.151749 0.008631 0.066498 
02:   0.070207 0.000000 0.149800 0.008630 0.065678 
03:   0.069892 0.000000 0.149935 0.008636 0.066426 
iteration  2
00:   0.049016 0.000000 0.053676 0.005495 0.019206 
01:   0.049514 0.000000 0.054020 0.005573 0.024563 
02:   0.047262 0.000000 0.053503 0.005591 0.022128 
03:   0.047203 0.000000 0.054063 0.005594 0.025439 
iteration  3
00:   0.036359 0.000000 0.044511 0.004065 0.025449 
01:   0.042966 0.000000 0.044398 0.004104 0.019200 
02:   0.038275 0.000000 0.044310 0.004122 0.025633 
03:   0.042787 0.000000 0.044306 0.004133 0.020980 
iteration  4
00:   0.047059 0.000000 0.043912 0.003886 0.013702 
01:   0.033373 0.000000 0.043929 0.003957 0.045887 
02:   0.045435 0.000000 0.043904 0.003950 0.014339 
03:   0.030375 0.000000 0.043850 0.003970 0.001900 
iteration  5
00:   0.028527 0.000000 0.043935 0.003400 0.046898 
01:   0.117248 0.000000 0.043865 0.003444 0.001821 
02:   0.027858 0.000000 0.043962 0.003456 0.001842 
03:   0.002618 0.000000 0.043890 0.003475 0.001885 
iteration  6
00:   0.896913 0.000000 0.044581 0.001441 0.001749 
01:   0.002746 0.000001 0.044435 0.001458 0.001726 
02:   0.002763 0.000000 0.044341 0.001464 0.001746 
03:   0.002818 0.000000 0.044285 0.001473 0.001806 
/nethome/kalgin/z/mst/run.xeon.sh: line 45: 173382 Killed                  ./turbobust_stub.out $i 16
threadsCount = 8
loopsCount = 2164
Done
iterationNumber = 0
iterationNumber = 1
iterationNumber = 2
iterationNumber = 3
iterationNumber = 4
iterationNumber = 5
iterationNumber = 6
1.325
2.658
iteration  0
00:   0.036688 0.000000 0.657741 0.002120 0.157380 
01:   0.036690 0.000000 0.657809 0.002122 0.178492 
02:   0.036696 0.000000 0.660770 0.002123 0.178098 
03:   0.036545 0.000000 0.659181 0.002126 0.177625 
04:   0.036450 0.000000 0.657817 0.002117 0.177492 
05:   0.036500 0.000000 0.661217 0.002123 0.178941 
06:   0.036277 0.000000 0.657084 0.002118 0.177131 
07:   0.037157 0.000000 0.656708 0.002124 0.177609 
iteration  1
00:   0.043630 0.000000 0.122030 0.004470 0.109854 
01:   0.042992 0.000000 0.116180 0.004472 0.115411 
02:   0.042454 0.000000 0.117045 0.004461 0.122189 
03:   0.042273 0.000000 0.118460 0.004469 0.125726 
04:   0.041893 0.000000 0.116720 0.004464 0.124642 
05:   0.042425 0.000000 0.117109 0.004467 0.125882 
06:   0.042108 0.000000 0.116951 0.004470 0.125648 
07:   0.042080 0.000000 0.117006 0.004450 0.125911 
iteration  2
00:   0.029988 0.000000 0.047249 0.002910 0.012883 
01:   0.028041 0.000000 0.047256 0.002917 0.015113 
02:   0.028521 0.000000 0.047327 0.002913 0.016818 
03:   0.029931 0.000000 0.047685 0.002922 0.019142 
04:   0.028040 0.000000 0.047066 0.002918 0.015621 
05:   0.028153 0.000000 0.047218 0.002911 0.017378 
06:   0.028167 0.000000 0.047492 0.002912 0.019432 
07:   0.028192 0.000000 0.047317 0.002905 0.017569 
iteration  3
00:   0.021145 0.000000 0.042407 0.002131 0.020400 
01:   0.023445 0.000000 0.042256 0.002133 0.017842 
02:   0.023624 0.000000 0.042199 0.002126 0.018298 
03:   0.027870 0.000000 0.042100 0.002134 0.014456 
04:   0.022350 0.000000 0.042063 0.002138 0.016559 
05:   0.024322 0.000000 0.042298 0.002137 0.021988 
06:   0.027363 0.000000 0.042169 0.002128 0.017423 
07:   0.024316 0.000000 0.042081 0.002139 0.011691 
iteration  4
00:   0.030783 0.000000 0.042474 0.002023 0.013280 
01:   0.023968 0.000000 0.042450 0.002007 0.001135 
02:   0.023440 0.000000 0.042523 0.002017 0.045358 
03:   0.016316 0.000000 0.042386 0.002030 0.001339 
04:   0.020841 0.000000 0.042338 0.002030 0.004390 
05:   0.031709 0.000000 0.042378 0.002033 0.008613 
06:   0.023082 0.000000 0.042268 0.002029 0.001197 
07:   0.013251 0.000000 0.042275 0.002020 0.001228 
iteration  5
00:   0.028136 0.000000 0.041904 0.001819 0.046621 
01:   0.001899 0.000000 0.041939 0.001821 0.000995 
02:   0.115142 0.000000 0.041803 0.001819 0.001036 
03:   0.003648 0.000000 0.041903 0.001821 0.001021 
04:   0.010545 0.000000 0.041873 0.001819 0.001051 
05:   0.019922 0.000000 0.041857 0.001821 0.001043 
06:   0.001960 0.000000 0.041778 0.001823 0.001066 
07:   0.001982 0.000000 0.041689 0.001825 0.001088 
iteration  6
00:   0.899495 0.000000 0.041535 0.000741 0.000970 
01:   0.002438 0.000000 0.041508 0.000740 0.000915 
02:   0.002452 0.000000 0.041515 0.000739 0.000952 
03:   0.002456 0.000000 0.041503 0.000741 0.000950 
04:   0.002489 0.000001 0.041476 0.000740 0.000975 
05:   0.002381 0.000000 0.041441 0.000740 0.000961 
06:   0.002478 0.000000 0.041338 0.000719 0.000975 
07:   0.002487 0.000000 0.041434 0.000742 0.000988 
/nethome/kalgin/z/mst/run.xeon.sh: line 45: 173400 Killed                  ./turbobust_stub.out $i 16
threadsCount = 16
loopsCount = 2164
Done
iterationNumber = 0
iterationNumber = 1
iterationNumber = 2
iterationNumber = 3
iterationNumber = 4
iterationNumber = 5
iterationNumber = 6
0.952
3.582
iteration  0
00:   0.020835 0.000000 0.608153 0.001708 0.381481 
01:   0.020765 0.000000 0.562973 0.001739 0.534751 
02:   0.020686 0.000000 0.560621 0.001711 0.525352 
03:   0.020661 0.000000 0.563547 0.001739 0.534382 
04:   0.020798 0.000000 0.615554 0.001709 0.533136 
05:   0.020693 0.000000 0.564198 0.001757 0.538227 
06:   0.020762 0.000000 0.562881 0.001742 0.537225 
07:   0.020771 0.000000 0.615413 0.001722 0.538876 
08:   0.020371 0.000000 0.531555 0.001730 0.546175 
09:   0.020496 0.000000 0.529424 0.001727 0.542522 
10:   0.020122 0.000000 0.506129 0.001740 0.547937 
11:   0.020165 0.000000 0.503437 0.001737 0.545572 
12:   0.020054 0.000000 0.505879 0.001779 0.548053 
13:   0.020073 0.000000 0.500894 0.001716 0.541679 
14:   0.020452 0.000000 0.502402 0.001734 0.543495 
15:   0.020740 0.000000 0.501636 0.001719 0.546217 
iteration  1
00:   0.028525 0.000000 0.127653 0.005019 0.177239 
01:   0.028195 0.000000 0.107848 0.005021 0.192273 
02:   0.027528 0.000000 0.106515 0.005000 0.187053 
03:   0.028190 0.000000 0.107777 0.005017 0.194171 
04:   0.027806 0.000000 0.114604 0.005015 0.193520 
05:   0.027616 0.000000 0.108179 0.005020 0.209098 
06:   0.027446 0.000000 0.107752 0.005021 0.205086 
07:   0.027706 0.000000 0.116075 0.005017 0.213415 
08:   0.024491 0.000000 0.103315 0.004979 0.209939 
09:   0.024084 0.000000 0.104028 0.004988 0.211784 
10:   0.024568 0.000000 0.100689 0.004985 0.212378 
11:   0.024177 0.000000 0.099824 0.004983 0.213752 
12:   0.024551 0.000000 0.100772 0.004989 0.215136 
13:   0.023769 0.000000 0.099690 0.004983 0.209089 
14:   0.024001 0.000000 0.099942 0.004991 0.215210 
15:   0.024250 0.000000 0.100407 0.004981 0.213600 
iteration  2
00:   0.020203 0.000000 0.051412 0.002324 0.039450 
01:   0.019444 0.000000 0.050437 0.002292 0.037529 
02:   0.017651 0.000000 0.050355 0.002304 0.042531 
03:   0.019008 0.000000 0.050538 0.002315 0.047162 
04:   0.018421 0.000000 0.051123 0.002316 0.039828 
05:   0.019137 0.000000 0.050704 0.002329 0.051577 
06:   0.019341 0.000000 0.050925 0.002319 0.053807 
07:   0.020431 0.000000 0.051449 0.002313 0.049447 
08:   0.016693 0.000000 0.047148 0.002292 0.049561 
09:   0.017224 0.000000 0.047074 0.002300 0.047305 
10:   0.017306 0.000000 0.047133 0.002309 0.054628 
11:   0.016754 0.000000 0.046902 0.002325 0.050602 
12:   0.017303 0.000000 0.047338 0.002331 0.055736 
13:   0.016564 0.000000 0.047100 0.002292 0.054702 
14:   0.017008 0.000000 0.046865 0.002290 0.052606 
15:   0.016857 0.000000 0.046993 0.002282 0.053975 
iteration  3
00:   0.013569 0.000000 0.048086 0.001349 0.030928 
01:   0.013372 0.000000 0.048024 0.001374 0.027160 
02:   0.014133 0.000001 0.047941 0.001324 0.028121 
03:   0.015568 0.000000 0.047952 0.001334 0.027489 
04:   0.012434 0.000000 0.047977 0.001343 0.023112 
05:   0.017469 0.000000 0.047903 0.001344 0.027233 
06:   0.020475 0.000000 0.047918 0.001327 0.006390 
07:   0.015836 0.000000 0.048014 0.001395 0.028650 
08:   0.013191 0.000000 0.043298 0.001389 0.025692 
09:   0.011968 0.000000 0.043216 0.001361 0.028528 
10:   0.014774 0.000000 0.043289 0.001336 0.032746 
11:   0.012645 0.000000 0.043310 0.001328 0.032804 
12:   0.016341 0.000000 0.043286 0.001341 0.029596 
13:   0.014736 0.000000 0.043267 0.001325 0.029404 
14:   0.012857 0.000000 0.043170 0.001372 0.026461 
15:   0.014341 0.000000 0.043132 0.001373 0.012725 
iteration  4
00:   0.020923 0.000000 0.047778 0.001260 0.012228 
01:   0.019588 0.000000 0.047789 0.001278 0.008810 
02:   0.015144 0.000000 0.047698 0.001250 0.000633 
03:   0.015850 0.000000 0.047774 0.001230 0.000636 
04:   0.014162 0.000000 0.047781 0.001239 0.042510 
05:   0.016078 0.000000 0.047782 0.001298 0.019922 
06:   0.005035 0.000000 0.047725 0.001272 0.001405 
07:   0.015698 0.000000 0.047747 0.001236 0.000643 
08:   0.011748 0.000000 0.042944 0.001264 0.000496 
09:   0.011892 0.000000 0.042958 0.001228 0.006472 
10:   0.018514 0.000000 0.042943 0.001246 0.010815 
11:   0.018685 0.000000 0.042928 0.001264 0.005186 
12:   0.013852 0.000000 0.042939 0.001227 0.000513 
13:   0.012057 0.000000 0.042868 0.001256 0.000525 
14:   0.009575 0.000000 0.042889 0.001261 0.000507 
15:   0.005274 0.000000 0.042885 0.001245 0.000539 
iteration  5
00:   0.021478 0.000000 0.047743 0.001161 0.000603 
01:   0.017572 0.000000 0.047711 0.001160 0.046134 
02:   0.001390 0.000000 0.047745 0.001156 0.000586 
03:   0.001365 0.000000 0.047680 0.001156 0.000578 
04:   0.122278 0.000000 0.047722 0.001154 0.000608 
05:   0.054098 0.000000 0.047709 0.001160 0.000575 
06:   0.003523 0.000000 0.047664 0.001159 0.000603 
07:   0.001437 0.000000 0.047710 0.001161 0.000582 
08:   0.001330 0.000000 0.043133 0.001039 0.000496 
09:   0.011494 0.000000 0.043029 0.001031 0.000478 
10:   0.015818 0.000000 0.043029 0.001038 0.000476 
11:   0.008574 0.000000 0.042978 0.001039 0.000472 
12:   0.001312 0.000000 0.043003 0.001037 0.000497 
13:   0.001287 0.000000 0.042952 0.001026 0.000478 
14:   0.001318 0.000000 0.042902 0.001041 0.000487 
15:   0.001327 0.000000 0.042965 0.001046 0.000485 
iteration  6
00:   0.001417 0.000000 0.047674 0.000468 0.000599 
01:   1.387912 0.000000 0.047681 0.000495 0.000586 
02:   0.001402 0.000001 0.047667 0.000473 0.000582 
03:   0.001375 0.000000 0.047593 0.000482 0.000573 
04:   0.001407 0.000000 0.047651 0.000501 0.000597 
05:   0.001388 0.000000 0.047694 0.000468 0.000582 
06:   0.001394 0.000000 0.047650 0.000489 0.000593 
07:   0.001460 0.000000 0.047657 0.000477 0.000577 
08:   0.001260 0.000000 0.042938 0.000477 0.000471 
09:   0.001230 0.000000 0.042941 0.000475 0.000458 
10:   0.001223 0.000000 0.042902 0.000467 0.000450 
11:   0.001202 0.000000 0.042916 0.000467 0.000453 
12:   0.001258 0.000000 0.042904 0.000468 0.000465 
13:   0.001222 0.000000 0.042858 0.000469 0.000466 
14:   0.001240 0.000000 0.042821 0.000504 0.000471 
15:   0.001259 0.000002 0.042859 0.000484 0.000479 
/nethome/kalgin/z/mst/run.xeon.sh: line 45: 173419 Killed                  ./turbobust_stub.out $i 16
/nethome/kalgin/z/mst/run.xeon.sh: line 45: 173437 Segmentation fault      (core dumped) ./turbobust_stub.out $i 16
/nethome/kalgin/z/mst/run.xeon.sh: line 60: kill: (173437) - No such process
