threadsCount = 16
loopsCount = 0
7.694
1.496
threadsCount = 1
loopsCount = 0
Done
iterationNumber = 0
iterationNumber = 1
iterationNumber = 2
iterationNumber = 3
iterationNumber = 4
iterationNumber = 5
iterationNumber = 6
iterationNumber = 7
5.034
3.090
iteration  0
00:   0.343574 0.000000 0.088690 0.081850 0.348427 
iteration  1
00:   0.356838 0.000000 0.054522 0.065950 0.244139 
iteration  2
00:   0.421600 0.000001 0.029608 0.061844 0.095186 
iteration  3
00:   0.474986 0.000000 0.018665 0.062193 0.023700 
iteration  4
00:   0.055270 0.000000 0.010403 0.056661 0.012737 
iteration  5
00:   0.014936 0.000000 0.007540 0.033209 0.010515 
iteration  6
00:   0.009824 0.000000 0.007180 0.027789 0.010049 
iteration  7
00:   0.009078 0.000000 0.007152 0.010342 0.010015 
threadsCount = 2
loopsCount = 0
Done
iterationNumber = 0
iterationNumber = 1
iterationNumber = 2
iterationNumber = 3
iterationNumber = 4
iterationNumber = 5
iterationNumber = 6
iterationNumber = 7
2.732
1.864
iteration  0
00:   0.180845 0.000000 0.047272 0.044594 0.163477 
01:   0.185103 0.000000 0.047353 0.044630 0.161256 
iteration  1
00:   0.190459 0.000000 0.028813 0.038241 0.187904 
01:   0.189675 0.000000 0.029607 0.037256 0.202136 
iteration  2
00:   0.224818 0.000000 0.015741 0.034737 0.088811 
01:   0.222968 0.000000 0.015417 0.035125 0.091950 
iteration  3
00:   0.257856 0.000000 0.009985 0.034812 0.031173 
01:   0.248848 0.000000 0.009748 0.032772 0.030703 
iteration  4
00:   0.029695 0.000000 0.005570 0.029620 0.026204 
01:   0.029571 0.000000 0.005444 0.029200 0.025558 
iteration  5
00:   0.008216 0.000000 0.004023 0.017516 0.025569 
01:   0.007874 0.000000 0.003910 0.017099 0.024592 
iteration  6
00:   0.005364 0.000000 0.003923 0.014294 0.025500 
01:   0.005202 0.000000 0.003769 0.014160 0.024496 
iteration  7
00:   0.005019 0.000000 0.003835 0.005711 0.025373 
01:   0.004850 0.000000 0.003718 0.005557 0.024525 
/nethome/kalgin/z/mst/run.xeon.sh: line 45: 60518 Killed                  ./turbobust_stub.out $i 16
threadsCount = 4
loopsCount = 0
Done
iterationNumber = 0
iterationNumber = 1
iterationNumber = 2
iterationNumber = 3
iterationNumber = 4
iterationNumber = 5
iterationNumber = 6
iterationNumber = 7
1.583
1.215
iteration  0
00:   0.109915 0.000000 0.028985 0.022907 0.095128 
01:   0.107426 0.000000 0.026537 0.022423 0.093774 
02:   0.106896 0.000000 0.026464 0.022500 0.094134 
03:   0.108523 0.000000 0.026199 0.022459 0.094324 
iteration  1
00:   0.107578 0.000000 0.018252 0.020574 0.142596 
01:   0.099603 0.000000 0.014799 0.019156 0.147380 
02:   0.099432 0.000000 0.014776 0.019183 0.151196 
03:   0.099027 0.000000 0.014627 0.019170 0.142610 
iteration  2
00:   0.125128 0.000000 0.010399 0.017530 0.070279 
01:   0.117518 0.000000 0.008225 0.016970 0.075631 
02:   0.118999 0.000000 0.008198 0.016942 0.078930 
03:   0.117146 0.000000 0.008135 0.016926 0.068718 
iteration  3
00:   0.148728 0.000000 0.005844 0.016760 0.021970 
01:   0.140271 0.000000 0.005366 0.016463 0.029068 
02:   0.139509 0.000000 0.005274 0.016457 0.033610 
03:   0.137966 0.000000 0.005180 0.016429 0.021772 
iteration  4
00:   0.018262 0.000000 0.003181 0.014818 0.019204 
01:   0.015902 0.000000 0.003084 0.014594 0.025875 
02:   0.016282 0.000000 0.003056 0.014586 0.030781 
03:   0.016102 0.000000 0.002988 0.014591 0.018741 
iteration  5
00:   0.004618 0.000000 0.002490 0.008951 0.018355 
01:   0.004309 0.000000 0.002336 0.008618 0.025171 
02:   0.004449 0.000000 0.002333 0.008612 0.030374 
03:   0.004369 0.000000 0.002311 0.008618 0.018264 
iteration  6
00:   0.003696 0.000000 0.002377 0.007601 0.018278 
01:   0.002948 0.000000 0.002260 0.007414 0.025074 
02:   0.002957 0.000000 0.002240 0.007395 0.030337 
03:   0.002963 0.000000 0.002256 0.007395 0.018206 
iteration  7
00:   0.003037 0.000000 0.002466 0.002956 0.018664 
01:   0.002901 0.000000 0.002303 0.002950 0.025092 
02:   0.002894 0.000000 0.002289 0.002951 0.030341 
03:   0.002878 0.000000 0.002262 0.002871 0.018196 
/nethome/kalgin/z/mst/run.xeon.sh: line 45: 60535 Killed                  ./turbobust_stub.out $i 16
threadsCount = 8
loopsCount = 0
Done
iterationNumber = 0
iterationNumber = 1
iterationNumber = 2
iterationNumber = 3
iterationNumber = 4
iterationNumber = 5
iterationNumber = 6
iterationNumber = 7
1.836
1.070
iteration  0
00:   0.085131 0.000000 0.019402 0.013610 0.076980 
01:   0.083341 0.000000 0.018722 0.013595 0.072412 
02:   0.083214 0.000000 0.018749 0.013597 0.072458 
03:   0.083174 0.000000 0.018752 0.013597 0.072496 
04:   0.082776 0.000000 0.018742 0.013597 0.072671 
05:   0.083204 0.000000 0.018629 0.013605 0.072480 
06:   0.084284 0.000000 0.018865 0.013602 0.072437 
07:   0.084446 0.000000 0.018549 0.013596 0.072387 
iteration  1
00:   0.067435 0.000000 0.010006 0.011494 0.225633 
01:   0.062621 0.000000 0.009594 0.011498 0.238513 
02:   0.062521 0.000000 0.009596 0.011495 0.241814 
03:   0.062163 0.000000 0.009570 0.011496 0.245453 
04:   0.062568 0.000000 0.009581 0.011493 0.248406 
05:   0.062361 0.000000 0.009538 0.011497 0.245895 
06:   0.063172 0.000000 0.009626 0.011487 0.240644 
07:   0.062509 0.000000 0.009493 0.011496 0.236574 
iteration  2
00:   0.079571 0.000000 0.005679 0.010026 0.077693 
01:   0.074133 0.000000 0.005660 0.010616 0.082679 
02:   0.074012 0.000000 0.005703 0.010614 0.086107 
03:   0.072047 0.000000 0.005628 0.010617 0.089855 
04:   0.074639 0.000000 0.005657 0.010619 0.092149 
05:   0.074369 0.000000 0.005646 0.010621 0.089291 
06:   0.072910 0.000000 0.005662 0.010616 0.085589 
07:   0.074173 0.000000 0.005646 0.010610 0.081623 
iteration  3
00:   0.094054 0.000000 0.003840 0.010061 0.021817 
01:   0.087427 0.000000 0.003555 0.010068 0.021846 
02:   0.087517 0.000000 0.003536 0.010070 0.028115 
03:   0.087018 0.000000 0.003587 0.010059 0.030823 
04:   0.089621 0.000000 0.003541 0.010048 0.034271 
05:   0.086719 0.000000 0.003524 0.010058 0.030820 
06:   0.086389 0.000000 0.003569 0.010067 0.025528 
07:   0.087556 0.000000 0.003563 0.010060 0.021816 
iteration  4
00:   0.010070 0.000000 0.002131 0.008495 0.019425 
01:   0.010449 0.000000 0.002187 0.008501 0.019510 
02:   0.010253 0.000000 0.002205 0.008497 0.025757 
03:   0.010195 0.000000 0.002202 0.008498 0.028708 
04:   0.010613 0.000000 0.002197 0.008503 0.032240 
05:   0.010423 0.000000 0.002175 0.008502 0.028661 
06:   0.010403 0.000000 0.002197 0.008500 0.023396 
07:   0.010384 0.000000 0.002176 0.008501 0.019424 
iteration  5
00:   0.003171 0.000000 0.001938 0.004947 0.019031 
01:   0.003194 0.000000 0.001951 0.005185 0.019339 
02:   0.002949 0.000000 0.001921 0.005180 0.024750 
03:   0.003135 0.000000 0.001942 0.005179 0.028382 
04:   0.003175 0.000000 0.001943 0.005182 0.032943 
05:   0.003128 0.000000 0.001924 0.005152 0.028382 
06:   0.003094 0.000000 0.001929 0.005178 0.023098 
07:   0.003038 0.000000 0.001926 0.005172 0.019340 
iteration  6
00:   0.002594 0.000000 0.001931 0.004574 0.019030 
01:   0.002362 0.000000 0.001945 0.004568 0.019031 
02:   0.002328 0.000000 0.001941 0.004563 0.023291 
03:   0.002362 0.000000 0.001941 0.004567 0.028347 
04:   0.002364 0.000000 0.001947 0.004573 0.031793 
05:   0.002337 0.000000 0.001930 0.004570 0.028352 
06:   0.002314 0.000000 0.001966 0.004568 0.023279 
07:   0.002251 0.000000 0.001957 0.004574 0.019029 
iteration  7
00:   0.002409 0.000000 0.002307 0.001662 0.019038 
01:   0.002401 0.000000 0.002034 0.001664 0.019039 
02:   0.002418 0.000000 0.002010 0.001661 0.023322 
03:   0.002402 0.000000 0.002000 0.001664 0.028347 
04:   0.002418 0.000000 0.002025 0.001664 0.033902 
05:   0.002400 0.000000 0.002018 0.001662 0.028353 
06:   0.002423 0.000000 0.001998 0.001661 0.023319 
07:   0.002239 0.000000 0.001984 0.001665 0.019030 
/nethome/kalgin/z/mst/run.xeon.sh: line 45: 60553 Killed                  ./turbobust_stub.out $i 16
threadsCount = 16
loopsCount = 0
Done
iterationNumber = 0
iterationNumber = 1
iterationNumber = 2
iterationNumber = 3
iterationNumber = 4
iterationNumber = 5
iterationNumber = 6
iterationNumber = 7
4.707
1.180
iteration  0
00:   0.044106 0.000000 0.010534 0.010788 0.051139 
01:   0.044487 0.000000 0.010395 0.010879 0.051543 
02:   0.044471 0.000000 0.010431 0.010764 0.051801 
03:   0.044515 0.000000 0.010437 0.010836 0.051951 
04:   0.044389 0.000000 0.010449 0.010868 0.051978 
05:   0.044367 0.000000 0.010408 0.010843 0.052091 
06:   0.044109 0.000000 0.010408 0.010770 0.052001 
07:   0.044496 0.000000 0.010359 0.010817 0.052351 
08:   0.046289 0.000000 0.011144 0.010773 0.057251 
09:   0.046043 0.000000 0.011124 0.010860 0.056601 
10:   0.046256 0.000000 0.011169 0.010758 0.056183 
11:   0.046183 0.000000 0.011039 0.010782 0.055659 
12:   0.046175 0.000000 0.011032 0.010823 0.055458 
13:   0.045593 0.000000 0.011033 0.010790 0.054912 
14:   0.046458 0.000000 0.010972 0.010769 0.054841 
15:   0.046827 0.000000 0.010913 0.010764 0.054805 
iteration  1
00:   0.034881 0.000000 0.005534 0.010535 0.338284 
01:   0.034631 0.000000 0.005504 0.010669 0.399262 
02:   0.034654 0.000000 0.005489 0.010606 0.405456 
03:   0.034752 0.000000 0.005509 0.010633 0.419438 
04:   0.034839 0.000000 0.005477 0.010587 0.418637 
05:   0.034414 0.000000 0.005459 0.010566 0.420132 
06:   0.034509 0.000000 0.005493 0.010565 0.422874 
07:   0.034593 0.000000 0.005475 0.010609 0.426128 
08:   0.033257 0.000000 0.005570 0.010543 0.447756 
09:   0.033146 0.000000 0.005558 0.010617 0.447078 
10:   0.032948 0.000000 0.005523 0.010624 0.445097 
11:   0.032792 0.000000 0.005522 0.010591 0.445915 
12:   0.032898 0.000000 0.005497 0.010595 0.439657 
13:   0.032823 0.000000 0.005478 0.010599 0.442246 
14:   0.032940 0.000000 0.005445 0.010553 0.439521 
15:   0.032976 0.000000 0.005425 0.010568 0.439022 
iteration  2
00:   0.044627 0.000000 0.002839 0.008240 0.155783 
01:   0.043726 0.000000 0.002822 0.008280 0.192358 
02:   0.043929 0.000000 0.002776 0.008231 0.194432 
03:   0.044158 0.000000 0.002792 0.008358 0.199715 
04:   0.044576 0.000000 0.002812 0.008312 0.200736 
05:   0.043281 0.000000 0.002783 0.008356 0.208183 
06:   0.042946 0.000000 0.002783 0.008236 0.209670 
07:   0.042811 0.000000 0.002785 0.008330 0.213095 
08:   0.041886 0.000000 0.003217 0.008231 0.225229 
09:   0.041379 0.000000 0.003145 0.008253 0.222680 
10:   0.041212 0.000000 0.003240 0.008268 0.219649 
11:   0.041769 0.000000 0.003212 0.008332 0.219190 
12:   0.040110 0.000000 0.003211 0.008245 0.218134 
13:   0.040686 0.000000 0.003186 0.008251 0.218279 
14:   0.041363 0.000000 0.003141 0.008221 0.217592 
15:   0.040771 0.000000 0.003132 0.008286 0.215695 
iteration  3
00:   0.055593 0.000000 0.001710 0.006817 0.020763 
01:   0.055315 0.000000 0.001705 0.006824 0.020774 
02:   0.054752 0.000000 0.001643 0.006740 0.020762 
03:   0.054592 0.000000 0.001699 0.006766 0.021410 
04:   0.055162 0.000000 0.001651 0.006737 0.025197 
05:   0.054033 0.000000 0.001631 0.006791 0.026850 
06:   0.054476 0.000000 0.001663 0.006727 0.029348 
07:   0.054226 0.000000 0.001694 0.006823 0.030427 
08:   0.052717 0.000000 0.001922 0.006768 0.033001 
09:   0.051060 0.000000 0.001898 0.006690 0.032101 
10:   0.049873 0.000000 0.001913 0.006709 0.030041 
11:   0.051582 0.000000 0.001913 0.006690 0.028485 
12:   0.050272 0.000000 0.001881 0.006731 0.025528 
13:   0.050701 0.000000 0.001855 0.006706 0.022144 
14:   0.051244 0.000000 0.001896 0.006725 0.021723 
15:   0.050199 0.000000 0.001882 0.006750 0.021724 
iteration  4
00:   0.006233 0.000000 0.000905 0.005307 0.019585 
01:   0.006233 0.000000 0.000938 0.005329 0.019584 
02:   0.006517 0.000000 0.000897 0.005367 0.019581 
03:   0.006353 0.000000 0.000927 0.005328 0.019587 
04:   0.006363 0.000000 0.000918 0.005339 0.022557 
05:   0.006252 0.000000 0.000897 0.005364 0.025421 
06:   0.006347 0.000000 0.000933 0.005346 0.027927 
07:   0.006221 0.000000 0.000934 0.005385 0.028995 
08:   0.005881 0.000000 0.000962 0.005365 0.030498 
09:   0.005735 0.000000 0.000994 0.005340 0.029534 
10:   0.005568 0.000000 0.000967 0.005314 0.028764 
11:   0.005763 0.000000 0.000991 0.005283 0.026758 
12:   0.005702 0.000000 0.000962 0.005311 0.020863 
13:   0.005632 0.000000 0.000937 0.005302 0.019652 
14:   0.005736 0.000000 0.000962 0.005336 0.019655 
15:   0.005499 0.000000 0.000984 0.005346 0.019649 
iteration  5
00:   0.001578 0.000000 0.000772 0.003179 0.019188 
01:   0.001649 0.000000 0.000776 0.003205 0.019224 
02:   0.001641 0.000000 0.000716 0.003195 0.019204 
03:   0.001593 0.000000 0.000766 0.003136 0.019186 
04:   0.001492 0.000000 0.000714 0.003207 0.022018 
05:   0.001450 0.000000 0.000727 0.003159 0.025155 
06:   0.001605 0.000000 0.000765 0.003178 0.027583 
07:   0.001528 0.000000 0.000750 0.003192 0.028663 
08:   0.001666 0.000000 0.000754 0.003179 0.029847 
09:   0.001659 0.000000 0.000741 0.003164 0.029564 
10:   0.001649 0.000000 0.000727 0.003147 0.028460 
11:   0.001621 0.000000 0.000748 0.003195 0.026659 
12:   0.001615 0.000000 0.000727 0.003208 0.020786 
13:   0.001605 0.000000 0.000730 0.003238 0.019381 
14:   0.001554 0.000000 0.000739 0.003137 0.019366 
15:   0.001489 0.000000 0.000735 0.003197 0.019373 
iteration  6
00:   0.000977 0.000000 0.000657 0.002544 0.019201 
01:   0.000987 0.000000 0.000667 0.002550 0.019201 
02:   0.000973 0.000000 0.000628 0.002544 0.019201 
03:   0.000981 0.000000 0.000661 0.002515 0.019203 
04:   0.000931 0.000000 0.000643 0.002545 0.021713 
05:   0.000955 0.000000 0.000623 0.002581 0.025112 
06:   0.000988 0.000000 0.000660 0.002510 0.027496 
07:   0.000961 0.000000 0.000656 0.002542 0.028601 
08:   0.001133 0.000000 0.000647 0.002494 0.029911 
09:   0.001120 0.000000 0.000649 0.002583 0.029508 
10:   0.001129 0.000000 0.000627 0.002514 0.028450 
11:   0.001111 0.000000 0.000643 0.002502 0.026651 
12:   0.001090 0.000000 0.000622 0.002516 0.020630 
13:   0.001090 0.000000 0.000625 0.002526 0.019415 
14:   0.001044 0.000000 0.000612 0.002514 0.019418 
15:   0.000917 0.000000 0.000654 0.002518 0.019417 
iteration  7
00:   0.000944 0.000000 0.000670 0.001167 0.019290 
01:   0.000932 0.000000 0.000666 0.001149 0.019281 
02:   0.000951 0.000000 0.000639 0.001185 0.019275 
03:   0.000936 0.000000 0.000680 0.001165 0.019284 
04:   0.000940 0.000000 0.000630 0.001145 0.021562 
05:   0.000906 0.000000 0.000631 0.001208 0.025123 
06:   0.000956 0.000000 0.000684 0.001185 0.027483 
07:   0.000937 0.000000 0.000680 0.001162 0.028619 
08:   0.001079 0.000000 0.000605 0.001165 0.029801 
09:   0.001041 0.000000 0.000643 0.001144 0.029499 
10:   0.001072 0.000000 0.000640 0.001154 0.028480 
11:   0.001062 0.000000 0.000616 0.001184 0.026659 
12:   0.001051 0.000000 0.000588 0.001198 0.020421 
13:   0.001024 0.000000 0.000579 0.001170 0.019424 
14:   0.000916 0.000000 0.000612 0.001158 0.019424 
15:   0.000819 0.000000 0.000652 0.001164 0.019424 
/nethome/kalgin/z/mst/run.xeon.sh: line 45: 60571 Killed                  ./turbobust_stub.out $i 16
/nethome/kalgin/z/mst/run.xeon.sh: line 45: 60589 Segmentation fault      (core dumped) ./turbobust_stub.out $i 16
/nethome/kalgin/z/mst/run.xeon.sh: line 60: kill: (60589) - No such process
