threadsCount = 16
loopsCount = 62
15.803
3.261
threadsCount = 1
loopsCount = 62
Done
iterationNumber = 0
iterationNumber = 1
iterationNumber = 2
iterationNumber = 3
iterationNumber = 4
iterationNumber = 5
iterationNumber = 6
iterationNumber = 7
iterationNumber = 8
iterationNumber = 9
11.048
15.337
iteration  0
00:   0.228107 0.682535 1.429811 0.018325 0.000000 0.240615 
iteration  1
00:   0.929908 0.310647 0.451665 0.042088 0.000000 0.075187 
iteration  2
00:   1.078469 0.122993 0.129024 0.031828 0.000000 0.019852 
iteration  3
00:   0.998942 0.078890 0.052253 0.026756 0.000000 0.005878 
iteration  4
00:   0.971265 0.072143 0.037863 0.020507 0.000000 0.003541 
iteration  5
00:   0.965014 0.071723 0.035928 0.018226 0.000000 0.002713 
iteration  6
00:   0.969802 0.071602 0.035790 0.015853 0.000000 0.002914 
iteration  7
00:   0.999401 0.071476 0.034176 0.020269 0.000000 0.002625 
iteration  8
00:   1.232043 0.071716 0.035848 0.023686 0.000000 0.003054 
iteration  9
00:   2.454172 0.071493 0.035447 0.005096 0.000000 0.002892 
threadsCount = 2
loopsCount = 62
Done
iterationNumber = 0
iterationNumber = 1
iterationNumber = 2
iterationNumber = 3
iterationNumber = 4
iterationNumber = 5
iterationNumber = 6
iterationNumber = 7
iterationNumber = 8
iterationNumber = 9
7.410
9.861
iteration  0
00:   0.113294 0.355706 1.015217 0.008868 0.000000 0.113012 
01:   0.117591 0.355124 1.046869 0.008867 0.000000 0.114138 
iteration  1
00:   0.461617 0.156648 0.300575 0.022002 0.000000 0.038497 
01:   0.481044 0.156675 0.305991 0.022043 0.000000 0.038523 
iteration  2
00:   0.527616 0.063672 0.078948 0.016561 0.000000 0.010365 
01:   0.534060 0.063774 0.079547 0.016626 0.000000 0.010390 
iteration  3
00:   0.494302 0.043623 0.029098 0.013151 0.000000 0.003041 
01:   0.505224 0.043634 0.029058 0.013213 0.000000 0.003059 
iteration  4
00:   0.477625 0.040019 0.019966 0.009923 0.000000 0.001565 
01:   0.500550 0.040021 0.019738 0.009944 0.000000 0.001543 
iteration  5
00:   0.511891 0.039351 0.017924 0.008674 0.000000 0.001335 
01:   0.463114 0.039348 0.017880 0.008662 0.000000 0.001323 
iteration  6
00:   0.602124 0.038938 0.018134 0.007521 0.000000 0.001299 
01:   0.370203 0.038937 0.018124 0.007546 0.000000 0.001300 
iteration  7
00:   0.322918 0.039388 0.018086 0.010113 0.000000 0.001298 
01:   0.668244 0.039388 0.018071 0.010142 0.000000 0.001299 
iteration  8
00:   0.307426 0.038780 0.017734 0.011358 0.000000 0.001296 
01:   0.875583 0.038780 0.017723 0.011330 0.000000 0.001297 
iteration  9
00:   0.002633 0.038952 0.018065 0.002435 0.000000 0.001298 
01:   2.327696 0.038952 0.018059 0.002433 0.000000 0.001298 
/nethome/kalgin/z/mst/run.rand.sh: line 47: 172127 Killed                  ./turbobust_stub.out $i 16
threadsCount = 4
loopsCount = 62
Done
iterationNumber = 0
iterationNumber = 1
iterationNumber = 2
iterationNumber = 3
iterationNumber = 4
iterationNumber = 5
iterationNumber = 6
iterationNumber = 7
iterationNumber = 8
iterationNumber = 9
3.792
7.170
iteration  0
00:   0.061196 0.201434 0.684325 0.004532 0.000000 0.059288 
01:   0.059581 0.201258 0.701139 0.004530 0.000000 0.059815 
02:   0.060828 0.201119 0.704811 0.004531 0.000000 0.059968 
03:   0.061141 0.201168 0.704731 0.004530 0.000000 0.059201 
iteration  1
00:   0.246484 0.094574 0.200180 0.011382 0.000000 0.020954 
01:   0.236856 0.094453 0.201470 0.011392 0.000000 0.020935 
02:   0.249687 0.094553 0.202709 0.011417 0.000000 0.021026 
03:   0.238028 0.094595 0.202652 0.011417 0.000000 0.020758 
iteration  2
00:   0.275657 0.046257 0.050748 0.008515 0.000000 0.005723 
01:   0.271192 0.046258 0.051042 0.008576 0.000000 0.005688 
02:   0.274674 0.046251 0.051220 0.008606 0.000000 0.005718 
03:   0.270597 0.046304 0.051679 0.008585 0.000000 0.005730 
iteration  3
00:   0.257728 0.036147 0.017871 0.006737 0.000000 0.001657 
01:   0.256510 0.036146 0.017524 0.006774 0.000000 0.001594 
02:   0.257938 0.036151 0.017607 0.006764 0.000000 0.001617 
03:   0.261533 0.036155 0.017792 0.006789 0.000000 0.001661 
iteration  4
00:   0.255763 0.034142 0.011658 0.005089 0.000000 0.000794 
01:   0.242129 0.034139 0.011547 0.005060 0.000000 0.000813 
02:   0.254903 0.034136 0.011496 0.005082 0.000000 0.000776 
03:   0.261160 0.034144 0.011454 0.005056 0.000000 0.000805 
iteration  5
00:   0.232125 0.033621 0.010107 0.004277 0.000000 0.000675 
01:   0.299602 0.033623 0.010211 0.004322 0.000000 0.000672 
02:   0.231865 0.033621 0.010172 0.004305 0.000000 0.000667 
03:   0.245556 0.033621 0.010170 0.004367 0.000000 0.000673 
iteration  6
00:   0.336332 0.034024 0.010155 0.003826 0.000000 0.000650 
01:   0.287981 0.034024 0.010236 0.003821 0.000000 0.000653 
02:   0.202352 0.034024 0.010230 0.003821 0.000000 0.000654 
03:   0.178852 0.034024 0.010156 0.003825 0.000000 0.000655 
iteration  7
00:   0.053085 0.033436 0.010249 0.005118 0.000000 0.000653 
01:   0.279927 0.033435 0.010281 0.005108 0.000000 0.000652 
02:   0.397580 0.033436 0.010260 0.005063 0.000000 0.000651 
03:   0.284053 0.033436 0.010252 0.005119 0.000000 0.000657 
iteration  8
00:   0.310865 0.033535 0.010261 0.005699 0.000000 0.000648 
01:   0.001975 0.033508 0.010227 0.005691 0.000000 0.000649 
02:   0.001968 0.033531 0.010209 0.005690 0.000000 0.000648 
03:   0.871869 0.033541 0.010190 0.005697 0.000000 0.000653 
iteration  9
00:   0.002130 0.033431 0.010487 0.001291 0.000000 0.000657 
01:   0.002180 0.033423 0.010437 0.001280 0.000000 0.000656 
02:   0.002173 0.033402 0.010382 0.001287 0.000000 0.000655 
03:   2.361786 0.033437 0.010358 0.001275 0.000000 0.000659 
/nethome/kalgin/z/mst/run.rand.sh: line 47: 172145 Killed                  ./turbobust_stub.out $i 16
threadsCount = 8
loopsCount = 62
Done
iterationNumber = 0
iterationNumber = 1
iterationNumber = 2
iterationNumber = 3
iterationNumber = 4
iterationNumber = 5
iterationNumber = 6
iterationNumber = 7
iterationNumber = 8
iterationNumber = 9
2.126
5.999
iteration  0
00:   0.038333 0.146297 0.468248 0.002358 0.000000 0.033923 
01:   0.036496 0.146184 0.482768 0.002357 0.000000 0.033618 
02:   0.036539 0.146160 0.443153 0.002354 0.000000 0.033650 
03:   0.036054 0.146161 0.443583 0.002352 0.000000 0.033709 
04:   0.037152 0.146141 0.445642 0.002355 0.000000 0.033565 
05:   0.037202 0.146051 0.446339 0.002358 0.000000 0.033782 
06:   0.037473 0.146000 0.446556 0.002358 0.000000 0.033368 
07:   0.037551 0.146137 0.446431 0.002356 0.000000 0.033292 
iteration  1
00:   0.138382 0.073752 0.138002 0.005849 0.000000 0.012089 
01:   0.130472 0.073799 0.141725 0.005845 0.000000 0.012107 
02:   0.128022 0.073760 0.130044 0.005855 0.000000 0.012000 
03:   0.127017 0.073732 0.130253 0.005848 0.000000 0.012044 
04:   0.134388 0.073760 0.130488 0.005859 0.000000 0.012071 
05:   0.135371 0.073736 0.131424 0.005852 0.000000 0.012147 
06:   0.135105 0.073574 0.131687 0.005852 0.000000 0.012099 
07:   0.123171 0.073730 0.130285 0.005852 0.000000 0.011933 
iteration  2
00:   0.148715 0.041487 0.035931 0.004408 0.000000 0.003370 
01:   0.148807 0.041542 0.035894 0.004404 0.000000 0.003330 
02:   0.144973 0.041498 0.033452 0.004418 0.000000 0.003314 
03:   0.145195 0.041519 0.033554 0.004410 0.000000 0.003359 
04:   0.146077 0.041504 0.033559 0.004405 0.000000 0.003362 
05:   0.148739 0.041505 0.033476 0.004413 0.000000 0.003339 
06:   0.150286 0.041403 0.033928 0.004412 0.000000 0.003410 
07:   0.142538 0.041485 0.033579 0.004410 0.000000 0.003365 
iteration  3
00:   0.139023 0.035596 0.012185 0.003490 0.000000 0.000949 
01:   0.138567 0.035594 0.012093 0.003478 0.000000 0.000974 
02:   0.136105 0.035591 0.011632 0.003478 0.000000 0.000940 
03:   0.138911 0.035592 0.011484 0.003484 0.000000 0.000914 
04:   0.139290 0.035591 0.011465 0.003485 0.000000 0.000905 
05:   0.138830 0.035598 0.011742 0.003482 0.000000 0.000981 
06:   0.144381 0.035589 0.011715 0.003485 0.000000 0.000961 
07:   0.139299 0.035587 0.011679 0.003479 0.000000 0.000965 
iteration  4
00:   0.131505 0.034298 0.008338 0.002634 0.000000 0.000415 
01:   0.143394 0.034303 0.008084 0.002636 0.000000 0.000400 
02:   0.134581 0.034300 0.008129 0.002635 0.000000 0.000427 
03:   0.125290 0.034298 0.007981 0.002633 0.000000 0.000417 
04:   0.125362 0.034299 0.007990 0.002637 0.000000 0.000399 
05:   0.149115 0.034300 0.008171 0.002625 0.000000 0.000405 
06:   0.143337 0.034301 0.008124 0.002632 0.000000 0.000407 
07:   0.139777 0.034300 0.008111 0.002641 0.000000 0.000425 
iteration  5
00:   0.143515 0.033987 0.007860 0.002200 0.000000 0.000336 
01:   0.105346 0.033986 0.007866 0.002205 0.000000 0.000341 
02:   0.182573 0.033988 0.007869 0.002204 0.000000 0.000343 
03:   0.137638 0.033986 0.007710 0.002197 0.000000 0.000336 
04:   0.110689 0.033986 0.007786 0.002204 0.000000 0.000338 
05:   0.139042 0.033987 0.007736 0.002204 0.000000 0.000334 
06:   0.128010 0.033986 0.007835 0.002206 0.000000 0.000337 
07:   0.138274 0.033986 0.007785 0.002202 0.000000 0.000336 
iteration  6
00:   0.107589 0.034328 0.007620 0.001981 0.000000 0.000329 
01:   0.248506 0.034329 0.007681 0.001978 0.000000 0.000328 
02:   0.169394 0.034329 0.007663 0.001978 0.000000 0.000329 
03:   0.137459 0.034329 0.007666 0.001983 0.000000 0.000331 
04:   0.135256 0.034328 0.007682 0.001984 0.000000 0.000329 
05:   0.081690 0.034328 0.007614 0.001976 0.000000 0.000331 
06:   0.129662 0.034328 0.007486 0.001973 0.000000 0.000329 
07:   0.063550 0.034328 0.007599 0.001983 0.000000 0.000333 
iteration  7
00:   0.056494 0.034243 0.007849 0.002578 0.000000 0.000327 
01:   0.001223 0.034231 0.007686 0.002579 0.000000 0.000326 
02:   0.063004 0.034252 0.007804 0.002580 0.000000 0.000325 
03:   0.230702 0.034252 0.007764 0.002575 0.000000 0.000326 
04:   0.060571 0.034252 0.007731 0.002579 0.000000 0.000325 
05:   0.358469 0.034252 0.007669 0.002575 0.000000 0.000325 
06:   0.121433 0.034251 0.007556 0.002570 0.000000 0.000325 
07:   0.182105 0.034252 0.007648 0.002569 0.000000 0.000329 
iteration  8
00:   0.322582 0.034185 0.007714 0.002904 0.000000 0.000325 
01:   0.002213 0.034149 0.007711 0.002898 0.000000 0.000326 
02:   0.002206 0.034181 0.007639 0.002890 0.000000 0.000326 
03:   0.002191 0.034183 0.007687 0.002891 0.000000 0.000325 
04:   0.002212 0.034187 0.007605 0.002904 0.000000 0.000326 
05:   0.002173 0.034181 0.007544 0.002905 0.000000 0.000326 
06:   0.002169 0.034163 0.007770 0.002897 0.000000 0.000326 
07:   0.923048 0.034192 0.007582 0.002905 0.000000 0.000329 
iteration  9
00:   0.002186 0.034056 0.007629 0.000657 0.000000 0.000341 
01:   0.002154 0.034023 0.007655 0.000659 0.000000 0.000339 
02:   0.002115 0.034022 0.007759 0.000654 0.000000 0.000338 
03:   0.002210 0.034020 0.007696 0.000657 0.000000 0.000336 
04:   0.002196 0.034058 0.007723 0.000656 0.000000 0.000336 
05:   0.002167 0.034020 0.007684 0.000660 0.000000 0.000336 
06:   0.002147 0.034019 0.007683 0.000654 0.000000 0.000342 
07:   2.339803 0.034063 0.007628 0.000656 0.000000 0.000341 
/nethome/kalgin/z/mst/run.rand.sh: line 47: 172163 Killed                  ./turbobust_stub.out $i 16
threadsCount = 16
loopsCount = 62
Done
iterationNumber = 0
iterationNumber = 1
iterationNumber = 2
iterationNumber = 3
iterationNumber = 4
iterationNumber = 5
iterationNumber = 6
iterationNumber = 7
iterationNumber = 8
iterationNumber = 9
1.209
6.390
iteration  0
00:   0.020296 0.122124 0.336144 0.001972 0.000000 0.020124 
01:   0.020718 0.122080 0.340485 0.001947 0.000000 0.019760 
02:   0.019136 0.122165 0.344277 0.001966 0.000000 0.019210 
03:   0.020565 0.122082 0.312568 0.001970 0.000000 0.019313 
04:   0.019354 0.122133 0.314251 0.001966 0.000000 0.019417 
05:   0.019327 0.121951 0.345017 0.001963 0.000000 0.019470 
06:   0.020496 0.121646 0.345120 0.001964 0.000000 0.019880 
07:   0.019136 0.122080 0.314514 0.001954 0.000000 0.019220 
08:   0.017525 0.111408 0.300075 0.001975 0.000000 0.018942 
09:   0.017552 0.111000 0.273679 0.001975 0.000000 0.018980 
10:   0.017259 0.111307 0.301402 0.001954 0.000000 0.018967 
11:   0.017443 0.111336 0.300524 0.001955 0.000000 0.019082 
12:   0.017500 0.111285 0.274555 0.001975 0.000000 0.018924 
13:   0.017125 0.111266 0.299736 0.001955 0.000000 0.018682 
14:   0.017681 0.111105 0.299208 0.001968 0.000000 0.018657 
15:   0.018380 0.111261 0.298200 0.001962 0.000000 0.018647 
iteration  1
00:   0.084336 0.061022 0.100136 0.005911 0.000000 0.006700 
01:   0.085419 0.061026 0.100226 0.005907 0.000000 0.006759 
02:   0.077221 0.061104 0.101100 0.005935 0.000000 0.006692 
03:   0.077296 0.061028 0.091840 0.005942 0.000000 0.006685 
04:   0.078409 0.061041 0.092001 0.005930 0.000000 0.006781 
05:   0.078557 0.060996 0.100529 0.005917 0.000000 0.006605 
06:   0.074981 0.060656 0.100784 0.005914 0.000000 0.006741 
07:   0.074138 0.060921 0.091975 0.005902 0.000000 0.006672 
08:   0.071069 0.058841 0.086183 0.005900 0.000000 0.006529 
09:   0.072026 0.058784 0.079402 0.005930 0.000000 0.006515 
10:   0.073079 0.058892 0.086928 0.005918 0.000000 0.006552 
11:   0.071414 0.058845 0.086809 0.005919 0.000000 0.006575 
12:   0.073044 0.058795 0.080099 0.005951 0.000000 0.006596 
13:   0.072931 0.058844 0.086717 0.005930 0.000000 0.006588 
14:   0.069419 0.058413 0.085992 0.005914 0.000000 0.006500 
15:   0.068488 0.058759 0.085359 0.005959 0.000000 0.006413 
iteration  2
00:   0.090763 0.041210 0.027646 0.004261 0.000000 0.001873 
01:   0.092166 0.041192 0.027495 0.004228 0.000000 0.001814 
02:   0.091273 0.041229 0.027278 0.004260 0.000000 0.001761 
03:   0.090914 0.041204 0.024770 0.004262 0.000000 0.001821 
04:   0.092077 0.041188 0.024929 0.004219 0.000000 0.001813 
05:   0.090068 0.041195 0.027200 0.004215 0.000000 0.001795 
06:   0.089829 0.041156 0.027422 0.004212 0.000000 0.001857 
07:   0.089892 0.041190 0.024902 0.004225 0.000000 0.001832 
08:   0.087108 0.040970 0.022371 0.004228 0.000000 0.001788 
09:   0.086885 0.040952 0.020818 0.004244 0.000000 0.001758 
10:   0.089009 0.040962 0.022357 0.004237 0.000000 0.001752 
11:   0.087811 0.040950 0.022353 0.004231 0.000000 0.001749 
12:   0.089855 0.040958 0.021025 0.004236 0.000000 0.001751 
13:   0.090468 0.040966 0.022840 0.004240 0.000000 0.001843 
14:   0.086717 0.040878 0.022098 0.004232 0.000000 0.001725 
15:   0.084163 0.040950 0.022095 0.004241 0.000000 0.001801 
iteration  3
00:   0.085182 0.037654 0.011879 0.002321 0.000000 0.000438 
01:   0.083520 0.037654 0.011875 0.002320 0.000000 0.000442 
02:   0.083253 0.037656 0.011990 0.002331 0.000000 0.000453 
03:   0.085668 0.037655 0.011182 0.002351 0.000000 0.000438 
04:   0.084794 0.037655 0.011069 0.002359 0.000000 0.000444 
05:   0.082789 0.037659 0.011883 0.002377 0.000000 0.000435 
06:   0.084555 0.037654 0.011761 0.002339 0.000000 0.000412 
07:   0.085849 0.037649 0.011183 0.002322 0.000000 0.000428 
08:   0.085000 0.037642 0.007503 0.002341 0.000000 0.000449 
09:   0.083694 0.037641 0.007190 0.002326 0.000000 0.000420 
10:   0.084369 0.037642 0.007541 0.002298 0.000000 0.000482 
11:   0.083415 0.037643 0.007528 0.002347 0.000000 0.000474 
12:   0.083499 0.037640 0.007314 0.002333 0.000000 0.000459 
13:   0.091216 0.037645 0.007580 0.002333 0.000000 0.000466 
14:   0.082252 0.037638 0.007449 0.002301 0.000000 0.000453 
15:   0.086106 0.037645 0.007376 0.002336 0.000000 0.000464 
iteration  4
00:   0.075695 0.037070 0.009913 0.001550 0.000000 0.000207 
01:   0.081493 0.037070 0.009863 0.001543 0.000000 0.000210 
02:   0.090823 0.037070 0.009887 0.001590 0.000000 0.000200 
03:   0.081754 0.037070 0.009743 0.001589 0.000000 0.000207 
04:   0.081630 0.037070 0.009767 0.001535 0.000000 0.000217 
05:   0.081233 0.037070 0.009901 0.001550 0.000000 0.000221 
06:   0.068856 0.037068 0.009841 0.001585 0.000000 0.000203 
07:   0.082347 0.037069 0.009746 0.001569 0.000000 0.000213 
08:   0.080017 0.037069 0.005197 0.001525 0.000000 0.000204 
09:   0.070325 0.037067 0.005214 0.001516 0.000000 0.000204 
10:   0.091741 0.037069 0.005329 0.001505 0.000000 0.000216 
11:   0.087266 0.037069 0.005415 0.001495 0.000000 0.000201 
12:   0.083177 0.037069 0.005299 0.001516 0.000000 0.000207 
13:   0.089033 0.037068 0.005271 0.001552 0.000000 0.000203 
14:   0.082669 0.037068 0.005200 0.001523 0.000000 0.000208 
15:   0.084608 0.037069 0.005308 0.001522 0.000000 0.000218 
iteration  5
00:   0.082569 0.037168 0.009768 0.001195 0.000000 0.000166 
01:   0.083178 0.037168 0.009776 0.001179 0.000000 0.000172 
02:   0.062639 0.037168 0.009771 0.001202 0.000000 0.000171 
03:   0.058662 0.037168 0.009759 0.001188 0.000000 0.000176 
04:   0.097145 0.037168 0.009742 0.001195 0.000000 0.000174 
05:   0.118248 0.037169 0.009757 0.001161 0.000000 0.000169 
06:   0.067659 0.037168 0.009715 0.001172 0.000000 0.000170 
07:   0.092472 0.037168 0.009706 0.001164 0.000000 0.000172 
08:   0.063990 0.037168 0.005024 0.001179 0.000000 0.000174 
09:   0.061998 0.037167 0.004979 0.001206 0.000000 0.000169 
10:   0.093830 0.037168 0.004992 0.001196 0.000000 0.000167 
11:   0.065570 0.037163 0.005091 0.001154 0.000000 0.000175 
12:   0.070984 0.037168 0.005043 0.001164 0.000000 0.000173 
13:   0.075619 0.037167 0.004945 0.001177 0.000000 0.000168 
14:   0.071518 0.037167 0.004993 0.001200 0.000000 0.000172 
15:   0.086575 0.037168 0.004952 0.001174 0.000000 0.000167 
iteration  6
00:   0.002790 0.037081 0.009753 0.001060 0.000000 0.000162 
01:   0.121725 0.037082 0.009745 0.001041 0.000000 0.000163 
02:   0.102015 0.037082 0.009754 0.001025 0.000000 0.000162 
03:   0.195586 0.037083 0.009698 0.001025 0.000000 0.000162 
04:   0.113258 0.037082 0.009741 0.001047 0.000000 0.000162 
05:   0.088305 0.037082 0.009702 0.001042 0.000000 0.000163 
06:   0.054307 0.037082 0.009694 0.001032 0.000000 0.000163 
07:   0.107420 0.037082 0.009721 0.001029 0.000000 0.000164 
08:   0.098930 0.037082 0.005052 0.001039 0.000000 0.000162 
09:   0.058307 0.037082 0.004998 0.001082 0.000000 0.000162 
10:   0.026344 0.037083 0.005060 0.001083 0.000000 0.000165 
11:   0.067377 0.037082 0.005036 0.001042 0.000000 0.000162 
12:   0.111682 0.037083 0.004975 0.001056 0.000000 0.000163 
13:   0.038273 0.037082 0.004941 0.001058 0.000000 0.000162 
14:   0.053000 0.037083 0.004969 0.001045 0.000000 0.000163 
15:   0.019412 0.037081 0.004989 0.001048 0.000000 0.000164 
iteration  7
00:   0.000393 0.037043 0.009762 0.001335 0.000000 0.000162 
01:   0.065464 0.037043 0.009765 0.001345 0.000000 0.000163 
02:   0.000349 0.037043 0.009751 0.001340 0.000000 0.000162 
03:   0.000361 0.037043 0.009704 0.001326 0.000000 0.000162 
04:   0.000371 0.037043 0.009684 0.001367 0.000000 0.000162 
05:   0.073696 0.037043 0.009747 0.001328 0.000000 0.000162 
06:   0.045308 0.037043 0.009722 0.001336 0.000000 0.000162 
07:   0.234671 0.037043 0.009741 0.001327 0.000000 0.000162 
08:   0.069801 0.037043 0.005014 0.001319 0.000000 0.000162 
09:   0.000483 0.037043 0.004998 0.001321 0.000000 0.000162 
10:   0.385354 0.037044 0.005048 0.001339 0.000000 0.000162 
11:   0.039478 0.037043 0.005029 0.001317 0.000000 0.000162 
12:   0.141294 0.037043 0.004942 0.001306 0.000000 0.000162 
13:   0.000494 0.037043 0.004913 0.001329 0.000000 0.000162 
14:   0.000500 0.037043 0.004955 0.001325 0.000000 0.000163 
15:   0.212342 0.037043 0.005009 0.001316 0.000000 0.000164 
iteration  8
00:   0.000606 0.037626 0.009796 0.001516 0.000000 0.000162 
01:   0.385556 0.037612 0.009785 0.001519 0.000000 0.000162 
02:   0.000545 0.037609 0.009788 0.001491 0.000000 0.000162 
03:   0.000568 0.037613 0.009701 0.001471 0.000000 0.000162 
04:   0.000627 0.037602 0.009777 0.001481 0.000000 0.000162 
05:   0.000630 0.037588 0.009765 0.001473 0.000000 0.000162 
06:   0.000596 0.037550 0.009776 0.001477 0.000000 0.000162 
07:   0.000767 0.037547 0.009773 0.001481 0.000000 0.000162 
08:   0.000783 0.037574 0.004997 0.001497 0.000000 0.000162 
09:   0.000779 0.037567 0.004972 0.001534 0.000000 0.000162 
10:   0.000762 0.037553 0.004929 0.001495 0.000000 0.000162 
11:   0.000794 0.037553 0.004989 0.001479 0.000000 0.000162 
12:   0.000791 0.037643 0.004934 0.001520 0.000000 0.000162 
13:   0.000730 0.037638 0.004893 0.001506 0.000000 0.000162 
14:   0.000801 0.037602 0.004946 0.001494 0.000000 0.000163 
15:   1.160117 0.037647 0.004956 0.001491 0.000000 0.000163 
iteration  9
00:   0.000623 0.038051 0.009831 0.000484 0.000000 0.000184 
01:   0.000652 0.037990 0.009818 0.000488 0.000000 0.000184 
02:   0.000483 0.037989 0.009815 0.000484 0.000000 0.000184 
03:   0.000653 0.038019 0.009819 0.000483 0.000000 0.000184 
04:   0.000622 0.038005 0.009818 0.000488 0.000000 0.000184 
05:   0.000660 0.037923 0.009790 0.000484 0.000000 0.000184 
06:   0.000573 0.037955 0.009741 0.000470 0.000000 0.000184 
07:   0.000802 0.037955 0.009787 0.000484 0.000000 0.000185 
08:   0.000787 0.038027 0.004959 0.000544 0.000000 0.000162 
09:   0.000745 0.037971 0.005006 0.000540 0.000000 0.000162 
10:   0.000815 0.037971 0.005011 0.000543 0.000000 0.000162 
11:   0.000831 0.037970 0.005007 0.000535 0.000000 0.000162 
12:   0.000807 0.038074 0.004957 0.000534 0.000000 0.000162 
13:   0.000807 0.038037 0.004954 0.000541 0.000000 0.000162 
14:   0.000830 0.038035 0.004901 0.000541 0.000000 0.000163 
15:   3.042103 0.038078 0.004930 0.000544 0.000000 0.000163 
/nethome/kalgin/z/mst/run.rand.sh: line 47: 172181 Killed                  ./turbobust_stub.out $i 16
/nethome/kalgin/z/mst/run.rand.sh: line 47: 172199 Segmentation fault      (core dumped) ./turbobust_stub.out $i 16
/nethome/kalgin/z/mst/run.rand.sh: line 62: kill: (172199) - No such process
ls: cannot access /tmp/data.bin: No such file or directory
ls: cannot access /tmp/data.bin: No such file or directory
